deal	5.046129519102887	5.008138444844153	5.11324119476784
study	5.2784603288658225	4.906452852397925	5.256507228367264
afford	5.184111529446289	4.946151974681342	5.228764138259186
service	5.1879835560146415	5.0203396492139385	5.300805538585044
height	5.0709702782242	4.867948502643293	5.042315934037752
prospect	5.159861644725321	4.989683011688778	5.171554187584837
pleasant	5.235419685124392	4.842981958721809	4.978894030738287
shade	5.127172440270432	4.84381958301607	4.9478864441755075
listen	5.019415245914274	5.063083646162537	5.036423084548225
mighty	5.004912345463242	5.032316753845387	5.081191645974325
country	5.129632992147571	5.017082447690727	5.281710639114248
title	5.229451729015576	4.97095948930061	5.355706426211875
choose	5.144859954794879	4.956645466683265	5.2187512451255795
village	5.150834352773455	4.911954992975198	5.082989364771775
acquire	5.22501247967791	4.97112549886933	5.311094660659468
rank	5.138202220047728	5.059710878974579	5.2845207086408434
bow	5.048623708918433	4.961494507270333	4.98407133954922
doctor	5.003437430463881	4.984198979073898	5.007391711266289
talent	5.250986974314465	5.017283315468132	5.333559695679709
source	5.178219897712348	4.969728974583441	5.260841946914661
lead	5.058028535821426	5.030158707879227	5.157653322917011
question	5.060705999859161	5.041630734358405	5.2712988292598295
publish	5.242014081424033	4.941152114112853	5.346375981822454
interest	5.155401527336784	5.034559797093877	5.304554376156159
serve	5.057949832383132	4.9719521142775065	5.1049038818785695
divine	5.134480688799302	5.013796168094821	5.254656031719222
put	4.956396816504388	4.934310197343529	4.95331145647494
shadow	5.044511354680988	4.918773974822461	4.986562952914735
practical	5.185618637188172	4.975884365724944	5.336632265926346
surface	5.063154811649204	4.803005803337361	4.954021777444311
account	5.103007802138134	4.984957560474456	5.208625553874569
loss	4.951040621253117	5.089865835387782	5.139245945530335
indian	4.982700236587037	5.0398325864006415	5.129091816617033
vine	5.134562471811627	4.790323500338817	5.009173576516662
certain	5.0528560739200294	5.026652505201237	5.2158737255527665
sin	4.8680193719144595	5.124772323104394	5.095709425696843
necessity	5.013124553796969	5.077154071663615	5.2666326872439155
lose	4.984000900341862	5.055910624942942	5.063507105063953
private	5.108548426143818	5.057726167140687	5.295477847213939
gentleman	5.150224436644384	4.96207922971575	5.127797697902008
daughter	5.045987362912795	5.051264052541388	5.081913070050813
drive	4.844421039606962	5.095683504858698	4.965661856728656
strange	4.961407611660751	5.044087331230637	4.968245916297066
journey	5.1436070717869296	4.93887390740771	5.059371212688553
uncle	5.108368041617146	4.938865453652877	5.018821920324139
species	5.059658816779381	4.939597100094551	5.143341381848843
think	5.031690663516939	5.02848656030527	5.073994515914294
bed	4.988165300219774	4.841315650276623	4.814357135840127
wind	4.9367418924394215	4.953413946782851	4.882979837185549
bless	5.081018950748706	4.968589393548935	5.018747630687829
destroy	4.889266246450366	5.10102980218449	5.122873825361458
author	5.219303574954847	4.9871824323218465	5.301270922165913
sustain	5.047978077337199	5.052361393418105	5.261529777363141
black	4.954812340568337	4.86997366334023	4.8483682627916975
event	5.087395792072868	5.084316489125895	5.2776936632125
liberty	5.083270996676384	5.113919835801477	5.3296670609560195
negro	4.947376309583221	4.971278800907053	4.986577717618969
little	5.103318766162655	4.90197845681309	5.00629149628788
fortune	5.090235749206297	5.074586766645098	5.178257839824038
touch	5.0450529965379	4.973320698934379	5.014552371724851
kill	4.781256737566057	5.097422460416146	4.911256663388259
feature	5.104999715133158	4.9428856024544	5.091549016812642
happiness	5.126566252229593	5.069468803006222	5.23538219015173
assume	5.080798260804872	5.0270889396170295	5.215138722459809
notion	5.077250137005832	4.988594825205416	5.158321199725503
purchase	5.172385995433188	4.887781043893603	5.169014275277045
faithful	5.13523489744823	5.063310728645129	5.244200154190151
soldier	4.923316447703435	5.162720403859603	5.103971017310476
father	4.988973754981975	5.063519639346743	5.068177738181464
narrow	5.006881792160195	4.901432830919147	5.004216726339779
great	5.121568039454941	5.009152252655717	5.246822338689283
tear	4.903758120604013	5.008962413737591	4.88305972317275
honorable	5.14195311837609	5.114516731064314	5.372000586663916
previous	5.102389149215596	4.972719459581132	5.208029779189041
good	5.097614297426045	4.999611498308311	5.1311276415436415
domestic	5.157554387570575	4.961634821069342	5.200112597986867
glory	5.164428912945187	5.012395064931832	5.1924877687880455
lay	4.992703862883473	4.912075529314431	4.960924977403382
occasion	5.077634053185148	5.056737451325361	5.216246818565934
guard	4.912501269071614	5.117999012818871	5.095631996173569
whole	5.071850714944555	4.960087301045621	5.153067293190807
mouth	4.971347490464237	4.882102234491326	4.84925177074045
receive	5.147082834879119	4.986331079141286	5.232551035743241
take	5.01135983351678	4.984770190269107	5.066667416273731
simple	5.170098473987519	4.901770847691534	5.1517479822822585
error	4.984893482929933	5.094681480209856	5.263123166521295
wisdom	5.108566387593969	5.078162341893736	5.281779945028849
rock	4.9642440401926775	4.897747573382347	4.899157197386924
decide	5.070271142946895	5.0721525636841065	5.30693664484957
exclaim	4.908244445890309	5.060463467704567	4.90352391992135
assure	5.072793399803071	5.067345649255271	5.16951154933952
sign	5.040825520815268	4.982325083518939	5.122545730951327
preserve	5.128783593388705	4.937274035761266	5.174805554385468
commerce	5.145695963531699	4.97459194347517	5.2841910678276225
plant	5.112436412603169	4.806262300088578	5.006177277197064
walk	5.123276934167368	4.865143437747554	4.920799278040116
difference	5.091012155021611	4.955617612268319	5.212128398428518
hang	4.945638680813271	4.895493702024295	4.8286965564341795
following	5.243159811810437	4.876335710859703	5.242329550114664
employ	5.136068107169254	4.927710046613223	5.206767102196937
