deal	5.046070358249339	5.003657152616059	5.103477583495504
study	5.279855154924761	4.906974818054539	5.247447232437704
afford	5.1843824213279115	4.94168417854584	5.216817239067493
service	5.194607383361161	5.010055081032988	5.293894849249491
height	5.06935707436642	4.876006786846878	5.0346608063303675
prospect	5.158443116553102	4.99054968066067	5.16105956860174
pleasant	5.240909408309381	4.84409673178972	4.974035025465102
shade	5.133563436831645	4.848783697234525	4.945038200047244
listen	5.028118616883782	5.068160427041492	5.036306869110283
mighty	5.000468773149903	5.035366767993739	5.073215728664631
country	5.119645269672152	5.013020784657553	5.2661813364069925
title	5.224694006271935	4.963909490075165	5.343508014443255
choose	5.147513948599113	4.94677260616507	5.20763699667137
village	5.154611196424504	4.903976718348112	5.0750243292986115
acquire	5.219059792327112	4.970915405440495	5.298345858241971
rank	5.139863052831576	5.055019218194081	5.275588829763988
bow	5.057781975320264	4.964294163034531	4.9834682971957776
doctor	5.014967112182288	4.980491069066948	5.006226355072917
talent	5.252462349889703	5.016321901433365	5.325283233206621
source	5.168368122663159	4.972938498639053	5.247385649740636
lead	5.056925347314886	5.030027153561027	5.147471562647879
question	5.0569061648143006	5.037706358563203	5.259304729692694
publish	5.240277696816067	4.936920084836977	5.3372166625481405
interest	5.151581642442159	5.034727730721285	5.292844309712917
serve	5.061091036513624	4.964771004714621	5.095767199101456
divine	5.129819114824413	5.0167651603919765	5.245088586826995
put	4.963276196828761	4.927322431183936	4.946351924882201
shadow	5.04598229735223	4.925150176561227	4.980400944704456
practical	5.177806369395636	4.9758399887311775	5.322511649611193
surface	5.0624947366728685	4.8084935855186535	4.94619976257993
account	5.101544430165719	4.979529007478887	5.196750464533879
loss	4.953193865705898	5.088393638253873	5.132169034460585
indian	4.980530560087972	5.030681820621024	5.119480658366244
vine	5.139944023116894	4.78789149349215	5.000355178655829
certain	5.047797008676928	5.023911477946004	5.202503678105957
sin	4.866057428460603	5.12574831400859	5.087693735872579
necessity	5.008634315288682	5.073535338360126	5.254429868588031
lose	4.984608230003963	5.057695432531444	5.054886313608215
private	5.109774598101188	5.052085868374977	5.285470072061963
gentleman	5.161268494214309	4.952130600947614	5.12248695241821
daughter	5.058037074419356	5.0475871594910755	5.079163088730139
drive	4.845512027805459	5.09315410795134	4.957722139130901
strange	4.965033131588571	5.048349657252439	4.9627586088094136
journey	5.1467877343205455	4.938818127608592	5.054147383916781
uncle	5.117706659948105	4.933234125168674	5.013399528266399
species	5.052590806743205	4.939082024306834	5.129393523619082
think	5.035750408055042	5.026803368501282	5.066053249208049
bed	5.003538230476714	4.838836866369518	4.814998310113778
wind	4.9405956323268025	4.9595770987346635	4.879341085280637
bless	5.085239746909198	4.965222615704798	5.011593477828731
destroy	4.885301382751476	5.096983788299378	5.111057753189443
author	5.2167847926584185	4.986993322907342	5.291658889661578
sustain	5.045063129312406	5.0531128277349975	5.252075502981232
black	4.960933995357011	4.868319108791289	4.8459714180954165
event	5.084338575050701	5.085379169147803	5.268095048686183
liberty	5.076226685604725	5.110352030438071	5.317433622978268
negro	4.951940279149531	4.9612097159593755	4.979966380219484
little	5.109859266731428	4.899761114581846	5.000798428066265
fortune	5.092809179556058	5.072378389402972	5.1691219579914165
touch	5.0513967309920735	4.978056505629778	5.0115652245845705
kill	4.790110433443475	5.0854850375341165	4.905189979140158
feature	5.107460131466944	4.951844500502703	5.08743207526668
happiness	5.12555817406251	5.070231623655681	5.224336599492916
assume	5.080649006355874	5.027463543952102	5.206748748295767
notion	5.071220072502017	4.984324249969594	5.14292436773237
purchase	5.171875149417828	4.876202365695765	5.15501623186269
faithful	5.141287892497866	5.061524290538449	5.239988838818974
soldier	4.931539214387738	5.156863667165382	5.10106015368451
father	4.99759550815856	5.057972639665415	5.064500025856637
narrow	5.004677013084813	4.905383231147131	4.995661160054102
great	5.116085774633054	5.007936377030701	5.235180178355169
tear	4.912749546179087	5.0136450315934775	4.8834489432359
honorable	5.144731949045054	5.107337846136288	5.363445433340644
previous	5.105060525900071	4.969271705548225	5.199746943813684
good	5.100136599587598	4.991677290071465	5.120638188408876
domestic	5.156239119363507	4.9576893326147395	5.188171967975354
glory	5.158009258853865	5.016800173954	5.182586978830669
lay	4.998526804771529	4.910860324999693	4.955252324399436
occasion	5.081138650005831	5.052536294456953	5.208979061531112
guard	4.920530816966016	5.113211183018035	5.089984915593229
whole	5.068414856044298	4.958613864459816	5.141759377870849
mouth	4.978262800193536	4.885642575373408	4.849524556318178
receive	5.150310734131656	4.979240209240111	5.22327397893454
take	5.017389605240532	4.97756659443132	5.059199768575474
simple	5.169257652606954	4.9033614010819955	5.142234690472975
error	4.977751712645313	5.097059152927616	5.25086820579654
wisdom	5.10347910285123	5.080820239737541	5.271399383543615
rock	4.96785616998642	4.901624640229295	4.895670298781619
decide	5.069694840053346	5.068522901707813	5.296514943040045
exclaim	4.9210913316668385	5.060288870543053	4.903676139242924
assure	5.076571961340384	5.062834088359243	5.1610947150626005
sign	5.0425158760748605	4.980596203181741	5.115012979681362
preserve	5.127605355270835	4.934092559024752	5.164484126246875
commerce	5.132606455334587	4.9717901421468635	5.2657521976987995
plant	5.116714249613651	4.802715140009615	4.997477542273168
walk	5.134342537713252	4.865882108865386	4.919253481368199
difference	5.0844699585915345	4.951076235502881	5.196227071807555
hang	4.9578794864946385	4.896255812921441	4.827152309511976
following	5.244933731643248	4.87167371319974	5.233217156107115
employ	5.134389431218771	4.924762449055151	5.195321664965865
