deal	5.0497591587190716	5.020340173758692	5.115752628732493
study	5.287349530407022	4.919163584769686	5.261410510503665
afford	5.190807724362602	4.952572084878127	5.228954093460768
service	5.186800111490388	5.024929351991151	5.296078667313335
height	5.0825999780971385	4.874665840082219	5.048238859648724
prospect	5.165722256712584	5.00016272878373	5.173176949955594
pleasant	5.249527291341403	4.8551903639239065	4.987113552493249
shade	5.142980637190509	4.854085456864942	4.959533956973343
listen	5.024122975691037	5.085074193042083	5.0430608953399725
mighty	5.008286566877498	5.045868456975027	5.086715934029143
country	5.12312569216003	5.025923120114287	5.279581017450175
title	5.222862147011928	4.9795553666723595	5.358551017056728
choose	5.145760178202994	4.959913497792697	5.214731538685009
village	5.1579795872950385	4.916318877905395	5.0830265666166055
acquire	5.223410839592002	4.981342519006546	5.312130610741534
rank	5.130186717311601	5.068786717992746	5.281825383083435
bow	5.0547713266515	4.973443939036712	4.990354472054504
doctor	5.013358611081689	4.997409125254772	5.0124677339446455
talent	5.249365017298615	5.031518396973451	5.335436108128414
source	5.179926771029172	4.983176897754844	5.264334182597711
lead	5.057016950009611	5.04028150490611	5.15634956840824
question	5.059486795853016	5.054723307016216	5.273470804746241
publish	5.243728257350442	4.9533469386337465	5.351691417141166
interest	5.1533540029303415	5.0472548245917075	5.303666489636805
serve	5.060450769284685	4.975849031651756	5.10375912589652
divine	5.136229362760655	5.029234983551162	5.258462660464026
put	4.967041220654767	4.937515696160694	4.955194130574606
shadow	5.058508268534255	4.930799947036077	4.9971796851561985
practical	5.187112318190685	4.987603840143045	5.33862944339881
surface	5.083065968637057	4.80908468323647	4.965697960388175
account	5.106311420952082	4.994215017459216	5.20925359324917
loss	4.9518545866211765	5.1000207068322885	5.136138769748572
indian	4.976620682990518	5.045123314936069	5.127378708257922
vine	5.153740054687297	4.789857712228207	5.014713824355601
certain	5.05238551689073	5.036459329695744	5.216023620663373
sin	4.866939910287475	5.138218643993562	5.094540181007482
necessity	5.010800605989977	5.0846098046149155	5.263562087547989
lose	4.988114307244496	5.067909452954589	5.064353302017913
private	5.104489738534408	5.066377960895461	5.29122654472187
gentleman	5.153129727844845	4.970575520079804	5.128743330390034
daughter	5.043534162723411	5.061444245207529	5.080123997812446
drive	4.8450509694062625	5.103314985892441	4.963719875878497
strange	4.967637711388911	5.062603029886418	4.97625694114226
journey	5.152632186964558	4.949032281759588	5.061984825264781
uncle	5.115046783177143	4.948281000232854	5.020168244694857
species	5.064096979968963	4.9465046974394955	5.143931069250913
think	5.036841057201153	5.042906999923336	5.077118981134986
bed	5.012867610062036	4.845565089784013	4.823181188065879
wind	4.951692221998611	4.963512947548691	4.890875190111544
bless	5.087390672753999	4.9782205428241815	5.020177092501931
destroy	4.886028253233529	5.106125349099181	5.119061378341554
author	5.219243178280185	5.0037824015651395	5.306788500111983
sustain	5.047059221863119	5.06191932854002	5.260343469607121
black	4.967520900174289	4.875257643731623	4.857351041795217
event	5.084876275883173	5.09912158147163	5.27900599106469
liberty	5.070885188365557	5.124796804204311	5.326142450926493
negro	4.952512212379669	4.974221837360266	4.985305220268616
little	5.114630127377077	4.911543266640353	5.0123803459851475
fortune	5.087270405949487	5.084963964006985	5.17592935540993
touch	5.051981930317315	4.989574150011851	5.022750928957981
kill	4.7799091000010865	5.101087315427571	4.9055511987524465
feature	5.111866642697685	4.960074350512525	5.103064619358233
happiness	5.124955764713738	5.081522670815389	5.233922023975326
assume	5.080875897851956	5.039648978680523	5.218037588181415
notion	5.079498559288601	5.001124337063704	5.162683784223505
purchase	5.178808564941871	4.886499678866366	5.165531454636296
faithful	5.131266871875107	5.077327607597084	5.243821741536987
soldier	4.915092620334281	5.1709359366095375	5.09804178858715
father	4.987525893470864	5.074583447701493	5.068237933820781
narrow	5.018059416027779	4.907258629317863	5.010247799722004
great	5.120889811580836	5.021045284935535	5.248102814613804
tear	4.912583153701045	5.023018242853375	4.890367334961182
honorable	5.131143138484242	5.124542021225036	5.367828283716552
previous	5.108909980264956	4.980347937414317	5.209098152913237
good	5.099141658772183	5.008012712584879	5.130588954462303
domestic	5.159207712816543	4.9693168711420075	5.200168534312335
glory	5.1631751239743355	5.028502391463639	5.196881571890703
lay	5.006453598197808	4.917436179888304	4.967291967327259
occasion	5.077802337396246	5.068514054174911	5.215590148455758
guard	4.910104791404366	5.122492502081326	5.088583496866146
whole	5.077215894899036	4.968201326602804	5.155613654946673
mouth	4.98538371817071	4.8933107680806245	4.861210766893613
receive	5.147333620946964	4.993928515537976	5.230104980374535
take	5.017152354652546	4.99045194413614	5.066456352343442
simple	5.179095764233469	4.9136020630204325	5.158607860498373
error	4.981868407783331	5.1094016413555385	5.263798956139172
wisdom	5.104066059072476	5.093639919699787	5.282605805967006
rock	4.980279678383329	4.904517486166617	4.9084998221372516
decide	5.067638080462532	5.083568384144313	5.30641460623209
exclaim	4.91457908162749	5.076145785794356	4.908753852664017
assure	5.0719180852623955	5.08029836653416	5.169116570754116
sign	5.045257981635571	4.994961296736285	5.127161039050891
preserve	5.131419952342847	4.942310223683293	5.1765251236673135
commerce	5.142967827144414	4.9810713316415	5.2823857192663555
plant	5.1281321368953146	4.806728667627451	5.012011429064601
walk	5.140794626008043	4.8748639470531465	4.928058668454527
difference	5.091181081196752	4.9639170916087325	5.213183499161785
hang	4.963973759025653	4.902184939339525	4.837815305387014
following	5.252686756725553	4.883653519910658	5.2468122332525855
employ	5.142780104581353	4.934003779153955	5.207079904455794
