deal	5.047117675037275	5.006243648074354	5.101051708197725
study	5.274888713689542	4.907990486678175	5.242742364858843
afford	5.178343327169263	4.9472753666178875	5.212956293556353
service	5.181506783814753	5.022940149840474	5.278339365600944
height	5.071456077201653	4.876001731439894	5.035791714740545
prospect	5.158017608801199	4.993713670391432	5.157382463525912
pleasant	5.242930880528507	4.841263611659044	4.9734726308019805
shade	5.131296055247012	4.844490890329311	4.947695003738669
listen	5.028731169515769	5.064356573606016	5.026814529766812
mighty	5.009033247877363	5.029040563164529	5.07074455653843
country	5.1174247385121285	5.020038225448684	5.263026234471643
title	5.21609760664646	4.973095797366542	5.337088399916918
choose	5.143940262858976	4.956040428772946	5.197993258262325
village	5.152966756904144	4.910409575323595	5.070559937357927
acquire	5.213947044591227	4.97488452952965	5.294910385516604
rank	5.133357735211681	5.062219128123303	5.26842488958192
bow	5.058858603324115	4.962469947247165	4.978155003692915
doctor	5.00885881888667	4.981875262517172	4.9965666381295355
talent	5.243793971061425	5.022318851827379	5.320081208645331
source	5.167237272542971	4.9720699872473935	5.246292477976608
lead	5.058132527518114	5.030557145547257	5.14297429719597
question	5.053302989328669	5.044925418637348	5.253900073348872
publish	5.233469323711434	4.947471264399661	5.3296757265879675
interest	5.1473965409685265	5.041992432531932	5.28770307217795
serve	5.0569464814150935	4.966739118970959	5.088985673019083
divine	5.129123889740419	5.012100382542202	5.239210044741928
put	4.96236764473081	4.927832006182565	4.9420542969076395
shadow	5.050497468564121	4.919370370353379	4.98353641878367
practical	5.175504862273418	4.9796337221229425	5.321735822800743
surface	5.065968720046772	4.80540891167392	4.953742659879144
account	5.097594889220037	4.98725030313727	5.193355835632216
loss	4.9431374724181705	5.096605461510814	5.120538996693947
indian	4.975578710861343	5.037486429075107	5.113342929400165
vine	5.135366300979902	4.7918421080133236	5.002422842085331
certain	5.04589697108811	5.027011060068789	5.200902282691534
sin	4.8641866458830085	5.12080171835398	5.07831609624712
necessity	5.0009454786762255	5.080172770009847	5.247594646553615
lose	4.985538385419118	5.055846052957279	5.049384672971689
private	5.100651276258781	5.063222382575038	5.275161170289757
gentleman	5.154393435850166	4.961410076902003	5.115431169037585
daughter	5.046211429369194	5.052557017052983	5.065735255266398
drive	4.849299914115531	5.093306311889039	4.953608699987405
strange	4.969265070954504	5.0416417765184764	4.962355183510967
journey	5.146729030870713	4.940477183870912	5.044984327326506
uncle	5.114893767368676	4.93945343467833	5.0056098953044215
species	5.049436065563872	4.941879864723668	5.130900403041767
think	5.035873948552047	5.027315108074055	5.061138813167483
bed	5.000748160225911	4.835468723190171	4.809944356031585
wind	4.946674782522301	4.954615819683391	4.881321805884137
bless	5.086245175272826	4.962831530139038	5.003977683708268
destroy	4.881409395502568	5.097055738098039	5.105685521369842
author	5.2113449021866645	4.990214621109699	5.287262436588567
sustain	5.038947471229616	5.058489149538303	5.243709627421009
black	4.962316685406109	4.8662261358188195	4.847325864274014
event	5.080648089018077	5.092068428123814	5.261712087253829
liberty	5.070945582072016	5.117267620577885	5.30822365381744
negro	4.947280691084232	4.96547253985148	4.972787686415313
little	5.109761515369211	4.898626330678831	4.997805851268881
fortune	5.087325327614906	5.075907275675226	5.161060482230545
touch	5.051385193490387	4.974763771199581	5.008960956213618
kill	4.78695139274671	5.090794937893665	4.896031580715115
feature	5.10490757180016	4.950221310459018	5.089016277729169
happiness	5.119707040376469	5.071551024123827	5.218404464585188
assume	5.074504875420725	5.031702307598199	5.202217639802918
notion	5.076380216137196	4.984761180047358	5.149116191604095
purchase	5.162606650904581	4.884285832937965	5.145847877002923
faithful	5.134296475757329	5.065108609584386	5.2248357785730875
soldier	4.925935568318438	5.1629039964634105	5.086945723930055
father	4.989444420480347	5.0619526197098175	5.0511616154409325
narrow	5.009020367267232	4.9011146547571345	4.9976674852388
great	5.115799023883134	5.011342890235428	5.231857930554973
tear	4.910570001106928	5.00868066045368	4.8766612550647865
honorable	5.131655515840203	5.119310588334477	5.349999386581641
previous	5.096253860867885	4.978777921981424	5.191723534376707
good	5.097954076692254	4.994454514177703	5.115985108902912
domestic	5.147328367246551	4.962053139761012	5.184816956384454
glory	5.161224347657373	5.012177049389276	5.178305784720909
lay	4.998920504741418	4.907904050618733	4.95145290543685
occasion	5.073372625767104	5.060414731371149	5.201527632676081
guard	4.916517528134058	5.1179729883975575	5.078697314636434
whole	5.069401154985606	4.96031762446799	5.140039422146015
mouth	4.982191588783321	4.881677073103054	4.850207388848689
receive	5.1417601051517146	4.989839478522803	5.21298382011651
take	5.0133246640103035	4.982877421365694	5.051977269419459
simple	5.168530680674645	4.89926865463952	5.142367592575686
error	4.974196205311578	5.099760852544739	5.246998746356559
wisdom	5.102457822007646	5.077261359374329	5.265102039976537
rock	4.974356975533508	4.896804330530898	4.897349510132228
decide	5.063376742749363	5.078917740292321	5.289009060763386
exclaim	4.922308026890074	5.05958402706372	4.897521704399948
assure	5.074418592327748	5.068595006683701	5.153438527542378
sign	5.0437600063309755	4.982486731905026	5.110228124230854
preserve	5.12290839658152	4.935250695031478	5.161805733015451
commerce	5.130712721461689	4.978431852027027	5.266252101397616
plant	5.112719596797067	4.803520140040992	4.9993684213577865
walk	5.13572425541938	4.862920997697397	4.915234968926012
difference	5.08163298628021	4.958082440246841	5.199143291148698
hang	4.960079471067766	4.891859360633916	4.827728599264289
following	5.2408947604663885	4.880836661700029	5.227286381022602
employ	5.129464091916023	4.928708893909325	5.190810799526252
