deal	5.049952474800471	5.0243066117093855	5.111411294991552
study	5.288582734657682	4.919994105443829	5.252438270421984
afford	5.192396211495914	4.955458077834175	5.221219154045331
service	5.1909245171133795	5.031132755207642	5.2858746073160585
height	5.082022668273773	4.877282903040705	5.043928318778945
prospect	5.167363377333625	4.998963348778174	5.167641352019574
pleasant	5.249409382438065	4.848390926774983	4.980211217171176
shade	5.138563310282788	4.849591391008881	4.9519653875188485
listen	5.022456888615263	5.081911538274008	5.037301153300677
mighty	5.005756180444361	5.043609790380223	5.082166108798227
country	5.126127871006096	5.028066386152618	5.271811574807547
title	5.225730834253791	4.976981711330834	5.341449415309615
choose	5.148836972043125	4.9613484215519374	5.203030123584204
village	5.161095990812154	4.914738890982311	5.077005396013785
acquire	5.225958647957053	4.985311144924776	5.304374440095853
rank	5.138165645152387	5.072440134936404	5.2770209304266285
bow	5.052847188030858	4.9743023349459845	4.984124975888215
doctor	5.011430130863059	5.001239149436333	5.00591631803983
talent	5.255231040867765	5.0355307799057005	5.330926257131662
source	5.179652474484712	4.980576501579788	5.255009400207115
lead	5.061966000100425	5.04021275892035	5.15298365097005
question	5.0593899153457995	5.0566947850275605	5.261657274922773
publish	5.246610635543839	4.952900573136349	5.3361544891817925
interest	5.15554254336151	5.053560621932809	5.297836897787587
serve	5.063691627809726	4.978211760367859	5.095218860906922
divine	5.133425611250922	5.026433089959126	5.247851927962926
put	4.967110920106913	4.941687046892705	4.948256133024791
shadow	5.052007250668077	4.9267649378156495	4.989519753222516
practical	5.1884964435009	4.992427961466163	5.330819599543657
surface	5.076587670976717	4.809980596304065	4.958130150105757
account	5.1069670841609405	4.999166045627563	5.200689308086527
loss	4.949786585738514	5.110768416977539	5.131664244324732
indian	4.979065445715636	5.04657236772936	5.117719827013255
vine	5.148222888792745	4.7922245197709605	5.004147820298699
certain	5.0519912567897665	5.04074448391919	5.2085295494738935
sin	4.861955966401453	5.141901892870941	5.089907556113433
necessity	5.009666820040953	5.092976080942316	5.256672007582531
lose	4.985073178740246	5.070743600839639	5.059612087984521
private	5.110776400483427	5.072800718814031	5.285814947959605
gentleman	5.159752222996614	4.972765216631105	5.122317311490288
daughter	5.045082504512264	5.061830882380574	5.072620082073751
drive	4.845285529707084	5.107515815878555	4.964153074422969
strange	4.963213868484016	5.060244281984798	4.971213122747365
journey	5.1554659635438975	4.945009487889201	5.054767608401759
uncle	5.116695060399218	4.9483056459973005	5.012059940419373
species	5.059726781146319	4.952523477037431	5.136561883791555
think	5.033708867845488	5.044438292591962	5.069729686247871
bed	5.0056922895091365	4.845701366716223	4.815430090656043
wind	4.944581918442247	4.963555281128681	4.887601502784492
bless	5.08284888575545	4.9734485889655	5.0104531739043106
destroy	4.882536270598112	5.112515361664086	5.113366119126741
author	5.220484703117284	5.002300281885469	5.29509258729364
sustain	5.047136091079037	5.0703616091995505	5.254262210822335
black	4.963498023498206	4.878564559451482	4.850648132349893
event	5.087354125185357	5.101775420087328	5.2717236586397975
liberty	5.072719229151709	5.127129935101568	5.316644948049439
negro	4.952439596864356	4.982018317051925	4.9823901326590105
little	5.1150449029425245	4.911899266598833	5.005591584289983
fortune	5.091175926837063	5.087842118428662	5.17210819768573
touch	5.049461272982884	4.987623979084587	5.0147436246428825
kill	4.7792906719621	5.106337212954115	4.901577253692595
feature	5.109948649884224	4.961262740175633	5.0955808240226075
happiness	5.123946900517255	5.08340264304826	5.227490309475408
assume	5.080845568577312	5.045503325770299	5.21051235227986
notion	5.07598600942108	5.0050262230737985	5.156223199903918
purchase	5.177968822527893	4.8888374131750005	5.152747129075201
faithful	5.135053155672107	5.076806224173326	5.233835244891527
soldier	4.9215952154904885	5.175268814357482	5.096184800632344
father	4.987601844095229	5.073043659158994	5.059071241345932
narrow	5.017388847071998	4.907940619258262	5.006950688383652
great	5.124436222316091	5.022880409992302	5.241840306296894
tear	4.906680008549788	5.0224855290490975	4.883831208752183
honorable	5.138269163276502	5.1293907434862085	5.359355803572311
previous	5.110058285225201	4.985493119218456	5.199446726357192
good	5.101603121403207	5.009098566383816	5.123607229634236
domestic	5.159119430866752	4.973502598806803	5.191846494784369
glory	5.162992252804912	5.021774118988809	5.188173819536079
lay	5.002264826774194	4.917584673743796	4.957400490546431
occasion	5.081194489692943	5.073859704934839	5.21056668108257
guard	4.912372788657359	5.127211635096552	5.085120681634622
whole	5.078225042422467	4.971137624452512	5.148287040903343
mouth	4.983770603789881	4.891576459162576	4.854772300354058
receive	5.151127875534168	4.997673476429218	5.219997312970847
take	5.018268904814604	4.99356763327485	5.058424083964196
simple	5.176567057191167	4.914154113918949	5.149285128265732
error	4.980092437084178	5.114705119723368	5.2570733260085785
wisdom	5.10604595596258	5.093568209245301	5.275982171175521
rock	4.974703818729651	4.901986479223133	4.902853945408367
decide	5.069813977380312	5.087913595609078	5.297219038472265
exclaim	4.913265244371773	5.076459381559165	4.905762501646993
assure	5.072763430995967	5.081669557804849	5.161504784920464
sign	5.045498583769381	4.993342116491195	5.116256782227424
preserve	5.132338110692349	4.944595136910339	5.1658230015581825
commerce	5.1423786765963815	4.983202966428165	5.271696577945374
plant	5.124365671191358	4.807213712100264	5.001829694739833
walk	5.140047152712653	4.871689773867843	4.923879619643334
difference	5.092342685202856	4.968332918228615	5.20545929556786
hang	4.95688367760588	4.9034170045863466	4.831569581296062
following	5.254482446202101	4.882515854126821	5.230748598375743
employ	5.143424318693324	4.941046007191697	5.199695699107347
