deal	5.052372490312674	5.003647492885639	5.112899928291598
study	5.282738045342169	4.901161727232018	5.247247676702076
afford	5.184327372624726	4.937425229357455	5.220554276907851
service	5.182987656221256	5.009980522237677	5.286750324315823
height	5.078564274305793	4.866103348756048	5.044796502852532
prospect	5.161352367235887	4.985760529283559	5.168977632594739
pleasant	5.243096195245094	4.834811835924612	4.982626961662436
shade	5.139623896487147	4.83643015722605	4.954703177997406
listen	5.028767820605017	5.0604874234698345	5.038893612493079
mighty	5.014436433895425	5.024273875203712	5.085991611992752
country	5.124944750060121	5.009900668159676	5.272424394052316
title	5.224021897964174	4.95891815949436	5.339314401121307
choose	5.14331106245676	4.946219904290221	5.206594766218777
village	5.148218133766071	4.9035190367036945	5.080260477691823
acquire	5.222289957436593	4.9647685458314434	5.3000182536557165
rank	5.137365275567661	5.050308991785864	5.274017243853277
bow	5.058927838315569	4.9549694829271616	4.988130891520685
doctor	5.01213050865865	4.983366083705266	5.009409282011682
talent	5.2512960558687505	5.010624637022094	5.322935878860319
source	5.17723502103835	4.964968330751659	5.253242728458356
lead	5.061289507333848	5.023455095344629	5.153209252363062
question	5.060428210555745	5.039287621698378	5.2614340079604
publish	5.2357374013655	4.936986615607114	5.333220221163657
interest	5.154469630393605	5.032333022910306	5.2943579362732525
serve	5.063433930866061	4.958710987504258	5.100181375711235
divine	5.1426887834040045	5.006892222152308	5.24760959948703
put	4.965785710594981	4.926300157974379	4.956514512690534
shadow	5.058064634597774	4.914540178140005	4.9929383158780825
practical	5.185240773598189	4.972343156129595	5.324968296358344
surface	5.073739754315246	4.801257890289256	4.962750704438117
account	5.1013923882226555	4.981836249341891	5.20188987447843
loss	4.95238590538574	5.089181853161474	5.135543522496689
indian	4.97334836506623	5.031246536495645	5.123509647848555
vine	5.141667870450022	4.783847419977458	5.010904450376133
certain	5.0536773765125425	5.021112123573542	5.208429521771879
sin	4.881398540094857	5.120632662337583	5.095669093869888
necessity	5.010893305005623	5.0725365041858765	5.2563894929833035
lose	4.992432463462267	5.050516671069483	5.064169957699332
private	5.105820627057327	5.051134123448932	5.281580685918842
gentleman	5.151267064851233	4.954965079776324	5.121273533949606
daughter	5.054807564604232	5.04398014694183	5.078725930861187
drive	4.849114872278637	5.0909811440668165	4.9712191875047855
strange	4.975485367320292	5.040152186893346	4.975671327063514
journey	5.140195351034668	4.93467713497809	5.058055766580063
uncle	5.114238168512127	4.9360967981307535	5.019351004706921
species	5.05802461196601	4.935004305107493	5.138308516582371
think	5.0421262017401345	5.023876758590206	5.074759111160916
bed	5.003840380540082	4.835509005554893	4.82500296492915
wind	4.945811717964716	4.952226985599863	4.8945148046005205
bless	5.0934035998962255	4.958659348483882	5.020357300221053
destroy	4.893400177270626	5.0906143080731345	5.120688683460988
author	5.2203266165237645	4.981643398081401	5.291303201543157
sustain	5.050203767337119	5.0488317744642135	5.254316761675267
black	4.9651401285455545	4.865094271826055	4.858946116899492
event	5.085918480230337	5.083948225097186	5.270931470099748
liberty	5.080255572209023	5.105564367512856	5.317846581610335
negro	4.947422794189686	4.966988442192032	4.9883034478695265
little	5.113312402214776	4.895075907176165	5.008971543054234
fortune	5.094059645692408	5.066729776391385	5.1732780792012445
touch	5.057339822454541	4.968630562454611	5.0179589041685215
kill	4.785515640854704	5.090411611764103	4.916142908428272
feature	5.1157546590077825	4.94253254622561	5.093758665885284
happiness	5.132995399632012	5.062485260287334	5.228794726187112
assume	5.082326047277809	5.0233747343102255	5.207934617376902
notion	5.084422320482983	4.983964801873932	5.15587896484239
purchase	5.167912863972326	4.876352622080616	5.158417061970393
faithful	5.138450668812197	5.055474749380647	5.234934932203204
soldier	4.922761617143103	5.152313567207752	5.100056418975131
father	4.997569530148667	5.05597777413976	5.0670596702642205
narrow	5.015333432157443	4.896208539183943	5.008125574826075
great	5.121752703633665	5.003731695285528	5.240489893594039
tear	4.9195403724340805	5.00651230565933	4.893984133122593
honorable	5.138301393677845	5.105605029443571	5.356703270481211
previous	5.0986538757160735	4.971676373398987	5.199474029029398
good	5.103395512773564	4.989626512495507	5.127291090137132
domestic	5.159042457088129	4.952534144201479	5.192290424346002
glory	5.169904593825034	5.00254421024101	5.1896825073943855
lay	5.004308162940774	4.902950274699719	4.965415104907997
occasion	5.075089047399441	5.053091820413095	5.208457435393362
guard	4.914144403614389	5.109043215063683	5.090400769182708
whole	5.07573582972541	4.953910079804629	5.150101697677119
mouth	4.97830263465782	4.880724615421023	4.860676577042171
receive	5.1425903168769445	4.980290079118593	5.22148354668502
take	5.014698687530355	4.978934310537872	5.064401037944318
simple	5.180102685173569	4.8927288927462085	5.147107635269321
error	4.989501269069799	5.094624782841182	5.255605910010723
wisdom	5.113741405155827	5.069828242956104	5.272710515520234
rock	4.973875765029645	4.892979067633491	4.9104437247040345
decide	5.068353861985167	5.070406771951958	5.295146535054317
exclaim	4.921390694025508	5.058563413656252	4.9131308939322835
assure	5.07411127689133	5.0617364089075	5.164236608902737
sign	5.044668474519034	4.978051297876897	5.1181776639129595
preserve	5.132386358149572	4.925929430112022	5.1694545181025084
commerce	5.1354396718641855	4.9691145102125	5.273354658091599
plant	5.120800333180559	4.796518636128768	5.008435360023879
walk	5.133982407672059	4.858908266929726	4.926102661775536
difference	5.093508559713922	4.952190781737687	5.2051145609786
hang	4.964245130531902	4.888479974707932	4.840189054417375
following	5.238476593203555	4.871996478272787	5.23051153215004
employ	5.134238119829701	4.921680120604182	5.198377551211904
