deal	5.053079707568915	5.003103237114265	5.110169116239274
study	5.282349280242596	4.905026340205142	5.247621446471297
afford	5.190292617386472	4.940400721901991	5.221627439404144
service	5.1932660886792466	5.0089668796042535	5.286720070216456
height	5.077030341730111	4.870508776251605	5.043681476818609
prospect	5.1705702090923795	4.982237456737984	5.169446836478853
pleasant	5.245905713950225	4.832311012482377	4.978771022062208
shade	5.137703777376317	4.840715752581258	4.955276890815112
listen	5.029442468999724	5.0597077901080745	5.036807645813967
mighty	5.014385195879384	5.027689282188866	5.0854435550424135
country	5.1295225636735395	5.010945598784739	5.273335092824859
title	5.224886805888656	4.965042379412529	5.341049502751674
choose	5.1509409217976945	4.942758542007566	5.203980280045491
village	5.155695389355836	4.9008514228894935	5.073903227415759
acquire	5.223930511879088	4.969965051107911	5.303367735355915
rank	5.140313340166031	5.053973857169741	5.274708953831086
bow	5.058421648952644	4.956401549190268	4.986596811854906
doctor	5.011667167290562	4.98061135263399	5.004368954387717
talent	5.252226717783134	5.015966526290932	5.324512152262795
source	5.179725438870843	4.968335380097162	5.257136028038703
lead	5.064702665444707	5.023412750883242	5.153817555969303
question	5.061795412774106	5.03862783756307	5.26314848674138
publish	5.239217337664765	4.938749065654584	5.328661790863983
interest	5.159759732475226	5.030733246260146	5.296832524175911
serve	5.0648779350827535	4.960476737776385	5.097399965807901
divine	5.1410900714354355	5.011231256453671	5.252880201523186
put	4.966682482816196	4.925469324993437	4.951434523400057
shadow	5.056824270671098	4.916750337951967	4.994476645639557
practical	5.185921792753119	4.976688678630501	5.328502259594526
surface	5.071064709821004	4.805080275611734	4.961539812434953
account	5.105500292684854	4.980966915646711	5.198240596222592
loss	4.957385259520788	5.087197737405883	5.133064124628497
indian	4.979126725717478	5.032204732400577	5.119402197185063
vine	5.1418648207461315	4.786826381325001	5.008026643097099
certain	5.054655548375549	5.023158209154449	5.2103270624429046
sin	4.8782987249339556	5.121142236719059	5.097229986532073
necessity	5.0153361539692956	5.073136641360523	5.26046000097345
lose	4.994462815674482	5.050655107461288	5.063672511983621
private	5.114549012643744	5.048783219629062	5.284003395151604
gentleman	5.155682419615638	4.952126223595845	5.1163876564557205
daughter	5.05381274846249	5.04151455998199	5.076533166397243
drive	4.8547100289111205	5.087482506339501	4.967843360770271
strange	4.970594956921881	5.04151661359057	4.9732578235813625
journey	5.151338451749831	4.930588040509672	5.051615061825241
uncle	5.118077364748246	4.92754172523033	5.012712110839361
species	5.0588406419281045	4.940256665455927	5.138714857379432
think	5.0411958938811745	5.021323457954589	5.071785193838382
bed	5.005230249048607	4.832532108256041	4.819951645917345
wind	4.947741535148497	4.9514490774162185	4.892316468540021
bless	5.094435557964951	4.956091145485403	5.019203087559529
destroy	4.894180103316366	5.095379409594463	5.121044407625645
author	5.217236714370884	4.986882839299786	5.289631081526239
sustain	5.052940566692116	5.050428208041632	5.256360174225534
black	4.96175369539959	4.868093614669247	4.852896983067892
event	5.090126400692938	5.0806932152031505	5.269071436980356
liberty	5.083934887440109	5.104857999293601	5.320515026419892
negro	4.951138101099803	4.966259036194141	4.982669276352792
little	5.11301875711283	4.895246295953969	5.005261002557522
fortune	5.09764472522574	5.067128771538631	5.172330470673017
touch	5.053239782510417	4.969971702589254	5.017266920715117
kill	4.787597827002458	5.086727568410817	4.9060295616114535
feature	5.110159203220048	4.945593941453359	5.095536220554439
happiness	5.13499836301733	5.060465852997808	5.232795736757242
assume	5.084043802991324	5.025055054967273	5.2105593405467685
notion	5.079491923608109	4.985029752552493	5.155246681640772
purchase	5.1764512802486795	4.8768255346464935	5.156688077257485
faithful	5.142923106776127	5.055123360963667	5.2362311337894125
soldier	4.927941009616102	5.153043088571473	5.096420328525386
father	4.997330859252324	5.053550084662518	5.064680567419487
narrow	5.015895553342825	4.89934831710606	5.0101497310399274
great	5.124845440064935	5.005612030022846	5.240135265987748
tear	4.917100102593763	5.0039411935550495	4.891055891849294
honorable	5.145092946448758	5.107236816783237	5.360058953061915
previous	5.106877650361112	4.967669751503555	5.196854145688868
good	5.105257115011719	4.988791043450451	5.12537221106924
domestic	5.160939256841208	4.9529950013148945	5.193871325171321
glory	5.171594668028781	5.006454202059712	5.1904969754303085
lay	5.004898820325294	4.905601729353502	4.963014312100052
occasion	5.0817021390587	5.050243143277768	5.206293458521425
guard	4.921004914001457	5.108659835327586	5.090112413374752
whole	5.076984029767816	4.955336526597698	5.148348569047815
mouth	4.977826942331575	4.882004468757633	4.855552045303801
receive	5.151213371804239	4.9784448059765944	5.220328588131902
take	5.020068138116505	4.9749435560059725	5.060716543635743
simple	5.174620295339581	4.899671785950987	5.149539670879213
error	4.986710821948608	5.0976060046619605	5.2579670606826125
wisdom	5.113223262610491	5.075823810813692	5.277763695723222
rock	4.974840007974794	4.896127873093692	4.907576031919272
decide	5.072685507893672	5.0682951980649005	5.297376045828737
exclaim	4.9201852207752905	5.055873093335191	4.908040923271187
assure	5.079605679201714	5.059195073654816	5.163075700403206
sign	5.045239354376501	4.978681414306172	5.116363864813173
preserve	5.13356996117518	4.929420383872371	5.168821387671559
commerce	5.142021557917487	4.97106198890781	5.2756192483817745
plant	5.118704026785286	4.802454634469212	5.006181007677835
walk	5.137681245763647	4.856622411366519	4.923197085371814
difference	5.0909587839728525	4.952200188047468	5.2049508970788105
hang	4.961689242655014	4.891341207664591	4.837792802449042
following	5.245778152263807	4.869268304775788	5.226934028665404
employ	5.137112241387533	4.927295209954668	5.198019823331948
