deal	5.037909993737149	5.005327521054462	5.103312936627789
study	5.27084616771502	4.905373746958626	5.244981380091968
afford	5.173901806418272	4.938244366304523	5.215513803971249
service	5.174061521801552	5.0142790051075234	5.283651523350836
height	5.061334252908337	4.869508743601665	5.0351437419833625
prospect	5.1453141301517595	4.988080114412723	5.165614868760089
pleasant	5.222699711093523	4.841597884534727	4.974211964420214
shade	5.115039500798937	4.846844961512218	4.9478489555813105
listen	5.009177320863419	5.073999588743276	5.037188232981631
mighty	4.988236604701865	5.037338138167137	5.077791869860025
country	5.113511897904414	5.012757539911687	5.269055590293833
title	5.216397161159005	4.9687665019072975	5.341993985308714
choose	5.1331721333617315	4.948560107224077	5.199237957772658
village	5.134417669617767	4.904359474842721	5.069247322358795
acquire	5.211969622258223	4.968979129773212	5.298599677280811
rank	5.1248305423087475	5.055924792244861	5.271328153423072
bow	5.038216977108482	4.966924667846592	4.982053634283514
doctor	4.997812160551622	4.984185390388145	4.998520331596311
talent	5.242406147581184	5.015946526942948	5.322498328759896
source	5.161666910948849	4.972190810807352	5.253893064358206
lead	5.045454485142084	5.027644851887824	5.150358725468493
question	5.054051420845481	5.04062014694248	5.2624788135738365
publish	5.235622219284753	4.939647134224857	5.334022656462008
interest	5.145395159211322	5.03466838369867	5.295269075877332
serve	5.046744254730098	4.962891798094842	5.090514701990194
divine	5.118095247012591	5.02190437612963	5.2492037008376355
put	4.952598016874841	4.925275679236017	4.941767960749045
shadow	5.033606499074102	4.92434914862514	4.987742143860494
practical	5.1785150429701545	4.973385332835598	5.326015765812732
surface	5.056656349763852	4.802660004354543	4.9514048387207215
account	5.0941623481045815	4.980387841312701	5.196334076356739
loss	4.933873417179221	5.091002520214058	5.1278815292378415
indian	4.964655216766743	5.033845666148829	5.117182373591447
vine	5.125016899164154	4.7825401941013865	4.997249005749331
certain	5.041840058824059	5.023300194104655	5.204675994207994
sin	4.846507812826011	5.134476930985564	5.089336315428125
necessity	5.001004862115429	5.073360854919875	5.255466612305224
lose	4.967923947229901	5.0579577362300565	5.056761608663923
private	5.09948928919864	5.052431802100885	5.28161043715418
gentleman	5.14590146593548	4.953796999778315	5.113151638372545
daughter	5.028172488614234	5.053444242844377	5.07237355330367
drive	4.829888266635982	5.093408187741663	4.961173475206176
strange	4.950257471477939	5.0506643249788885	4.968821082660913
journey	5.126766428111563	4.937967022687009	5.05153758419398
uncle	5.09829133065806	4.936266607064078	5.00797343582033
species	5.0470819038557995	4.936892778555655	5.129511373286099
think	5.0220835386363705	5.029769376339962	5.067493321800025
bed	4.980143010884568	4.839257640475163	4.809639617917346
wind	4.92565162508729	4.957832847654424	4.886485296328853
bless	5.059496830693889	4.972518452038849	5.010473186034997
destroy	4.870807208533149	5.097905101221601	5.111927107841054
author	5.209662031812213	4.99015471804478	5.293381918389239
sustain	5.035962251219844	5.052769945651612	5.251840525060872
black	4.949505519792612	4.8683237944488695	4.845003731438418
event	5.074558772072641	5.085740171327499	5.271377289945317
liberty	5.064815473104514	5.113242541971633	5.319374782845285
negro	4.93338966133328	4.964627151916439	4.972505618424576
little	5.096477958121486	4.897195750886595	4.998147419306076
fortune	5.072854654548242	5.072936159835175	5.167850123659874
touch	5.036252930617675	4.979509534912897	5.0135715454478555
kill	4.76153769411172	5.092637559596613	4.897902310631186
feature	5.100313224521351	4.950918932788366	5.092566839539072
happiness	5.107894148827546	5.070578695840134	5.228150729929621
assume	5.074221984846649	5.028131560578671	5.208492936725578
notion	5.072534958610276	4.9848237231207815	5.149642086558604
purchase	5.156223028922555	4.877293566798872	5.147320799744249
faithful	5.1192282170792645	5.067963922657779	5.237263045222448
soldier	4.907687162362957	5.159555868904571	5.093943058495993
father	4.969785646035553	5.067268045347644	5.0603001253320405
narrow	4.998173356241876	4.899427764328056	4.999761295542295
great	5.109715864936696	5.006624187304133	5.2357426778756455
tear	4.888451883845316	5.018062629600474	4.884741295427733
honorable	5.129076163952883	5.1127971678112045	5.360821102298423
previous	5.093854705077261	4.9684683667067775	5.196259178113258
good	5.086155132964605	4.992750515995649	5.119123058039872
domestic	5.145378189175024	4.954768570273736	5.188064347489327
glory	5.142739774235674	5.019169259971365	5.186617997996625
lay	4.983121927968425	4.91139040129105	4.955710450119099
occasion	5.068460482988762	5.053569576401694	5.206415565936629
guard	4.900295937161861	5.113789380878481	5.086825874520872
whole	5.062597649231401	4.9564200653953945	5.141919201550909
mouth	4.966479472195441	4.886209844235607	4.850804560723989
receive	5.136083485209381	4.98196780274037	5.218379211202028
take	5.003062400766843	4.977768015051505	5.05544118007122
simple	5.1629571831318275	4.901683106334769	5.143200001240362
error	4.974087707142805	5.099513919452659	5.257012062023651
wisdom	5.093161846588823	5.083752602225371	5.275325284363867
rock	4.952492734087242	4.901059275391912	4.900487621145279
decide	5.064277900370994	5.069772589166515	5.297546165791938
exclaim	4.899582386325981	5.066172254185714	4.903457063129921
assure	5.06275466715051	5.066750215579171	5.162119109821621
sign	5.032959563919398	4.9832837587466905	5.113548753420907
preserve	5.116971137843178	4.930760250073834	5.163094576496665
commerce	5.131505851155101	4.968205984647529	5.2711777436538565
plant	5.100568980951507	4.799367919151953	4.994644393091671
walk	5.114829376191007	4.86461780829864	4.915812178948423
difference	5.082422904450515	4.9483842203373385	5.197796990316214
hang	4.940318777527836	4.896261590425809	4.827420647898682
following	5.237643980494414	4.872184985640559	5.230781276546186
employ	5.127868533309241	4.921931605867808	5.19056451579235
