deal	5.0237240548139965	5.016687129716315	5.109612937546844
study	5.264651452459571	4.915248851967606	5.2544416828108105
afford	5.164020217429157	4.951224107554514	5.2218167257645804
service	5.156164265850784	5.027860552456867	5.286491619041733
height	5.061209795801589	4.881232359979689	5.0500577495858145
prospect	5.13656877687921	5.003053918756519	5.173384415218311
pleasant	5.2182034209787815	4.850626041990402	4.985765344211848
shade	5.115480016412072	4.857010835073234	4.962532811130298
listen	4.9909086897896335	5.089855404662489	5.042330932199839
mighty	4.985306652609639	5.049558794984502	5.091088547998593
country	5.101482683569735	5.025979257430483	5.275341764491912
title	5.193622634680151	4.98323492750094	5.344528151280201
choose	5.119939716663801	4.961269492096016	5.206432690157781
village	5.122045059380396	4.9180584891139345	5.080559257097825
acquire	5.203004903358613	4.978093060625424	5.305035004795625
rank	5.109116767494501	5.069209105081355	5.275719121707234
bow	5.0268532722026205	4.981412886738395	4.9910389774660375
doctor	4.980430384007189	4.99958746902766	5.005429175831555
talent	5.2270611961358595	5.025234424082722	5.327053814655721
source	5.157695601940191	4.981632405975118	5.261823049237917
lead	5.035126111964224	5.042386676027211	5.156115491984881
question	5.036868854982526	5.056603347721101	5.265804260451727
publish	5.211259843504563	4.9562528326217725	5.33695101069041
interest	5.1324747835163125	5.046630559050881	5.299912912459036
serve	5.035827209985305	4.976600035768302	5.096821241452641
divine	5.118033887428747	5.030596317869262	5.257812087350548
put	4.9402618420851	4.939324393047163	4.94909180051701
shadow	5.031764231357355	4.9378416108821	5.001834990854825
practical	5.170647190902888	4.983436022158376	5.331688326937282
surface	5.062238117327658	4.812047857836373	4.968658268925514
account	5.077265546368074	4.994174521388422	5.19998140397155
loss	4.9203181513620065	5.103306334470396	5.12980466445259
indian	4.944498459557436	5.0488840633587975	5.120874742159482
vine	5.1310080892744105	4.791505031476597	5.013478391344414
certain	5.030131732049142	5.035557903294058	5.210121357581078
sin	4.846134544344104	5.1429509403454725	5.0974466857661564
necessity	4.989525939157053	5.087266338847878	5.258930434101614
lose	4.9590941643665225	5.070586706430986	5.0626728162136105
private	5.079332674121233	5.069094480404233	5.284927036840311
gentleman	5.121192137901107	4.969905485139023	5.117901832190791
daughter	5.009424511598694	5.071009965566473	5.077583068941823
drive	4.816482345902337	5.109179460891215	4.967197146449215
strange	4.93443622167982	5.065929999103062	4.975550758247522
journey	5.111698642239998	4.9546251054521155	5.058202533419878
uncle	5.0789042312558195	4.952773196652822	5.015546557683162
species	5.041118350640806	4.943232621636062	5.138591265640205
think	5.007551385610781	5.043556664391962	5.07309393993387
bed	4.977067830009476	4.85323151662582	4.824747947862949
wind	4.922234575379657	4.97011091460904	4.898741761629882
bless	5.059341267015851	4.982636587176409	5.022522795432497
destroy	4.86378597143473	5.109116642764091	5.118021480634656
author	5.1921373121397325	5.00167640373295	5.296536664033671
sustain	5.0273721936008915	5.065526611400581	5.256426556394152
black	4.93534453372806	4.881918518443235	4.85566518890667
event	5.057941520358136	5.104345395800134	5.275097207394087
liberty	5.052825260153096	5.127921466988699	5.323529100163507
negro	4.919011905885531	4.97587073830772	4.980703491022256
little	5.085521141876156	4.90881828052033	5.006170630928089
fortune	5.057644751928238	5.0862258207837465	5.171118978020463
touch	5.0265760471479455	4.992776092251191	5.022132411161411
kill	4.748507839535484	5.105634757914782	4.904454106368932
feature	5.086631200481167	4.966267692603308	5.102785239537201
happiness	5.104561011677777	5.0833034845660094	5.236161489192792
assume	5.056007127169398	5.0424536366394985	5.21240829443787
notion	5.059562270691675	4.995719188960971	5.1576111703912355
purchase	5.143693182334014	4.888225795732619	5.154366933581564
faithful	5.1038859535932	5.08259049291104	5.239845421816586
soldier	4.884708347705705	5.177779047844167	5.096935912891921
father	4.954209437901995	5.083946214203494	5.06601484469903
narrow	4.995859213918372	4.9132863240082685	5.01419750376218
great	5.098671819437645	5.018546525737404	5.241182647470862
tear	4.882120988334348	5.032541227948092	4.894458431655176
honorable	5.106066557075187	5.12824871571487	5.35887934771677
previous	5.077473260364592	4.985546458542165	5.200771677792172
good	5.0741131301454105	5.003844373763036	5.123961017006912
domestic	5.136795545440408	4.966029655397283	5.195543055913207
glory	5.139279782604662	5.029495792445847	5.197056242552154
lay	4.9779378908638225	4.9258446144707255	4.966822717258447
occasion	5.049908462482184	5.068930647258629	5.209499580868866
guard	4.880872337999179	5.133337531824126	5.090468303072178
whole	5.054114125384911	4.969120966459566	5.151203659172027
mouth	4.952037396381381	4.89927262198129	4.861384542190545
receive	5.116808321679522	4.996346280492302	5.219644222584289
take	4.987548036436657	4.993887422047597	5.06003346700619
simple	5.1581314672555765	4.911034203647385	5.154235793794143
error	4.962463331753673	5.111032840341583	5.25870091360607
wisdom	5.0858271255302485	5.092829489148221	5.27972982167277
rock	4.951733658276302	4.914055891722879	4.916361887425278
decide	5.044258593237444	5.086834834747518	5.298998025970685
exclaim	4.878638647002104	5.08377170867611	4.908179540943188
assure	5.040900755011846	5.083256404168035	5.163191569251606
sign	5.015801713289803	5.0002318417798675	5.11993392651969
preserve	5.110925711945455	4.94407905132415	5.171114076493331
commerce	5.120138847365266	4.980993495580844	5.27708062067798
plant	5.107853819037957	4.806697005507932	5.010908658444025
walk	5.107031116619786	4.876694611179816	4.927667126982534
difference	5.0749550202899	4.958556033230901	5.20550489367106
hang	4.932115382614536	4.910405236532895	4.839952201616136
following	5.2210561190277485	4.888297670680147	5.236019530685972
employ	5.116751160095428	4.931646490595065	5.19775067800581
