deal	5.027879287821632	5.012585397661176	5.101950614644071
study	5.26026841412515	4.91480964711221	5.239571977282689
afford	5.162422556856245	4.948590180802474	5.211250206262951
service	5.165170619479482	5.020949654465668	5.278730909151443
height	5.053561494066128	4.878085517088654	5.030606370783421
prospect	5.138425704271966	4.9967406892518795	5.156446619869943
pleasant	5.220316102395974	4.8477647012627445	4.970350471497671
shade	5.1128432921894635	4.854154832092098	4.941416225208967
listen	5.005883679538501	5.075495999889614	5.028500456317241
mighty	4.987101709428936	5.041051615694174	5.069151305101143
country	5.10298968173635	5.019974752587342	5.260718872531575
title	5.204119542425974	4.973210820198653	5.335495577404306
choose	5.126369116069807	4.955797623141352	5.198332657425984
village	5.132972379132379	4.911604056667449	5.07166857451867
acquire	5.198493578157125	4.977884756093448	5.288590481343857
rank	5.114037924306726	5.065497744022064	5.261341411878419
bow	5.035210018247953	4.971402297646188	4.975580441924335
doctor	4.990079570549934	4.99030845113408	5.001480715442005
talent	5.227159244041015	5.024825985065716	5.312402101243689
source	5.153045888386625	4.978727839927381	5.24467454730162
lead	5.037198902780003	5.037320043364777	5.141876449425194
question	5.041658933417522	5.044807654733325	5.2574245156100465
publish	5.2234029237975	4.9424213189454695	5.331393495515328
interest	5.131629286857204	5.041940398799882	5.286617095962565
serve	5.037434289317395	4.972704793177921	5.087962846314556
divine	5.116223704199317	5.026504394525499	5.239377587295139
put	4.9434669265241915	4.9339823493802655	4.945871552894781
shadow	5.031205120962335	4.931766775406246	4.981304080508154
practical	5.163879415869356	4.981648133088087	5.318996305757747
surface	5.048991199490291	4.8105708309561654	4.948808763025375
account	5.08234817975077	4.987073901435458	5.195477008178746
loss	4.9270261892109435	5.097171058135408	5.1237142436345025
indian	4.958776439473032	5.038903188683839	5.1142047637865
vine	5.119309395884499	4.793144469620449	4.996234762923986
certain	5.031127833473097	5.031981185957719	5.201077450607117
sin	4.849171942194286	5.139415875012045	5.0829871874442585
necessity	4.989240774012075	5.081395238676077	5.249607768348708
lose	4.962723663296076	5.065571130963305	5.049609004496506
private	5.085677739655809	5.061778880066049	5.278808328000424
gentleman	5.133848869787655	4.9632150290014225	5.1158790192098715
daughter	5.024573708979359	5.060837260420173	5.066695648713931
drive	4.8251526206614574	5.101712204754869	4.955903558451464
strange	4.945455986701675	5.056673318362338	4.96327941885083
journey	5.123427844217261	4.944904030442329	5.048697985276429
uncle	5.092908151941573	4.943715042102922	5.011095670906889
species	5.036014169398746	4.943664599033971	5.129740784081585
think	5.014815047968083	5.036692857879012	5.063274982248309
bed	4.980500801310736	4.846305124800409	4.815465781167
wind	4.922803798714924	4.961887766280138	4.878784132104171
bless	5.064769412532688	4.97778717153298	5.007273713508421
destroy	4.865139535222085	5.104539036105122	5.103613374768821
author	5.197506616979731	4.994440461576088	5.284436390685288
sustain	5.0268727397888355	5.058217444777596	5.241696372711638
black	4.942030445327115	4.876106395894077	4.846239802181379
event	5.065741945160941	5.09183384031332	5.262257330516029
liberty	5.057660536810123	5.118376672724788	5.306494164647849
negro	4.92846844567238	4.973560412955562	4.9787003783810215
little	5.088139432637395	4.905990782641344	4.996814134868944
fortune	5.063558090817793	5.082842974157742	5.158234203410129
touch	5.030530767684766	4.983945619600125	5.00596078326417
kill	4.761569362231425	5.100644279369755	4.899648996233052
feature	5.089472752327263	4.956654529721156	5.0829564695148575
happiness	5.101335147471654	5.080506152366934	5.21692613331094
assume	5.060885601551081	5.033122990173903	5.199719076352559
notion	5.05826177050927	4.994022459815407	5.147568890344107
purchase	5.147340606132812	4.887077200782735	5.152144677654072
faithful	5.114260906135131	5.072065569663886	5.224497835540171
soldier	4.900745826949796	5.166300735809611	5.085968582636797
father	4.971264390869285	5.070918654841851	5.0558417568374985
narrow	4.990252255419415	4.90972161269686	4.997196445889629
great	5.099559495322193	5.0135515512879225	5.229231868382037
tear	4.889735264580769	5.022120249545272	4.877821741876473
honorable	5.115335090487509	5.119657547558204	5.34775828202391
previous	5.084887968623779	4.974251964166697	5.194165050376021
good	5.077283138546576	5.002211799684745	5.115202026361794
domestic	5.134169686636689	4.962634812156118	5.182237464182307
glory	5.140764015674288	5.024260105693644	5.172672616122503
lay	4.980567625801218	4.915860729877081	4.9517791202910555
occasion	5.0579008568445625	5.059637627805189	5.2020111256661785
guard	4.893063285352029	5.121767418368312	5.079863027250384
whole	5.053704194916188	4.962056912533557	5.13871804617755
mouth	4.95984961427823	4.889529861912329	4.850148610613438
receive	5.126684632405969	4.987838599457969	5.215185665671574
take	4.99522200609998	4.98592915166453	5.055435899985727
simple	5.15391389944713	4.908159096798816	5.139026228020656
error	4.962230937931989	5.105574949222746	5.246466403765001
wisdom	5.085147641095077	5.089886787003621	5.261103249495589
rock	4.951557094721146	4.905542501178195	4.896016105723025
decide	5.050721127780486	5.075852792897018	5.290513652550466
exclaim	4.8960135457727265	5.0710094802339745	4.9012636591323275
assure	5.052695699347873	5.0731939377290995	5.15544703923107
sign	5.027781747610498	4.988300145074529	5.114413650339687
preserve	5.107707029749692	4.939753455259583	5.156226004089284
commerce	5.116844215168079	4.975058270014232	5.264051160048299
plant	5.096798226118485	4.808901672664184	4.992424128650753
walk	5.112109009076108	4.872980917917985	4.916828885002379
difference	5.069376240029692	4.959256084131738	5.1979953208991345
hang	4.936991188047686	4.904615836799696	4.8276675102326605
following	5.22991107722138	4.874410898470608	5.229220432871305
employ	5.114330457468956	4.92971317873505	5.190080395875269
