deal	5.0446024339464755	5.017996360884951	5.113122117102363
study	5.272193940766002	4.918951779733619	5.2577099158707545
afford	5.174060763998197	4.953980816084192	5.2248250242932395
service	5.17681399971286	5.027488732298752	5.293741162371892
height	5.069123549154775	4.876419670353561	5.044306626960303
prospect	5.150792438734358	4.997439625808545	5.1662338897541185
pleasant	5.231944376318049	4.851629237684728	4.979333694900376
shade	5.124997733236784	4.850169175627098	4.953236458422212
listen	5.019944823902529	5.078046128774046	5.038748880868425
mighty	5.001459607063789	5.039509663813375	5.0813666746052455
country	5.115156144778657	5.023792886370669	5.275442286670402
title	5.2176168974529284	4.976868483153066	5.35282401005892
choose	5.1407091024506855	4.960676510076054	5.213175495861393
village	5.144399742239934	4.915295154174019	5.07904755758478
acquire	5.213343928463559	4.9820818221095315	5.3081474974870275
rank	5.129620196683165	5.064999559653596	5.2788940856585915
bow	5.0508615948151165	4.971457021069935	4.986836245701319
doctor	5.007196380780838	4.998657904930403	5.0108268551383235
talent	5.24304399362194	5.028026669329255	5.331899216822067
source	5.163866725764221	4.980269413716634	5.258689750486945
lead	5.051871095790147	5.038546709993542	5.155119684358933
question	5.056919508730674	5.052614138215571	5.270211193108413
publish	5.234146012330348	4.952324913501611	5.347260975025168
interest	5.1457265733717685	5.046093762424747	5.300378667339534
serve	5.053461953474199	4.977100159768663	5.102760056997607
divine	5.124381852889375	5.023460279839462	5.254054822703565
put	4.961218370348461	4.940448335657744	4.953895587847223
shadow	5.045418955056966	4.925649165045804	4.991037253261389
practical	5.176923302619378	4.987685018946171	5.335240157299972
surface	5.066362328765656	4.80871571183382	4.9589925979406635
account	5.0968773374658625	4.994643099494293	5.206673401687677
loss	4.941971106128419	5.101560049801384	5.132561846027704
indian	4.975053353096517	5.043264092323138	5.125036402426618
vine	5.135499691465145	4.7925582272130605	5.009207343791139
certain	5.045266988172208	5.035721557438667	5.213384464100264
sin	4.860983403117848	5.133937524502296	5.093993741985239
necessity	5.002571743406914	5.086162079410806	5.261610399883455
lose	4.978412634964235	5.066324661010637	5.059737666414871
private	5.098399441294214	5.067460996029886	5.289772578234704
gentleman	5.151783216510647	4.969801035325523	5.127054498120039
daughter	5.039327830260342	5.061013392778522	5.079374595009196
drive	4.8394161064363015	5.102220324616604	4.960714899615229
strange	4.960115088988654	5.056237210271745	4.970865444924554
journey	5.13662761748618	4.9476169292446315	5.0554881689748115
uncle	5.110537142848769	4.950326662106094	5.018879586060971
species	5.0494787502995395	4.948568907449854	5.140694071730612
think	5.031452335160434	5.0398688483847565	5.0737893162355
bed	4.992559771179447	4.847521322012875	4.817340803215174
wind	4.936361384415759	4.961653721505179	4.88356267376525
bless	5.0762103970291435	4.975922282427067	5.016510222630955
destroy	4.878452839494926	5.105732346200178	5.117830061966363
author	5.210243612542558	4.998635657208897	5.302065407016285
sustain	5.039175442408525	5.06184431564257	5.258074100107679
black	4.960361253600648	4.875223819042741	4.856104697309056
event	5.078948496707064	5.095154343919529	5.274353764368849
liberty	5.069231786385814	5.1209363904683824	5.322707404695318
negro	4.945146976240601	4.977651882830658	4.984550377874647
little	5.104220698586216	4.910980511384417	5.00788145338869
fortune	5.079897582315378	5.082735979645861	5.171565047099432
touch	5.0469662180670305	4.985391244196502	5.018852175627802
kill	4.782984160539424	5.100696805649332	4.9061232614697285
feature	5.104794987624844	4.955024160757274	5.098799990626719
happiness	5.114061283497729	5.079251726890103	5.229753122086686
assume	5.075952630851825	5.037483074173114	5.214945201919391
notion	5.078271627824643	4.997567413223185	5.1604797527886355
purchase	5.159474513070674	4.891525329023909	5.1609421994436255
faithful	5.126432500192738	5.07392993943831	5.2404813188008
soldier	4.918834676807377	5.168298076365523	5.097483741836709
father	4.983875279865264	5.0724904445385866	5.066453666896662
narrow	5.004154901403721	4.90752365233383	5.005637394207652
great	5.1128871148300545	5.018611260830212	5.24442688881014
tear	4.902508177670447	5.02028080764512	4.885674742314464
honorable	5.13134586932657	5.121724562858776	5.364990124257224
previous	5.0963786771851565	4.983034401124864	5.205783512688341
good	5.093400861914793	5.006658492073759	5.127785823421681
domestic	5.144343514712611	4.970898773693535	5.196384280029016
glory	5.153099871665112	5.01848630682101	5.189098699110603
lay	4.993748149839171	4.916852224603747	4.962300640163987
occasion	5.071331759692956	5.06657942846315	5.213036131710155
guard	4.907710505976547	5.123126991775542	5.088930675331061
whole	5.067580170489631	4.9678771599628195	5.152339148209764
mouth	4.978750853846056	4.891190160322566	4.856454969689099
receive	5.137712364602859	4.995951977827506	5.2274949163316435
take	5.0106636066874	4.992325309376061	5.065077123013217
simple	5.165961105136973	4.9120878987828505	5.154900219044701
error	4.9777376630623404	5.1058802599517765	5.261861564395337
wisdom	5.09856532295464	5.087351610514698	5.278700092566767
rock	4.966856847726131	4.902249367976535	4.902632389590522
decide	5.067077088796676	5.082007733974033	5.304008665735538
exclaim	4.9143392192887205	5.0735160259998935	4.906390866458744
assure	5.069719245747402	5.078028795839642	5.166825856130146
sign	5.040381945937474	4.992807564314288	5.123600313959618
preserve	5.121483865272676	4.94298148076764	5.174708913022696
commerce	5.129170977114723	4.980999747941008	5.276537588353105
plant	5.111624803871848	4.80819418600741	5.007331335915949
walk	5.12583207674096	4.873251123871601	4.9227763615074815
difference	5.086201141146657	4.964352674707755	5.2105791727498305
hang	4.95257582323631	4.9008272089295675	4.833498897807011
following	5.238939745904413	4.88663726427442	5.24240605454344
employ	5.126866067304513	4.937925698176262	5.204183837322035
