deal	5.029325916926935	5.0181852048417355	5.108734389834591
study	5.264035273481007	4.922968853847377	5.2530637229751
afford	5.164866185826812	4.955811381593197	5.222084817623969
service	5.1647019085204136	5.0252940663777155	5.284231391323388
height	5.061552841678634	4.880064494765539	5.039686237420621
prospect	5.142455173685407	4.997023530815329	5.164560349129447
pleasant	5.223730324917847	4.845463619038767	4.975406076532505
shade	5.113952930971436	4.852613882534182	4.9483678703896965
listen	5.002306461684288	5.075063986062835	5.031488976990286
mighty	4.987519507144754	5.0415669080120695	5.07808532549458
country	5.105760468392921	5.0259953960878025	5.271302903952223
title	5.204212801818647	4.978129245938475	5.342419351102448
choose	5.124615990884114	4.960396793025505	5.201075182989724
village	5.129426392449532	4.9106839316628905	5.068967552864979
acquire	5.2068361384617825	4.986283425557007	5.306780828316845
rank	5.1168242663526	5.068705803060176	5.2703465506287435
bow	5.0378789828718284	4.966655905791069	4.976980234984583
doctor	4.98623007725996	4.995663801861823	5.000068550202975
talent	5.232159344643197	5.03401069693414	5.329187412696317
source	5.156611205974099	4.986122429975281	5.259052647276076
lead	5.04036790127732	5.038698730492209	5.149332263795363
question	5.039867321474262	5.0552059041398	5.263209399369782
publish	5.217200216343066	4.953125446287465	5.3361489699568505
interest	5.134608952556347	5.048654156640411	5.296674508137409
serve	5.038501260063355	4.977641680023213	5.095383642318441
divine	5.113734019069183	5.033376716307037	5.2518424802899855
put	4.943332212306179	4.9372510637063085	4.9462818707661205
shadow	5.031969003253795	4.929031245721828	4.986286167523607
practical	5.167364859087474	4.994882980386231	5.333869810543194
surface	5.055863449553801	4.814248965840888	4.9596104953380085
account	5.082081911864625	4.9942312700094424	5.200882536205607
loss	4.927150903217634	5.1016883463645515	5.130405222638738
indian	4.957654861135603	5.038711266962316	5.115553122228782
vine	5.124347685671243	4.797610910074859	5.006917556354579
certain	5.032243923180551	5.038633944607639	5.210620763221137
sin	4.841259908625752	5.144376823975054	5.089084485952586
necessity	4.988921064966057	5.090828428449697	5.2585166713095735
lose	4.966120374362692	5.065791514525258	5.057900376363697
private	5.083462015880132	5.068826827215751	5.282008328473814
gentleman	5.134227188105249	4.9651561620634945	5.1141406640418685
daughter	5.022258402216559	5.057146292178669	5.064983323228658
drive	4.8261890432624845	5.097977845581267	4.956879320224444
strange	4.943782130909358	5.05358489245682	4.966491807239991
journey	5.125736702545353	4.940777686445849	5.049945543454025
uncle	5.093100106700201	4.941605216279827	5.006119952034371
species	5.040196287946075	4.951246335365743	5.141257836106051
think	5.014819940714636	5.038306487331781	5.068140820042768
bed	4.975578449281628	4.8449578913031015	4.809156540844477
wind	4.926364038275324	4.958863177821351	4.884075176037859
bless	5.061901951519678	4.9739978298289405	5.00820912778909
destroy	4.8634138259396265	5.110828064210738	5.114760749299975
author	5.196646689572559	5.003208636020217	5.296122870065007
sustain	5.0270480510577835	5.0681791531005755	5.2540732273579405
black	4.943266750362228	4.870743743379932	4.84323075708494
event	5.062890605382705	5.097571275011554	5.269955414368613
liberty	5.0548851449458505	5.12512094678811	5.315201631032603
negro	4.9262328594863	4.972710892777145	4.973905410267851
little	5.091632986314045	4.9074139437173026	5.001960054335659
fortune	5.069253287279609	5.08276866512445	5.167835943804562
touch	5.031513496299326	4.984524390253842	5.013063081233371
kill	4.757825467294156	5.096580446719277	4.896377559514935
feature	5.092718256885907	4.957921124603023	5.092486491559507
happiness	5.103086539951292	5.08343079623291	5.22785261947131
assume	5.062963972803154	5.039552965714968	5.209001686044689
notion	5.061973095843669	4.999950099463156	5.155143233397336
purchase	5.151165724516047	4.888725460085893	5.155226553924332
faithful	5.112380259068355	5.074034863780737	5.230919507365859
soldier	4.899754052574341	5.163177302541743	5.086781320325785
father	4.96465319921163	5.070923115416891	5.054528195697225
narrow	4.995272147705744	4.910483883810048	5.003143072702485
great	5.103134520096309	5.021449128667805	5.242363030995072
tear	4.885536077266508	5.019520601453725	4.8798248956827575
honorable	5.115737180284979	5.125670272060622	5.3565189548426835
previous	5.081255515815975	4.982915994963667	5.197932852708891
good	5.0805170162282405	5.00617911676779	5.123436264844189
domestic	5.134994145288933	4.971426816555937	5.192561808273965
glory	5.14446225291823	5.023585069620572	5.186680697245897
lay	4.9797426722111195	4.917094254431321	4.955028187199236
occasion	5.05539912315726	5.067353186020173	5.208068907835074
guard	4.890747220753328	5.11937644119522	5.077918539928527
whole	5.054566337231797	4.969255357115569	5.14767161213821
mouth	4.963926095926842	4.8862535077867655	4.850370364400575
receive	5.125911317890004	4.993266694691171	5.220321962071133
take	4.993877432029216	4.988701252622743	5.056172715880193
simple	5.1552292518364	4.916164237015242	5.151160908722403
error	4.9607306477121575	5.116592358192596	5.258865448604233
wisdom	5.088187947615926	5.096930586508286	5.27816904309478
rock	4.953478100359244	4.902565416330098	4.898720799316841
decide	5.049108264563554	5.084844178319859	5.29622565815516
exclaim	4.893445888711843	5.066184852197133	4.896083316477563
assure	5.055191975405628	5.074133560274351	5.160865624951634
sign	5.023311113167719	4.992223479138651	5.115305128878469
preserve	5.110090161920883	4.947161054887191	5.169922615488785
commerce	5.124010612305815	4.982523418349708	5.276066057683398
plant	5.100088813408071	4.814134813061801	5.004062315281196
walk	5.113691455732928	4.8681607409995875	4.914574810687797
difference	5.073335685024504	4.9676739388094235	5.206865662357196
hang	4.936732940447943	4.898732495722152	4.825252966200469
following	5.223786821997126	4.882770998704896	5.230967533966636
employ	5.118721862902865	4.939190244278976	5.201129299495509
