deal	5.034756490891198	5.0128869647458325	5.1059981352517605
study	5.271807923399754	4.915144415709622	5.2462962685528645
afford	5.1785401146388885	4.9508872708523635	5.21932888416271
service	5.176792861739088	5.0245481367137375	5.2848633811448
height	5.062350833156074	4.874712280786776	5.036784846852695
prospect	5.1529778021334245	4.991849282406088	5.162485454934986
pleasant	5.230751509437106	4.837347811748046	4.975042220446973
shade	5.12207464913522	4.846083232013553	4.948377022155258
listen	5.007497916339625	5.070697920406396	5.032289599941149
mighty	4.994715269177558	5.034118087214469	5.076273150048542
country	5.117730532345446	5.023741437145351	5.269922726969276
title	5.216782842696047	4.98062872176512	5.3437350429600805
choose	5.134550209644283	4.956973365245579	5.20161387583239
village	5.142934250020196	4.906168404068803	5.0705089407734105
acquire	5.213047763579159	4.982626029011854	5.299537430269495
rank	5.123810373152817	5.069262076174321	5.272256118168738
bow	5.0369743824103	4.966231071847771	4.98124992392687
doctor	4.992293060498263	4.988567951046866	4.998333874411275
talent	5.237561774594426	5.03079719649493	5.3225920826238635
source	5.170335210965706	4.979570585846909	5.253100637232916
lead	5.048248228812569	5.034665431750266	5.150231749168609
question	5.048168467577173	5.051687232891064	5.260866085757185
publish	5.234122336840779	4.95040667395723	5.333556002345232
interest	5.145637482001653	5.047191320364654	5.2954333494271015
serve	5.048463273975378	4.971261566515121	5.094849575522881
divine	5.12660504764486	5.025189818673356	5.2484490427382084
put	4.9468740929818384	4.93044935387762	4.946087547041199
shadow	5.038335941522803	4.922232999078298	4.985846510848507
practical	5.17641093952232	4.987905341056908	5.327307728087561
surface	5.059717392694723	4.80519742414898	4.953102614783523
account	5.095209699106389	4.991150942531353	5.1993692865385155
loss	4.938653463146618	5.099869255818103	5.12840639521707
indian	4.967691467649289	5.039512779943722	5.117180643831052
vine	5.131166584673556	4.788519824180747	5.000451970102348
certain	5.041696865860541	5.035590966026237	5.2080498162384945
sin	4.855723146334562	5.135192240106531	5.089305390992752
necessity	4.999742886423736	5.086940202208967	5.255877301160117
lose	4.973336883820407	5.061030587344301	5.057304506933539
private	5.0958685223929505	5.06735400033235	5.282858195047858
gentleman	5.138548259441873	4.9648687798497395	5.115995051626034
daughter	5.032466386764625	5.058722110194775	5.071104505687167
drive	4.8311140954666465	5.0945586560129685	4.959466833485759
strange	4.951320559103053	5.049452555999209	4.968166853637092
journey	5.135932349305441	4.934851204220551	5.0475803821296426
uncle	5.098709639907001	4.938171079944694	5.00683178450101
species	5.048957202913442	4.947320510905074	5.136431117900393
think	5.021082539157958	5.032867811088915	5.066955903176623
bed	4.985067933617692	4.833833984750604	4.809309350473313
wind	4.929467321952526	4.9508301856296155	4.882563514594939
bless	5.073799050042773	4.966761064710469	5.012287316449423
destroy	4.877469783720207	5.105789046581452	5.114045823225786
author	5.209485002531177	4.999564221023048	5.292975345987637
sustain	5.037965905727819	5.064550759232477	5.25108858828512
black	4.946151699125553	4.869468793266091	4.8472755812730695
event	5.0776365436380795	5.094805578051018	5.267211543135462
liberty	5.068817370655637	5.12243668814148	5.3175931494664805
negro	4.933377452461736	4.970075703472754	4.976226962204357
little	5.097598406338455	4.901930598983017	5.001758053618042
fortune	5.078073836363585	5.081766371910768	5.168033164791391
touch	5.036013455348484	4.980524846782581	5.01289679518537
kill	4.763726104424204	5.092476582595158	4.897430419132451
feature	5.096290263365999	4.957700083337546	5.09056233560318
happiness	5.117400165902563	5.0780638549155634	5.228202817869704
assume	5.068535829459946	5.039244802245366	5.207823089661659
notion	5.065293657960071	4.995153090043739	5.154014266234207
purchase	5.163597274355632	4.885386488689053	5.153344243016057
faithful	5.125225915255846	5.071778876623134	5.233219368205431
soldier	4.903033594224415	5.163248297949856	5.090042522578296
father	4.976265125199375	5.0686708930524285	5.05755058274953
narrow	4.999150061357393	4.904116319312997	5.001019018499343
great	5.112134377052834	5.017239778139141	5.23802596711851
tear	4.89558562870129	5.012742702950203	4.881559465227909
honorable	5.127294752169571	5.127054806786411	5.357930221273489
previous	5.0948097774190915	4.97826712117908	5.19517662631632
good	5.089000263844649	4.999864767069744	5.122627705970355
domestic	5.150076993392778	4.966073742674961	5.192605932525831
glory	5.153337371037771	5.017126196438217	5.184158354173916
lay	4.988371439303394	4.910014041228428	4.955835822621419
occasion	5.066164520075154	5.063329746410814	5.205815974776037
guard	4.897544603079705	5.118766385598544	5.084115226056611
whole	5.064610889958297	4.963447082671577	5.144679565873567
mouth	4.9616426349129235	4.8819881437559705	4.848120728599796
receive	5.138502038080768	4.99223789745183	5.220115420661332
take	5.002899850437409	4.984658673039361	5.057548471240947
simple	5.163786956369891	4.909402801841427	5.148127141087282
error	4.972417852925861	5.111406143532363	5.25503770244462
wisdom	5.096811907672077	5.090135358975386	5.273173211931189
rock	4.958685406790054	4.894955814604783	4.897671466812453
decide	5.0558428528544646	5.083193912141563	5.294240965349358
exclaim	4.8948048245299285	5.064293742865632	4.900140842035208
assure	5.0603486036118905	5.0732881830526075	5.160651239334741
sign	5.0304232944985285	4.988494990216506	5.1140410411511965
preserve	5.123845952297678	4.941456998065137	5.16788073808798
commerce	5.134558703641554	4.9791083891547	5.272453387358122
plant	5.108843493883968	4.804977802234785	4.999365954659721
walk	5.115825743258387	4.861095569836253	4.9157010335699445
difference	5.081403537901141	4.963797838361524	5.2052705238093635
hang	4.938898929239607	4.894294043398319	4.82834593230519
following	5.241106001387137	4.877613846796227	5.230414964687023
employ	5.126236691138956	4.934124389343502	5.1956250068390055
