deal	5.021815316568954	5.02434902462948	5.100420952479189
study	5.248865030735404	4.923675888789114	5.235847341514197
afford	5.15650301892365	4.961830699721628	5.211775347803889
service	5.150105584551276	5.038516124479782	5.278287680006556
height	5.053744441717303	4.8844216508566225	5.034207780886726
prospect	5.135427700574094	5.007313229051172	5.157531663366544
pleasant	5.219179680475745	4.853070538068069	4.970062463689617
shade	5.113807109382279	4.8559270413590605	4.943570463406384
listen	5.001701842424053	5.079876405155057	5.026388698578425
mighty	4.984901368867396	5.047865547448701	5.072737731964933
country	5.093680714876294	5.035623987510498	5.2628015086297575
title	5.185676731999672	4.988586739612498	5.330403755766225
choose	5.114346170745039	4.969057754251167	5.197023244826023
village	5.127750614591224	4.921972072512363	5.071165310305329
acquire	5.18868330829166	4.989843462277409	5.2888141778648805
rank	5.10087106745524	5.078125528859527	5.262594838573625
bow	5.029782255744014	4.976801308049061	4.9766252791637315
doctor	4.983191890615712	5.000039838102606	4.996515996175813
talent	5.213835796875281	5.037918898368714	5.310480346664729
source	5.148482681970207	4.988032488308542	5.24279681783781
lead	5.033457945429786	5.04394376710317	5.1419265069391615
question	5.033075395628992	5.059053477416125	5.252780845696977
publish	5.203784295894478	4.962248649513488	5.322868462804793
interest	5.122073950071593	5.0579109683563805	5.285119681039524
serve	5.032136348909767	4.98260667434599	5.088064300794931
divine	5.105807925321938	5.031590034663903	5.235712157674212
put	4.94344463016832	4.942445627109196	4.945035607305087
shadow	5.0324672734974545	4.932364158942748	4.981210551017957
practical	5.1531351878266305	4.995923998638111	5.314995081175455
surface	5.057164818512867	4.814009909176333	4.951907210990673
account	5.074628016826933	5.002529957095035	5.191641138820971
loss	4.921361124744012	5.113451370154769	5.123999661766122
indian	4.955939267231501	5.049969957979195	5.115963688887524
vine	5.1217250675098915	4.799300666764651	5.000463778217327
certain	5.02455827021718	5.042359756231706	5.198370871382931
sin	4.841503484404345	5.142173580726992	5.0800886941682
necessity	4.982251211182522	5.094590633125243	5.248139825671074
lose	4.961609940845551	5.07346451761279	5.05098629272047
private	5.072468957427883	5.078761019192105	5.274188205198737
gentleman	5.12129135354421	4.976168056984143	5.110490694544524
daughter	5.011638723225163	5.068713624928805	5.063823412913052
drive	4.827470255081202	5.107079026401518	4.959284596456764
strange	4.944683764240947	5.058987785914294	4.960745471573988
journey	5.121323877013789	4.95409933205465	5.047840267241628
uncle	5.0848834120826885	4.953543903007101	5.006101279909769
species	5.033995770121853	4.957179434001191	5.130811897446093
think	5.010129999351646	5.04355630045397	5.060571804223118
bed	4.983619478139276	4.849924199988785	4.8141762841394025
wind	4.931140682281769	4.964471566367615	4.883034598512171
bless	5.058820171337854	4.981119788888407	5.005403385448206
destroy	4.859856315670924	5.1154971664112745	5.108236331415521
author	5.182994033573731	5.00658696064425	5.278286139815241
sustain	5.016851907046118	5.074733516441834	5.2444044249330135
black	4.941289996074988	4.880432183109549	4.84802473206906
event	5.05617630534346	5.104964789962533	5.257795382524233
liberty	5.043701600881622	5.132660289282776	5.307651861595778
negro	4.926787021554096	4.981590435000699	4.978819333960042
little	5.0849938021491115	4.913999010215029	4.99673806715673
fortune	5.055454592274695	5.094529760004862	5.158907040242489
touch	5.028792519149528	4.987945779792788	5.0049949401330815
kill	4.765395281330664	5.103594631775269	4.9021989544729365
feature	5.084031929237407	4.962834459073866	5.08284299931322
happiness	5.094550767782004	5.0885617094313496	5.215733867671905
assume	5.051169902927206	5.0463274840861425	5.198833511602907
notion	5.051744591417994	5.0015251595327115	5.14282385366604
purchase	5.140930744238598	4.902338005111611	5.151993160228255
faithful	5.100630720497222	5.083414606679082	5.223036357268004
soldier	4.894975435283794	5.176044655502585	5.088752629848669
father	4.9602234177469136	5.078142000850083	5.052713096497909
narrow	4.993193612030928	4.913689464701826	4.999058968162116
great	5.091326958015675	5.027979443658507	5.229435707767235
tear	4.889923923234357	5.024722299989064	4.878673675157065
honorable	5.098552325110103	5.136455998110808	5.34612707263023
previous	5.0751705063875985	4.990786933005408	5.190724795119767
good	5.071300638248662	5.01111223438722	5.113845561474565
domestic	5.125314100575218	4.978971342296409	5.1833021670519175
glory	5.133927123907656	5.031935891589974	5.176131883962829
lay	4.980758095586744	4.923118252176721	4.9553872112431305
occasion	5.049583929198206	5.074150273720795	5.198739410126547
guard	4.888384990776616	5.1305830052546675	5.081390658273599
whole	5.0493821367667895	4.974827578495161	5.139633879576187
mouth	4.966225663682636	4.892365725646046	4.851093146007203
receive	5.11528622458883	5.003121078800137	5.212748588460093
take	4.991302776199726	4.996388857198901	5.054079450357063
simple	5.1457828897891735	4.9159413911834475	5.136333232904143
error	4.953780944520582	5.1150934206775025	5.242219403256514
wisdom	5.0746368954025405	5.0969937717812765	5.2594488955899
rock	4.95931872840725	4.907701718249222	4.900116310237998
decide	5.040551689327421	5.089992819701013	5.286092231328869
exclaim	4.895935920449494	5.073735016366741	4.898764056785472
assure	5.046212050062934	5.082556056338457	5.15292569559031
sign	5.019708698591608	4.996948709684302	5.108161948863548
preserve	5.100165689160892	4.9505896725018745	5.157912610981317
commerce	5.113399381199471	4.993835001353669	5.267201262877702
plant	5.098316444835539	4.813712282975676	4.997640024638981
walk	5.11130393171405	4.875857620620598	4.915660414673379
difference	5.0635967688947465	4.971451019194545	5.194459773253855
hang	4.937524499233982	4.906502174920187	4.82769962711578
following	5.215295231584573	4.891090309619228	5.2219995711809375
employ	5.109267674961238	4.945366032793091	5.19117785617523
