deal	5.040255550998383	5.012421391659034	5.112534790051914
study	5.27994746189064	4.911232479459082	5.254346061977857
afford	5.1802981542994875	4.944035506809615	5.22709166749028
service	5.173601313324168	5.022545777466668	5.291159497047821
height	5.071767148036933	4.86952053665271	5.047083332887135
prospect	5.1595078058248625	4.9881953788736615	5.172349061048208
pleasant	5.238652318305607	4.840995108923412	4.980343147474815
shade	5.129537373742098	4.846196525252071	4.9535896710254
listen	5.017508938064396	5.0728314335852644	5.037243779145559
mighty	5.000478618812942	5.036099591019308	5.0826344394042335
country	5.115543591331515	5.016707098489258	5.275573655721774
title	5.212249537327802	4.980800808336545	5.347049997276463
choose	5.137029455209276	4.954747365244616	5.208618692209178
village	5.145070353859245	4.908996693449486	5.07984105686659
acquire	5.213996711217349	4.973613698236517	5.305708356613097
rank	5.123134504165353	5.061757908670671	5.275863699924604
bow	5.043120209927874	4.970863874264686	4.986500804193463
doctor	5.001374781436734	4.990343545216254	5.0071458639358575
talent	5.242215606304104	5.0214949096802455	5.328396771237008
source	5.174351801439282	4.971417329438435	5.260195566134198
lead	5.052883022913478	5.0301937914010555	5.155704315163331
question	5.054579824773892	5.043666001219188	5.2671666278798375
publish	5.236484882666359	4.952176985771106	5.342415323195102
interest	5.147367387831302	5.037934025421327	5.300356873012267
serve	5.050570880048706	4.96938990635864	5.099870411123027
divine	5.132732065743053	5.019331912729203	5.251893965006168
put	4.9535851690249535	4.933694231007204	4.953776101078967
shadow	5.04997091238133	4.922992883613741	4.99341171712455
practical	5.182323925556031	4.977588494945153	5.333712252067606
surface	5.070474062382162	4.800705440305101	4.964620451808238
account	5.097216322596658	4.98697860849059	5.205610893611807
loss	4.939590741349024	5.092518302953462	5.1343817532406995
indian	4.964610677855517	5.037941545870905	5.1215327885877935
vine	5.138477511772983	4.786242800759367	5.013661162040499
certain	5.043494701715595	5.025805305492582	5.210946180381008
sin	4.863414455719628	5.131335099761374	5.0931254210601
necessity	5.002626284726761	5.074901108353509	5.261525023826095
lose	4.978905234696599	5.0584463574902925	5.062048011993256
private	5.097034503733977	5.061952180595837	5.28960908899329
gentleman	5.14167509783238	4.965415530801138	5.122893992916691
daughter	5.032291427659778	5.059939762134891	5.074809801262672
drive	4.835185981844856	5.0951641745070235	4.96537617960803
strange	4.957856468057181	5.049838358815787	4.969100268694337
journey	5.143167552942203	4.9419468971712455	5.060285992688677
uncle	5.105333867097597	4.947627509329651	5.01784277764603
species	5.046437434063071	4.939736151830822	5.13981356172768
think	5.0302660040701666	5.032589086850571	5.073416687902063
bed	4.995270761481913	4.840627138545344	4.819870683670757
wind	4.93984154557724	4.952804861722892	4.891106695317263
bless	5.077439791054773	4.974398074405795	5.016509742961677
destroy	4.875985448919193	5.099155924878931	5.117625057905168
author	5.2142364734424484	4.996644504270872	5.2974543906596105
sustain	5.040360261818952	5.053465310280252	5.257239015026762
black	4.949292750488569	4.874752210476741	4.851513328660502
event	5.082940126521409	5.086448785814585	5.273801031446728
liberty	5.069878586558359	5.1156472124536005	5.3210916156790695
negro	4.935274316175149	4.9724918392702895	4.9837830457475345
little	5.103272020438058	4.9017290004396274	5.007191008650493
fortune	5.078374635838232	5.079221923918894	5.173277241422051
touch	5.043366624300179	4.979689213473939	5.01675139376117
kill	4.769376422257911	5.097099807912095	4.905903709383173
feature	5.101833905078698	4.950169696833803	5.094156380990251
happiness	5.121259455315878	5.0703501805534925	5.23167278289979
assume	5.070931945750736	5.029437872567149	5.210422028821823
notion	5.074342330353584	4.990801357062299	5.157900269029541
purchase	5.157751081871468	4.8890737535171445	5.161980051538843
faithful	5.126732156369176	5.071825903390755	5.238376294525614
soldier	4.905016625973665	5.165759776819012	5.0969204956878595
father	4.978102797414787	5.070214840162909	5.062909706587442
narrow	5.006564753491547	4.90017552623113	5.010052323522581
great	5.113471192376173	5.0089481956992135	5.2420993188718
tear	4.901184525156166	5.016179229176657	4.885987891603093
honorable	5.125851193351371	5.120237655586407	5.363350063430673
previous	5.100277583028133	4.971742173720972	5.203904324127263
good	5.0918165607779295	4.998182292194705	5.127132525635487
domestic	5.1470378059571456	4.958297775026975	5.194045368078902
glory	5.157559244580205	5.018226347576999	5.188968094361336
lay	4.992910753555691	4.913289015063251	4.963132470048173
occasion	5.071123844091727	5.055894530864062	5.211779121381231
guard	4.901074345106496	5.1202193338230995	5.09165279297251
whole	5.066541482023453	4.958034267149289	5.150285979993338
mouth	4.970013472957497	4.888053141266322	4.857635062056524
receive	5.135909590113055	4.987573507339659	5.225598839018155
take	5.006628127828027	4.984462173967024	5.064273348416028
simple	5.168269080431838	4.904328485957234	5.150687041146068
error	4.9811092062572	5.099395444522198	5.2606161363785775
wisdom	5.101485458699637	5.082058764123044	5.27637707832181
rock	4.968494767646181	4.899145449669853	4.909461194751651
decide	5.064403211020867	5.0740728614352255	5.302172246602675
exclaim	4.903320350007398	5.070138201669721	4.906583370339564
assure	5.065944484970456	5.070858733028012	5.167244076917432
sign	5.036133557487224	4.987356193320832	5.120049793387821
preserve	5.123239588144959	4.9354384816270676	5.171538725718156
commerce	5.130074901481257	4.972622469694355	5.278979256953574
plant	5.113422756675285	4.801732002789872	5.008998184876918
walk	5.1273014357443625	4.868300011189052	4.924616388787249
difference	5.083271103240539	4.951718189480921	5.206769233194509
hang	4.947599171254154	4.90185196406387	4.8355115702266005
following	5.243857140778835	4.879929035845829	5.239006193447369
employ	5.126882024256021	4.9284899179749715	5.202960786217823
