deal	5.0429705813795564	5.007750573979902	5.114723266088187
study	5.274791713893433	4.907892444138874	5.25254783500091
afford	5.177585452597482	4.94327568861489	5.2232397946640035
service	5.183068205317579	5.016920186525408	5.296390387311635
height	5.061182858882642	4.8817178951524465	5.047057163486414
prospect	5.1499997362151495	4.990513576421592	5.170030629275624
pleasant	5.224093235424575	4.842413903545794	4.977818885187957
shade	5.112355672175607	4.851583070501752	4.948558132355541
listen	5.011386979825897	5.070821663571862	5.037572127639688
mighty	4.989692791972443	5.04011283589115	5.082294941223055
country	5.115312641253407	5.017312756627857	5.27619893858192
title	5.222595521788031	4.970801767927307	5.353877848244769
choose	5.13877892152121	4.957424460835808	5.214906297411417
village	5.136069563188991	4.91151879019727	5.082771091714487
acquire	5.216431176613607	4.971731367685274	5.306495448107598
rank	5.128171085562213	5.0618092876428165	5.280338828461153
bow	5.045640165417606	4.9698338736938314	4.991341467071938
doctor	5.005443146780565	4.986407127646052	5.012225886041042
talent	5.245430829079143	5.019288067475719	5.330337892563714
source	5.164891579956658	4.974105003264756	5.255765272940654
lead	5.047231842601052	5.031476684781807	5.153315771716205
question	5.056736910054816	5.0446788076224465	5.270025749413461
publish	5.238393111350368	4.944727220694252	5.3462075047065145
interest	5.1496698481788545	5.0371156088283415	5.301498250550433
serve	5.049015396967371	4.970061512463423	5.0993855102415555
divine	5.122700500852524	5.020037772978146	5.247360947847827
put	4.957400564670839	4.932730306761881	4.9562839839848944
shadow	5.031823702991613	4.92865449492586	4.988578259927815
practical	5.178425882740265	4.978760110604699	5.330974324555073
surface	5.05343682706602	4.813074738758864	4.959635709491193
account	5.098636097548652	4.984739452275166	5.206988488109075
loss	4.943796452039948	5.092949807189506	5.137387882714538
indian	4.96283086149502	5.041774345340097	5.127385131470269
vine	5.126055219902422	4.794713012089442	5.010616928273039
certain	5.04174143202121	5.027783038114809	5.209228685697996
sin	4.856033348109733	5.130977256990586	5.090213121650785
necessity	5.003865887298843	5.078412576943072	5.260696703763089
lose	4.9744458973980175	5.058945751651484	5.060495890767628
private	5.106500714301261	5.05547582952691	5.291929796934081
gentleman	5.152877169038927	4.958152991768041	5.130742859199161
daughter	5.040748142426282	5.053157601789225	5.082261254403167
drive	4.830123309615445	5.098337553935602	4.966271505969002
strange	4.946207012069794	5.049578075692964	4.965497377495483
journey	5.1331511823149025	4.938976876774152	5.060430768669245
uncle	5.114749136145762	4.936730409770576	5.027017024104328
species	5.046361647314299	4.944360153222953	5.140337358247167
think	5.027161066644722	5.030179237464011	5.073366102368777
bed	4.983678661609611	4.84499926100715	4.819396409365838
wind	4.920408018973191	4.963452937993902	4.887270018394288
bless	5.072565381432148	4.970583494757412	5.017738315612027
destroy	4.870988724754593	5.102676053032068	5.114800161878261
author	5.210879170196633	4.990443636446939	5.296764154491543
sustain	5.040136176213239	5.05759631862604	5.257803128994265
black	4.944485629629307	4.87771198600532	4.854899806693335
event	5.074839122928346	5.0888564397634	5.272652127780243
liberty	5.070544640494924	5.117060347947155	5.324241423051033
negro	4.938383801263243	4.970106897938192	4.989429209429215
little	5.1001568697378135	4.901451297596597	5.007929006863168
fortune	5.08400694838217	5.071868193784847	5.175647056202793
touch	5.03772909209997	4.980906621672276	5.015648070398511
kill	4.766256639659696	5.099771353945649	4.910526569792975
feature	5.096223657333097	4.954284399557517	5.094788226967681
happiness	5.11527827236105	5.071581696188649	5.228287715340446
assume	5.072796638601576	5.031612793465474	5.213272485449624
notion	5.073730427462352	4.989561882882881	5.159591029277068
purchase	5.170659728461979	4.879462521366624	5.168425484713554
faithful	5.129036625179984	5.064813805236413	5.240930425027619
soldier	4.90875203917594	5.16486598799908	5.102060958318494
father	4.982246950960767	5.064475890907935	5.068638203854058
narrow	4.995908998946208	4.907058743047406	5.006361517714986
great	5.110940415203452	5.011840736944813	5.2424064049438845
tear	4.893406762526904	5.0185508148291476	4.886163976227247
honorable	5.138402645775399	5.111742056782404	5.367322858003951
previous	5.095562533004613	4.975604920251012	5.205515206463188
good	5.092304761004715	4.9943614953214714	5.127645528128004
domestic	5.145109801736236	4.960281389100548	5.193287429679932
glory	5.146993057298327	5.019733319992295	5.189126444359229
lay	4.986410131381431	4.9152313040126385	4.96335258108707
occasion	5.068429829638075	5.057915911672431	5.212233033976413
guard	4.902990246517514	5.119128180732659	5.093780570200586
whole	5.061056367116859	4.963697936381017	5.149961676709804
mouth	4.965384557071466	4.891132168044115	4.860812128892068
receive	5.143642573450792	4.983588606415077	5.228953497203509
take	5.008837968865815	4.983115292340555	5.066979349180597
simple	5.161354546547753	4.90541628911091	5.147506815915606
error	4.9774873328283835	5.099582158131647	5.257339162295066
wisdom	5.0963352030335	5.081538777522569	5.273802365937593
rock	4.950193332861595	4.908994594154272	4.9067194242202925
decide	5.067313021127976	5.07519108389095	5.305404482758829
exclaim	4.905637710563719	5.066667976357892	4.910442797943569
assure	5.0700837660892475	5.06661147753818	5.169346587268104
sign	5.0356888837438465	4.986316940945435	5.122242441359428
preserve	5.117670265952874	4.93848742915766	5.168535175378592
commerce	5.131588530202456	4.97507986481458	5.280576809167736
plant	5.099792838449808	4.810513570843651	5.004972251264126
walk	5.119985197344414	4.86633911961167	4.924422257214453
difference	5.082508566783602	4.959104823983012	5.208794272724808
hang	4.941072004289142	4.901280863547056	4.83445705879933
following	5.238972833411294	4.878722309833141	5.241080558906146
employ	5.130240063433833	4.928069685499946	5.203602737997208
