deal	5.051523471081452	5.0177913148963995	5.114758654477188
study	5.282981179870057	4.915622617619109	5.2562412588428185
afford	5.186149392306504	4.949780502270418	5.226088458366759
service	5.190598609704456	5.024149666590317	5.29015408316227
height	5.079078162049775	4.883320150796163	5.0485980922140365
prospect	5.159782409087401	4.999302630433661	5.173315980467722
pleasant	5.243801077264898	4.851758031789887	4.989261528891179
shade	5.136420633680367	4.857241347164088	4.961675164908205
listen	5.027653379383727	5.0796947003249855	5.042290694516243
mighty	5.009867147268562	5.046010796453541	5.0870409897882
country	5.1250396980334045	5.021938490630631	5.274084473417484
title	5.232958089226417	4.977055965170367	5.3470733895699745
choose	5.150221162466509	4.9591256385992635	5.210010705785743
village	5.149389785037404	4.91791161438591	5.082989772887929
acquire	5.224036301169241	4.978262089514946	5.30579203804308
rank	5.1407851187101326	5.066162502033877	5.277348695338099
bow	5.062495209688348	4.97561922893378	4.99232534295569
doctor	5.0115557789958345	4.995911323786817	5.011939689469011
talent	5.252648223976812	5.026475298383851	5.3294058694327395
source	5.17700289433607	4.978529225815441	5.258935422521429
lead	5.05797121948301	5.038833059912192	5.155705266230254
question	5.062974093556671	5.049301225092185	5.266608202951477
publish	5.242862108475831	4.951264401677106	5.340831474315425
interest	5.154943141187771	5.043747465089207	5.300311064203412
serve	5.06428446136135	4.974662329502034	5.10105837517233
divine	5.138809080588906	5.024349701021381	5.252581184762287
put	4.967059185160137	4.940430193390527	4.955546793569952
shadow	5.053557865955938	4.934765714711317	4.99955227671938
practical	5.185568120606313	4.983443404389505	5.332645771449468
surface	5.072814311272301	4.814221995198414	4.966319858444731
account	5.103382596519165	4.992672412864116	5.204905090315237
loss	4.948317240020136	5.103429397231635	5.1333291532704655
indian	4.977298602116446	5.046014585844067	5.121152926114504
vine	5.1411607327414055	4.798169628725435	5.013119761996778
certain	5.0528187715218875	5.034039615825048	5.213186423245613
sin	4.868770559394922	5.137843517325693	5.092364498619391
necessity	5.009596146390576	5.082397074528653	5.258738794914879
lose	4.9875372305852474	5.070340324394817	5.065682149920857
private	5.108773186532121	5.0644619315607935	5.288634347879863
gentleman	5.158962739091562	4.967128561010304	5.127718561051539
daughter	5.050417631206266	5.063407181237658	5.079544757901095
drive	4.844944099976784	5.107140291018546	4.968076635684792
strange	4.968049445951617	5.0615376640739935	4.979267822939091
journey	5.142413656516429	4.952791689276834	5.061874104454694
uncle	5.115334114006754	4.952135127573415	5.021680482793468
species	5.05852078256382	4.949055500888599	5.140826501709041
think	5.038775268269094	5.0406479739781	5.077061189378624
bed	5.001527534502601	4.851098955558736	4.828030195374817
wind	4.9435125585809745	4.969706464153655	4.895772803755377
bless	5.090312514722199	4.980402277627896	5.021227659041947
destroy	4.8847127362789236	5.107899599868396	5.115872396404073
author	5.220834487621384	4.998688137137813	5.298279673262251
sustain	5.046419531344524	5.060269260787377	5.254061384808486
black	4.9670922708638106	4.882226114912673	4.860242816854371
event	5.082030332331602	5.097218240600487	5.274906410842512
liberty	5.0784160065463295	5.11947456008022	5.318305997625471
negro	4.946990694253198	4.979166905331544	4.986995873437678
little	5.113577970343817	4.909005376843912	5.01205715572536
fortune	5.090114682877193	5.086292097791189	5.175333682872933
touch	5.0567089866974335	4.9868120486192	5.022490439124004
kill	4.780752411185602	5.109501950771829	4.906515360054006
feature	5.113797001295207	4.957320445865208	5.101366276575145
happiness	5.12630293401156	5.079210928901906	5.233134538027079
assume	5.084398093112236	5.035413705024195	5.213357881465258
notion	5.081938418153688	4.996584756230616	5.161829514596184
purchase	5.173648766224986	4.891127786193106	5.161076001438045
faithful	5.138086202544326	5.073982576675063	5.238193054043201
soldier	4.923812326520653	5.173956252427047	5.098166889870232
father	4.99290266825208	5.073288983574781	5.064951696987365
narrow	5.013343306795866	4.910432265916332	5.013429272595111
great	5.123041544658625	5.016666677387736	5.243223217802081
tear	4.913418986352086	5.025237103099297	4.8918629417508335
honorable	5.14129743694474	5.1208947341666535	5.360150721094646
previous	5.100693732207125	4.980255118569557	5.203816412916386
good	5.103827672387827	5.003966648973762	5.128981629351924
domestic	5.15777483453087	4.964423841647379	5.196666920428974
glory	5.167181820976738	5.027433162722194	5.193139422561891
lay	5.002788188827032	4.920072331136845	4.965892934891316
occasion	5.076142944130119	5.063165888145647	5.211747805837593
guard	4.91304240442594	5.127649458895284	5.090697124349464
whole	5.075373763447073	4.966304166675743	5.152368435710826
mouth	4.984332565965246	4.897762575725864	4.863709104468688
receive	5.149624660165535	4.990853909949843	5.224220126413553
take	5.017462279726035	4.990965281407378	5.065621226220629
simple	5.178350115808425	4.908989392667917	5.155083390372742
error	4.981568501892003	5.107150671053389	5.257619318318181
wisdom	5.109656378509956	5.088618124166054	5.276408529909979
rock	4.972665025596707	4.912563510203872	4.911731315974781
decide	5.070213319592436	5.080692615009909	5.300514802247664
exclaim	4.920912774976611	5.077454294232988	4.913504561399471
assure	5.0766563750266664	5.076737786937071	5.16682284113177
sign	5.048332486102056	4.993766824776031	5.1241169744465465
preserve	5.132714385279627	4.940246655619422	5.171494382745958
commerce	5.140340273915068	4.98063426662811	5.277052980483865
plant	5.118759147751882	4.811849879023965	5.009566494107806
walk	5.134962712526196	4.878146551235048	4.934120291179325
difference	5.094063579595948	4.961346369153049	5.2092640452579335
hang	4.962647663281367	4.910858099035212	4.845092314838665
following	5.248172936618726	4.882767970722183	5.238610795218975
employ	5.1381031974168065	4.9346281384249915	5.203258457319243
