deal	5.046981460942058	5.020517185771759	5.120946501773359
study	5.278820198948029	4.921505470263062	5.261576889415742
afford	5.186165343607001	4.954123071108221	5.230354352361791
service	5.187647445807555	5.0294214191624045	5.302099585704257
height	5.072427294836391	4.869406242907451	5.047863677569592
prospect	5.163434558018139	4.99874489228213	5.178433383484502
pleasant	5.24190295046032	4.844973421950187	4.985632913478591
shade	5.128668303545318	4.847610984119969	4.957530979499314
listen	5.018950136145804	5.079923999517071	5.049514912597557
mighty	5.005732972123856	5.038242390315321	5.093273678781437
country	5.124732668448993	5.026157225879086	5.283035185462135
title	5.221076010708935	4.982444073362754	5.357626641259006
choose	5.147141118277075	4.962490717311191	5.220844142421484
village	5.15600169316891	4.9077004701806315	5.084357122682799
acquire	5.219027156048632	4.98235610891045	5.312606673200046
rank	5.129817735412689	5.0679043535583554	5.285419095034381
bow	5.048397952308122	4.968831236609	4.99593280104643
doctor	5.005090571743828	4.998644945167977	5.015979311243368
talent	5.243572430472622	5.032626233462419	5.3359523320928135
source	5.174747980062625	4.983825098905065	5.265513812920997
lead	5.054597272136742	5.038480168683904	5.161856738918015
question	5.059065853318487	5.0595245299119105	5.278625492994088
publish	5.240657597044388	4.957961928854284	5.349966881875127
interest	5.152131984090919	5.051535456432377	5.308148622528336
serve	5.0572237185714615	4.977454128481119	5.107858758867632
divine	5.131383273359298	5.0332626333966415	5.264800082154128
put	4.961040600869752	4.937441137830091	4.959726361219803
shadow	5.046719811853945	4.927027100389071	4.999897247766189
practical	5.181128517805784	4.993554556918361	5.339809597389173
surface	5.069794708205886	4.803225371296138	4.96317005213893
account	5.103008454947812	4.997288109720918	5.210952564021158
loss	4.9505126625707	5.104730595412536	5.143803995939274
indian	4.977732402875155	5.039815928882528	5.131211390122481
vine	5.143210717274474	4.789313707780467	5.014361548863904
certain	5.04887134223236	5.038477639183082	5.219826939735373
sin	4.864710697972175	5.144902230494893	5.107971717559238
necessity	5.008531968555388	5.090281552306318	5.269442933152244
lose	4.984649226139024	5.067419345660846	5.071988036763004
private	5.105355845196588	5.072041302516769	5.296519505311224
gentleman	5.149369306715438	4.970276070356737	5.130151912080277
daughter	5.042392764945789	5.062276323742588	5.088918288632769
drive	4.8425358608935625	5.0977832040538775	4.9712737048887865
strange	4.960184941796455	5.056465243242428	4.980638131550648
journey	5.149792125990225	4.942962968892044	5.06423446828732
uncle	5.114362138873698	4.948239581198416	5.027525674425926
species	5.056990305529771	4.946425766511984	5.1444864862547135
think	5.03332997599271	5.043509249199188	5.084558014539461
bed	5.000040050392893	4.840679237655889	4.823165547010317
wind	4.940353449871776	4.955037251583123	4.893893684291622
bless	5.0857947511341095	4.978585197658297	5.030990335638549
destroy	4.883511278719319	5.108024995349372	5.1267404331673765
author	5.2122444287632055	5.006462413064057	5.305681558999023
sustain	5.044526197229681	5.067652567419062	5.266350859943058
black	4.953374344277142	4.86913851627989	4.855202558497845
event	5.084805342295966	5.100773323486371	5.283923366739761
liberty	5.074627344150882	5.127696200530939	5.333720555401036
negro	4.947071430372566	4.9704774069785875	4.987991049712129
little	5.108113045085537	4.906917663522215	5.013818457716439
fortune	5.0871370033997	5.085587367600599	5.182993186147026
touch	5.04391474648871	4.986492733154972	5.026625658009884
kill	4.781914578112559	5.09806093583701	4.917135176022345
feature	5.099580331296446	4.957213967552942	5.102529864013086
happiness	5.123316312345608	5.085807249748405	5.242982754587554
assume	5.073854830672169	5.041003569340566	5.219766508735645
notion	5.073160157958687	5.001622583608977	5.165800199618259
purchase	5.178428759917876	4.887978857937621	5.167281948363868
faithful	5.131970058891419	5.080320452687839	5.251698678615337
soldier	4.915862412430964	5.16630572382365	5.1070844335982635
father	4.989086154084979	5.075426717392221	5.078707635515239
narrow	5.008684065550915	4.901056222340426	5.010616082049376
great	5.119528823996028	5.020425387435961	5.250562614753359
tear	4.905246366788093	5.020963852530904	4.897396957713813
honorable	5.134114776785037	5.131164914559514	5.374157327247197
previous	5.104135880071896	4.984700648591618	5.210981691993359
good	5.097898171839182	5.008831550369783	5.136537859087176
domestic	5.153297986747589	4.971747298603258	5.201196427531028
glory	5.161382545186434	5.02387430643586	5.2023233856825986
lay	4.9986969180074725	4.91399000548359	4.969359968133183
occasion	5.073899551403278	5.070691063010119	5.218631687160664
guard	4.908379217255641	5.122066805872136	5.0987549800095096
whole	5.072890469947399	4.966103515711736	5.157414698422716
mouth	4.974284002832452	4.882279188893818	4.859789406088641
receive	5.148456016586569	4.9969416846164565	5.234069302314822
take	5.014609599239117	4.991709485792932	5.0723274644708605
simple	5.168292175881237	4.913643493325078	5.158487564816437
error	4.97807660969726	5.1173666297288545	5.269808065011946
wisdom	5.101143463597415	5.096267773128083	5.2888831650819865
rock	4.971030071146692	4.8940260950942545	4.910095516050495
decide	5.067515312480097	5.088692987273848	5.313044997666676
exclaim	4.909866239846638	5.070770510544189	4.916730548942202
assure	5.072728195228463	5.080654941279912	5.176674216137996
sign	5.042823532925625	4.994347348701318	5.131748697989444
preserve	5.126449892721192	4.945054401102431	5.178599477026673
commerce	5.141936453153617	4.980755850954412	5.283214535261766
plant	5.117888756893256	4.804491741262014	5.010881478871334
walk	5.130493818560075	4.866774055259663	4.928713701727081
difference	5.087638977532103	4.966765821932201	5.214161034023221
hang	4.951289062381841	4.897369161836034	4.8407044923671
following	5.246536871996614	4.888956827206569	5.246230766767429
employ	5.136387364666426	4.933997953058111	5.206262423972804
