deal	5.047743269330244	5.002465741278675	5.104738054623397
study	5.278567190711156	4.903510661121763	5.244102676967454
afford	5.18098390299489	4.937291625862072	5.213666186282151
service	5.185770761124891	5.014557562074239	5.285366439913471
height	5.074514930767073	4.849643140834002	5.026875894910413
prospect	5.1626556860946495	4.978455622644088	5.1591611726470825
pleasant	5.234794515385752	4.82756975446305	4.965455833958316
shade	5.132668861410979	4.823052744851967	4.933438542121331
listen	5.028658425937631	5.056904086436486	5.027692502819108
mighty	5.008713970301046	5.0186581848941225	5.072258583802807
country	5.123043265239863	5.009059302742174	5.265389435142404
title	5.222251172966033	4.967711380292318	5.341382964821729
choose	5.141809079823379	4.948002372989682	5.199362762700337
village	5.14178351705581	4.89438932275335	5.0641749196824755
acquire	5.219573272315334	4.967603226657197	5.296265615994282
rank	5.1359517243819806	5.049037211787187	5.266135591599991
bow	5.057149278442636	4.946004791784287	4.971777778968532
doctor	5.00800137636746	4.979133676131222	4.9986341860721275
talent	5.248341090613233	5.01515030746227	5.320219921191803
source	5.179097591967643	4.963994869251778	5.250844290571299
lead	5.0590560345215225	5.0197994737878995	5.143270577736778
question	5.061776246272311	5.039913389382727	5.259855106086187
publish	5.235500335272415	4.94227213448018	5.335148807687979
interest	5.156241957347426	5.033949455748107	5.293597297848231
serve	5.0576184237554385	4.960798680839134	5.090576337090693
divine	5.144777510348645	5.007502928578912	5.245430792846127
put	4.959812580946171	4.922099547306663	4.942192732754332
shadow	5.05472079703318	4.901403622588223	4.975516636213424
practical	5.183327270235045	4.974058677394822	5.323885351768477
surface	5.067807533389935	4.782987744371081	4.941622505759124
account	5.100287032794992	4.981424268644788	5.198211385102746
loss	4.955905394916909	5.087984098653995	5.131368020227076
indian	4.973810148581994	5.026695628013481	5.1124754821683815
vine	5.13555184189182	4.7696552890757715	4.990306026395077
certain	5.051187044757201	5.020728285452322	5.201915706739427
sin	4.883346659377891	5.119471698018901	5.089844989013557
necessity	5.012715083244555	5.071789335836221	5.252803590918671
lose	4.990818087037759	5.0487303147366065	5.054973093305333
private	5.1069138217906405	5.055874613602936	5.282379182351146
gentleman	5.146804532757258	4.953031737499435	5.111035416304717
daughter	5.053086366633735	5.043045358183883	5.069000022124622
drive	4.847769997486174	5.079360990416925	4.953836073760858
strange	4.968713546401315	5.035239321887309	4.9606673486292285
journey	5.140851541836679	4.929022466159544	5.048383170068289
uncle	5.112349817282491	4.9336751286207825	5.010505967115753
species	5.053669554430913	4.930006603404915	5.127422815646019
think	5.038967132386241	5.024770063706499	5.0665376650661775
bed	4.995861299224274	4.822636594330248	4.8035051771411865
wind	4.945019482968419	4.932033356270424	4.872684637012108
bless	5.092778586184516	4.956214358709983	5.010435670319069
destroy	4.889413758885778	5.089099247942717	5.107945506093899
author	5.216910249901618	4.9869098283494155	5.290871007787475
sustain	5.050778371791028	5.046392253432374	5.2472802803244525
black	4.957875989729502	4.848863257643153	4.834700518578264
event	5.088018263340779	5.08208836150668	5.26779246192993
liberty	5.081131262500507	5.108271044110269	5.314497428294837
negro	4.94146920743225	4.957954087801179	4.97255252025399
little	5.1050316870160595	4.891980744774134	4.995581318761972
fortune	5.092059015348419	5.069555435160774	5.167795637930403
touch	5.0539544288931575	4.963085952839178	5.0044151351507775
kill	4.784215576085326	5.08407486334013	4.90096590617919
feature	5.111680520975424	4.9321869614115466	5.078072265623286
happiness	5.134231039607601	5.064978858611742	5.22634333206971
assume	5.081752131127775	5.020529620466184	5.200015553208472
notion	5.07584619533337	4.983850229079657	5.148319353520349
purchase	5.165194218241556	4.880243757385906	5.153603758939798
faithful	5.141256995065838	5.060530740703827	5.233649856452237
soldier	4.922279034369112	5.148658178887874	5.087487695966176
father	4.99658578725132	5.055122452616263	5.057699234622497
narrow	5.008838299492308	4.882669057688541	4.989566326003455
great	5.120172235574858	5.002573649875568	5.2346525559300465
tear	4.9198745817850495	4.996671342656205	4.8772382992927
honorable	5.141615144027695	5.112772317181937	5.357847631422526
previous	5.100660745861196	4.9672099562279355	5.19349077969248
good	5.098653910579773	4.991610041586313	5.119460124793509
domestic	5.153283578624365	4.954613237584148	5.184857170304589
glory	5.168862913538068	5.001783292846437	5.181811594581828
lay	4.997871750399936	4.895594291128683	4.94781260048604
occasion	5.075889959917022	5.051053687269169	5.202386058012692
guard	4.915377222923953	5.102361795973494	5.078100819560754
whole	5.070368471960355	4.949153841860211	5.138653498579644
mouth	4.976113063380225	4.8640251938612495	4.840135949132223
receive	5.146036715973649	4.980420364150598	5.217224539408815
take	5.01370416699043	4.975154693184794	5.054430077321851
simple	5.171469656532621	4.892929449671908	5.137866931557341
error	4.990678824391593	5.094313994501465	5.254130163903141
wisdom	5.114376934774605	5.074000719124503	5.271157728423655
rock	4.9700960218994625	4.874217221049347	4.8882318389018975
decide	5.070986078328198	5.069681463883548	5.292836582322776
exclaim	4.9195705780046755	5.048910054294466	4.897004769930271
assure	5.076417827040497	5.062608606419196	5.15932888118204
sign	5.043961645545772	4.974105746948565	5.109804889787159
preserve	5.128326538030393	4.926127491349953	5.159767279992306
commerce	5.136561792924587	4.96495252950256	5.266507457488551
plant	5.111638719350484	4.785165928048963	4.986863831456123
walk	5.126780159021035	4.8487329188959665	4.907602785521563
difference	5.089233701637574	4.949264783755909	5.199094386035219
hang	4.956486278223617	4.87569358745887	4.817938318002182
following	5.240752072726523	4.868974028794692	5.2276301661474855
employ	5.12951918855691	4.921644633062772	5.1913340245285315
