deal	5.053509880365584	5.002012274514468	5.108426903210861
study	5.281052371970921	4.897589682135292	5.246832659762741
afford	5.185418058380993	4.938366555085394	5.218629657409566
service	5.186831620652816	5.014149275265153	5.286102383452342
height	5.078177363452823	4.870347060106844	5.0415403482557695
prospect	5.156619891080761	4.985325611420204	5.164032896328091
pleasant	5.237014243818094	4.832643555470496	4.971532590585032
shade	5.129661722103705	4.83912662911195	4.944205714679057
listen	5.020098464357996	5.062351797209537	5.032169353888336
mighty	5.004570561364269	5.031644781689718	5.0766218035168285
country	5.1251358145870025	5.010231702384175	5.269629870185872
title	5.227014787411775	4.964701496517955	5.343646791606852
choose	5.146343102778884	4.950586577351798	5.205887163135743
village	5.152118643951477	4.9019885548004325	5.074328841147235
acquire	5.221123982448295	4.96497300017362	5.299677368727535
rank	5.135294147706473	5.055991880141489	5.272940547265178
bow	5.053270975915437	4.963908710673642	4.980861201603216
doctor	5.015979432618341	4.978135955715767	5.003864293978244
talent	5.247014750359753	5.01132500314115	5.322314783730659
source	5.1740162843975055	4.963928003838292	5.251282478110235
lead	5.056692340368944	5.025030957314986	5.149951505098821
question	5.0650431889246565	5.038096592034608	5.267409586537635
publish	5.244445803727952	4.9350093354449465	5.3360645143640335
interest	5.153017014960111	5.030092781492665	5.294078041221026
serve	5.061448846289395	4.964347795396088	5.094705209753884
divine	5.133445265825585	5.010009873684143	5.245377965827271
put	4.969738786945477	4.928747428088605	4.95056873457667
shadow	5.048103152836699	4.918555403308337	4.9871749545702
practical	5.187412392687364	4.970656771244835	5.329218085775064
surface	5.073448528120384	4.8028173682503885	4.958689259790898
account	5.108023828989555	4.978429737637709	5.2020444917292545
loss	4.952376579903473	5.0881454755247235	5.129946399275514
indian	4.981364898024383	5.034991968067308	5.1236807681410514
vine	5.144927175892804	4.784366242492404	5.006449346212252
certain	5.055119398531864	5.021471775065926	5.209496354941594
sin	4.870389175707999	5.120643973447595	5.086174274223009
necessity	5.013482798755496	5.073049704206531	5.2591510057267445
lose	4.984921699892757	5.053344600135943	5.055858583842044
private	5.1069961826503505	5.052345985586642	5.2825908760256945
gentleman	5.156669592319333	4.95383191876722	5.1203002331746355
daughter	5.046593539949428	5.0434723527369965	5.0675404515986635
drive	4.846298229177428	5.09288909720198	4.960488769282761
strange	4.9653763006439355	5.039740452098627	4.965542957255179
journey	5.141879882392471	4.934267664172199	5.05236045015359
uncle	5.116162244027656	4.932945846886939	5.0115544330231305
species	5.063045198704724	4.934155721678577	5.135446623241188
think	5.038007637513523	5.023710856444122	5.069375199523814
bed	5.000867340606291	4.83466602859691	4.811099780040174
wind	4.942931359574837	4.952686117620944	4.884129790511726
bless	5.084117487674113	4.962379578437725	5.007321355054032
destroy	4.887787875331442	5.094251950458135	5.11052241028781
author	5.218262210797314	4.9792884053979725	5.291050186948757
sustain	5.046257162529854	5.0505702417608855	5.251280582134272
black	4.96766194679655	4.867403557831278	4.850048593720839
event	5.085252977884858	5.080780044098123	5.2706323399404225
liberty	5.077455135730887	5.10835558142666	5.31630711426136
negro	4.9563293994575295	4.962527259160779	4.982017278469893
little	5.111852303020148	4.894415662817887	5.002308773541195
fortune	5.085764394417913	5.067882076183691	5.164312200779387
touch	5.050298793118327	4.971605784107227	5.011558155901247
kill	4.789359658255064	5.093630671763533	4.906322093780129
feature	5.107125149642925	4.943506137841022	5.090634655278185
happiness	5.122219936803768	5.062603816700414	5.222772778193185
assume	5.079963119025386	5.025731531659319	5.2095167275447
notion	5.086022356101066	4.982086771271039	5.158277255528237
purchase	5.1741987931488165	4.876088016356346	5.153222986648869
faithful	5.130888192998042	5.059753500534715	5.230841737269963
soldier	4.921013628796669	5.161485373678786	5.095206407706499
father	4.990027279882624	5.057594055048361	5.057345412836682
narrow	5.012177119148373	4.899082389365394	5.003448144999276
great	5.1218628106794535	5.004794464551818	5.238461172674698
tear	4.907625035925972	5.007045340209615	4.876454999381423
honorable	5.135909319464339	5.110772447760011	5.358058386584367
previous	5.105682989888359	4.967960275547825	5.201025615467004
good	5.10245165651283	4.9899112702205395	5.122279642244749
domestic	5.156840585266804	4.9495382891701265	5.185749803488689
glory	5.156857107354285	5.010730499604815	5.181228839914438
lay	4.999051734751365	4.907641332806548	4.95546138123055
occasion	5.077932214873426	5.050655666586351	5.208230806831088
guard	4.913294195570846	5.11582215815764	5.087156715331161
whole	5.075733745134092	4.954963326914326	5.146564515845845
mouth	4.982380059181941	4.8829859479913855	4.854173417905918
receive	5.149268737521046	4.98059555508349	5.221139961424709
take	5.020006329149889	4.978590149778974	5.061321552011752
simple	5.174716799599105	4.894669412284866	5.145071798737002
error	4.986763255852478	5.090688414732944	5.25671312910715
wisdom	5.103853280314982	5.074899840228764	5.2716082196662155
rock	4.971131420346954	4.898213529053332	4.901533780137096
decide	5.071774948623205	5.070622183360142	5.302401845513068
exclaim	4.917547644540962	5.060344579188207	4.903184698925894
assure	5.0741561843987935	5.06490289328044	5.1648046686304
sign	5.048343134020611	4.981903611296256	5.120177994771538
preserve	5.130906708311755	4.930545434445031	5.16485028494156
commerce	5.142290560692354	4.968353153117007	5.2733122481787476
plant	5.121449889223173	4.798153175342073	5.001393867796791
walk	5.1302912486257455	4.859627280293747	4.917490797800565
difference	5.099414258535736	4.949388219353136	5.208498257321939
hang	4.958086320165424	4.894285049746554	4.828358428089617
following	5.248665864991741	4.870629633003543	5.234973364343034
employ	5.139443103022046	4.921520395381982	5.196967738512742
