deal	5.036286892660151	5.0072117211195275	5.112220627028639
study	5.266099553982467	4.903767384201258	5.250882469535355
afford	5.177388282377434	4.941803883268357	5.226273622488866
service	5.181154368813981	5.0165235590003485	5.2962465507421435
height	5.065550822637874	4.873946578420611	5.047744215717654
prospect	5.1517324132185625	4.988837418924355	5.172736254033425
pleasant	5.223513055424218	4.844468043278672	4.984257670510786
shade	5.118349758212062	4.848433131406397	4.957587966511505
listen	5.004851740202335	5.072409085347768	5.03680405800098
mighty	4.99214927909514	5.036555414615312	5.083241292342913
country	5.119521418673099	5.012043408781248	5.277396571660369
title	5.21490807874064	4.968473284391231	5.347915315715267
choose	5.141721412239967	4.949966104326887	5.213080004470196
village	5.1412890222682766	4.907886605305265	5.084527145240114
acquire	5.211844906636115	4.966021571825153	5.304908848847231
rank	5.127218044797296	5.059299643582956	5.282167241391156
bow	5.037387644840112	4.972590597975255	4.990509137370932
doctor	4.99716801956303	4.9844012851204615	5.007657748437532
talent	5.236055952632	5.014829550361309	5.32861142887937
source	5.167876626205917	4.966808257098624	5.257542751670932
lead	5.0486319134367985	5.029099838914377	5.154623465390451
question	5.052553885074588	5.039232827577276	5.2651737029085455
publish	5.2310132035342365	4.937631993850613	5.337797142439989
interest	5.147375545353526	5.033461074094875	5.301932579390618
serve	5.052857751302982	4.966940053737918	5.100899399154266
divine	5.124201106744051	5.014123861806664	5.251074347963077
put	4.9551906520061335	4.931858279919702	4.953624047875808
shadow	5.03485741925938	4.924410332896429	4.992440419321776
practical	5.1766581566936	4.970581018881056	5.330846025122711
surface	5.060501214283895	4.805072817101569	4.962367940400305
account	5.096221525101638	4.98133631923624	5.204755253525436
loss	4.947340708319339	5.08992747323289	5.1381669056255825
indian	4.971364867174726	5.034757784916316	5.125512607621424
vine	5.13493182741399	4.785740268798135	5.012590216782614
certain	5.044043730157335	5.022751932147196	5.21184315584467
sin	4.862776087174886	5.124034095561603	5.0933675350886185
necessity	5.007252346079616	5.07269078394938	5.262211595656208
lose	4.974953884700153	5.057907043840654	5.0624897247917495
private	5.1017499528051	5.055568592293121	5.291000187788738
gentleman	5.140856955940039	4.96038133530959	5.126975426413982
daughter	5.037569337342905	5.051659363639593	5.0805562010714
drive	4.837939408889644	5.09774917285693	4.9693010216113285
strange	4.947031121519461	5.050107670456864	4.969842225462641
journey	5.131664217868118	4.940091299469426	5.057951196966509
uncle	5.101109421150734	4.937474507690355	5.017302964547334
species	5.054098050445124	4.936803765678029	5.144079931572626
think	5.021640872572397	5.029498726934901	5.071079167058317
bed	4.98871762602833	4.843429318507772	4.823420663678975
wind	4.931812454798785	4.959678263484993	4.893106721060223
bless	5.074207989857642	4.968807823626069	5.019371429545139
destroy	4.885677860274903	5.0948897600790435	5.120661965163172
author	5.203034590954914	4.986524295999678	5.293940805220571
sustain	5.043871491186931	5.050499590041925	5.259496195150932
black	4.949834080410744	4.873181490431453	4.859046679171829
event	5.075260889321966	5.083113064495971	5.271286375717819
liberty	5.0732533087355725	5.111099459258974	5.32449376355724
negro	4.940932589028261	4.96643856074814	4.989937464832142
little	5.095984146716817	4.902112020182318	5.0087000492759755
fortune	5.080426129892688	5.0740748173685875	5.176198999320801
touch	5.033969846619786	4.980359664253821	5.016725128958065
kill	4.776290890093053	5.092898663109233	4.907355291341871
feature	5.092263869251982	4.949879468619917	5.096262769244285
happiness	5.117992296796156	5.067230570607393	5.2325071765669255
assume	5.070427061949971	5.028063055479687	5.214352251605632
notion	5.064083024077576	4.985629205294484	5.155396858251783
purchase	5.168302632904279	4.880194122960717	5.165607973857006
faithful	5.124963229615598	5.064612376674472	5.239539142278155
soldier	4.911464580388925	5.165299581997275	5.1014013303709325
father	4.980535984343068	5.063160326956213	5.065532862189607
narrow	5.0006135762254	4.903701246577038	5.0099056812634934
great	5.111133271315167	5.007455161003787	5.243194281078485
tear	4.899472687498194	5.0149291850055295	4.889430339144085
honorable	5.13247741785683	5.1110780551551	5.365197613179446
previous	5.097774582540778	4.9682227951858495	5.204323881014062
good	5.090259949794105	4.994631677825396	5.128094686680558
domestic	5.1517387249410955	4.956219343788449	5.199858596015678
glory	5.149105254027213	5.016080858057341	5.190983538459311
lay	4.989821782057507	4.91472569859998	4.965042980795306
occasion	5.069322217938478	5.054908812852207	5.213861160198846
guard	4.9067532627023915	5.1198400711543695	5.09435148902294
whole	5.065829830489052	4.957574000894446	5.1520576328198855
mouth	4.964274212524195	4.889176095701073	4.858817485722557
receive	5.141893566333863	4.983295414187851	5.228617028081887
take	5.007405618629079	4.982470416131653	5.065007414181292
simple	5.1593036425121515	4.901372733178346	5.15052089038683
error	4.977134255520996	5.092048494967058	5.256519499485685
wisdom	5.096308082227932	5.077094294019207	5.275852477156702
rock	4.959612107605319	4.903339650735119	4.908684352502095
decide	5.061468713661658	5.069356753688089	5.300162086484795
exclaim	4.897665202329534	5.069725155224255	4.907492686154145
assure	5.06045209080311	5.068228087614182	5.164086925422497
sign	5.0311097298492236	4.984768342710518	5.119197688925691
preserve	5.1238668183380005	4.932014153876823	5.171679395627819
commerce	5.138523178485744	4.969439575185392	5.281056075834501
plant	5.1118151528437465	4.800677228974579	5.009915129510012
walk	5.112600396317002	4.870661491420064	4.927190291626995
difference	5.085374672908542	4.950037507682726	5.209273478995491
hang	4.941701229765495	4.9030289694958435	4.838953282066439
following	5.237206668925329	4.873025186788006	5.236746028139335
employ	5.129916773657644	4.924514217681263	5.20446230418904
