deal	5.0417291075937625	5.003890910856467	5.110671128425766
study	5.271959135827839	4.907778843271201	5.255789820751825
afford	5.177524332968036	4.940238264207971	5.223861027955352
service	5.180979566987218	5.016526289762413	5.293412447026323
height	5.07021259542922	4.865041713494583	5.034624796104135
prospect	5.1530531458288165	4.986306650869185	5.166902233754808
pleasant	5.2259258408112945	4.840927905513717	4.975611736372891
shade	5.12115736029874	4.8438480537215876	4.947150666784469
listen	5.0112524715622095	5.069519622332592	5.0368698720309855
mighty	4.996650502988273	5.028806805375044	5.076096179026276
country	5.120528024570915	5.01084552384217	5.2759359596674384
title	5.217747819298809	4.967576599676446	5.350761659866682
choose	5.140120759693112	4.951100345978093	5.209442853664556
village	5.140859860735389	4.904449970534483	5.073357842519614
acquire	5.216633634909511	4.97004028158295	5.309060485056956
rank	5.131515208059373	5.057994916708984	5.280522311598798
bow	5.045509663681521	4.963387579801605	4.9820714315213515
doctor	5.00337151202776	4.983375326452873	5.0072107889715465
talent	5.2451937250404495	5.019047891299068	5.335255811474063
source	5.16695121404672	4.967392415118033	5.258314894043097
lead	5.047477912317619	5.027286992406663	5.150904472433931
question	5.059251219926037	5.040019549645689	5.271965490786864
publish	5.235331753499194	4.937924159810382	5.340670705926273
interest	5.151096192620529	5.033519798899405	5.303724131197317
serve	5.051070421311735	4.964955689889159	5.096456726873437
divine	5.125760598719731	5.016826323664827	5.256047995408039
put	4.958895539084148	4.9239057281085605	4.945691088762213
shadow	5.03977081281544	4.919900156261807	4.985352494327497
practical	5.183329981299773	4.973204468230529	5.3370077546811
surface	5.066439642800782	4.797131173100837	4.950950849017243
account	5.097917180846191	4.979274618997458	5.203264359089706
loss	4.948269095187723	5.087818929856888	5.134709631560955
indian	4.972784682549521	5.032194336969008	5.1202170916236796
vine	5.136156430501592	4.782710521020978	5.002312975003645
certain	5.0472181633585285	5.023930402353473	5.214575085415765
sin	4.858982679885567	5.126740686026809	5.094059694877103
necessity	5.010198123106867	5.0734168505293615	5.265613517038855
lose	4.976364334073188	5.054473763612952	5.058630916528642
private	5.102962631536163	5.05379493925767	5.290776071750106
gentleman	5.147222827161003	4.958455081071239	5.124884013700728
daughter	5.033852844180022	5.0546452375622595	5.0777328328987865
drive	4.836976808118187	5.088404051184832	4.9563889942840715
strange	4.95095062128334	5.047425569391222	4.968025779933523
journey	5.130882613395063	4.934552959092765	5.047630345734493
uncle	5.100894504987908	4.9367394371393125	5.011557502713494
species	5.055278550200582	4.931522907568574	5.138098988207825
think	5.025350793929552	5.02959213015241	5.07229655924274
bed	4.988871901898318	4.835101719732198	4.809355729254432
wind	4.934835685744203	4.948489641932689	4.877266316996916
bless	5.069188707384231	4.967636300247328	5.012250900416338
destroy	4.880307925272058	5.0933495493576615	5.115589501886603
author	5.209153527234082	4.988018589092248	5.300514679080875
sustain	5.0473770697444165	5.049908662509872	5.258828074926787
black	4.954480152892758	4.864668012020265	4.84378678263847
event	5.080085386443868	5.085884447537787	5.275515436855039
liberty	5.0757105651624	5.110953235146542	5.32634713553383
negro	4.943054137419776	4.961533115795885	4.979142486561313
little	5.10033702762462	4.898155866864749	5.00372182678896
fortune	5.079755063280172	5.071607133911493	5.172152321817627
touch	5.040151448459028	4.976964595617597	5.015293169051987
kill	4.772258528047363	5.090841286775044	4.898323082571771
feature	5.103168800368241	4.95002448214245	5.09653594434965
happiness	5.116704228190224	5.071027263610401	5.2358036955793406
assume	5.079704440607586	5.028177205364229	5.216690063814423
notion	5.074531285139231	4.985698668061029	5.16013411536789
purchase	5.162635307762912	4.874732729012481	5.1559907288795745
faithful	5.124131366249869	5.066422659091013	5.240239166910731
soldier	4.914210569187576	5.159234737065287	5.094047608920668
father	4.978547199574125	5.064993653795976	5.064584116151171
narrow	5.003681337551157	4.8946904155144875	4.998652917051433
great	5.114853722161029	5.0057478053832	5.243036374560013
tear	4.898883563371116	5.010588868918076	4.880912110936348
honorable	5.134228625053432	5.113756894205171	5.369003326542256
previous	5.101858967939861	4.969425398397263	5.203349729942573
good	5.090623012146393	4.994119040059305	5.126429016803107
domestic	5.1518548158109425	4.9558554878455885	5.198778825517149
glory	5.151353010897708	5.012321853294421	5.186446434254368
lay	4.991651616033111	4.904181229541881	4.953258317845098
occasion	5.074757107422499	5.054060205454557	5.214619375842693
guard	4.905629100721474	5.11223822613799	5.0844658202444855
whole	5.069653812062341	4.95338010446084	5.147722016836826
mouth	4.971859112754789	4.877526293417927	4.844872313887975
receive	5.141171264958588	4.982868020797383	5.226618402091299
take	5.008587043281667	4.978638214247167	5.059970729015084
simple	5.165829498286075	4.901134316682801	5.153079927208169
error	4.980609577766694	5.095060334062814	5.263147110211652
wisdom	5.098927513216044	5.080197861149818	5.28128788874149
rock	4.9611791618581575	4.890922157136384	4.891181014872214
decide	5.070073517091443	5.071928121944597	5.306646023689802
exclaim	4.903155261530131	5.063005365009012	4.9018004132501956
assure	5.06427609247174	5.068053503654921	5.166327916851052
sign	5.037547201985965	4.982122357094389	5.119461629932076
preserve	5.122848178038431	4.931655008492666	5.169433472909094
commerce	5.13849372334597	4.962951134287444	5.275532330761225
plant	5.1109469392815186	4.797998021523621	4.999931412692663
walk	5.117213029066076	4.86389633645739	4.916593408866134
difference	5.089888625459182	4.951721012938242	5.211331302628779
hang	4.945840965493144	4.892144166636026	4.824529823654017
following	5.239816515264195	4.872480886421166	5.23566578021669
employ	5.132279966637912	4.920069488500368	5.199789615504118
