deal	5.045290157731875	5.0100023741802575	5.113526203163936
study	5.27691778270361	4.905741907673958	5.249201983788638
afford	5.178360712069792	4.941860474113869	5.222281702653549
service	5.175848716019289	5.0219628760926796	5.292811088837695
height	5.07027020014286	4.878981936318099	5.049589009186036
prospect	5.151756374100675	4.993691507190333	5.1703029230105955
pleasant	5.23423829972924	4.842057825027183	4.982101495658709
shade	5.125755688888402	4.850371140211111	4.955859292449847
listen	5.014585358663268	5.074475302076426	5.03880960536555
mighty	4.996733319754081	5.04637532073096	5.0885580371745425
country	5.117994030719393	5.018504791881093	5.277068297332852
title	5.2163551008733915	4.977955438004628	5.351165561917363
choose	5.133709893638437	4.957356634995709	5.210294329440258
village	5.1382833090712525	4.910113465876227	5.082817903996581
acquire	5.218139066874006	4.972201964803639	5.30460359916215
rank	5.12865410275822	5.067282259481751	5.282557476712498
bow	5.047447923445089	4.974952005271557	4.993422288272157
doctor	5.0025517900597265	4.984323875508733	5.0060331905627855
talent	5.247483150008042	5.020901475857359	5.328811962112676
source	5.169430377201356	4.973481914071698	5.2560984108678825
lead	5.048530197693157	5.034338587289264	5.155020587733944
question	5.0532986832424145	5.042843757535219	5.262909161885165
publish	5.234394345769865	4.942412586980787	5.340033087431008
interest	5.149935714754424	5.0359493983257915	5.297902422117023
serve	5.050959875501908	4.9715584280463805	5.1010768177567165
divine	5.125053858887817	5.0250565134046	5.249252683897016
put	4.957137958651727	4.9323453890093	4.9537604035510645
shadow	5.041411280062029	4.930055424896631	4.993428129804528
practical	5.1820797576316995	4.974505444064904	5.327703894126739
surface	5.068672556745829	4.804504937872532	4.961353598339528
account	5.09872286085037	4.98239176731558	5.204091542809144
loss	4.941038764243897	5.095145703863823	5.134610041867527
indian	4.964625889072049	5.042819645031583	5.127662326278757
vine	5.137239499154676	4.7861638768154675	5.008938068145815
certain	5.043896724604364	5.027030292971282	5.209178705971201
sin	4.856001649637386	5.138281591015423	5.092396521620806
necessity	5.000629963450594	5.076506583012396	5.256784972386456
lose	4.9767914739885395	5.064062213528898	5.063286599685012
private	5.09728606949726	5.057580405446687	5.286315868409709
gentleman	5.147669804863862	4.959688163417544	5.125625922341668
daughter	5.033624036099709	5.061189918564495	5.081193774289331
drive	4.83254362030721	5.103440516117801	4.970505902382391
strange	4.956042888874212	5.05359687764297	4.973069765511062
journey	5.130541861522674	4.943728235690174	5.059225775895544
uncle	5.106970047687257	4.941157497549712	5.0196697476023155
species	5.054029507152921	4.938399544448527	5.139746517965247
think	5.029001523308365	5.033225076397322	5.072660165412959
bed	4.986692197529899	4.840933220325709	4.818933735527405
wind	4.934996552166857	4.961762519581457	4.893226137711769
bless	5.073295927900812	4.979160319885693	5.020355479381541
destroy	4.874829398023162	5.105652634167256	5.119684135857314
author	5.214345629208549	4.991621798171314	5.296660371104739
sustain	5.04026553160388	5.0571452496472	5.255699392465692
black	4.956213957275158	4.876105571314208	4.860925822629015
event	5.076506957199484	5.088341633518705	5.2721292549611745
liberty	5.069222838922463	5.119523147820691	5.323306453747702
negro	4.936057454619057	4.9703442571922345	4.986980154186804
little	5.105599117746902	4.900806286186436	5.008878075525018
fortune	5.080132176339113	5.082874490166795	5.177396176972975
touch	5.045727862735237	4.981424767138739	5.018429231446945
kill	4.767042681949081	5.104393356846717	4.912265546289879
feature	5.105589691824093	4.953089458761959	5.097068435391315
happiness	5.116590580654186	5.074072956270166	5.228574650043891
assume	5.075526750816232	5.031140648368611	5.211731737646481
notion	5.079040335265362	4.987545536048996	5.157798195515199
purchase	5.159259673945263	4.884176887980789	5.161150643124189
faithful	5.123130138029594	5.0731811842758106	5.239333968313379
soldier	4.907209487393602	5.173113305017852	5.104823930106393
father	4.97559007706339	5.073222458505453	5.067307159168213
narrow	5.001448386818067	4.905925829859586	5.009045380980439
great	5.115385385357185	5.012718101210136	5.243856901222894
tear	4.900378464215355	5.020684259686184	4.890557673812391
honorable	5.129086856238715	5.1206155326579665	5.363753839011825
previous	5.093636257527765	4.969680419801864	5.199511243511203
good	5.094303376133907	4.999009071795402	5.1280433267030885
domestic	5.151626182508054	4.955252181595929	5.192969091431874
glory	5.153284488117968	5.030356849536817	5.196170974416883
lay	4.990312526604393	4.916805195405743	4.9650613786363165
occasion	5.069515162240233	5.054937138658906	5.209454117607203
guard	4.89784086334575	5.124562093499369	5.093523664404052
whole	5.067462070233331	4.961272598875981	5.151581279928355
mouth	4.974338191890488	4.891068618851227	4.862903638201972
receive	5.138005451546028	4.9853311421075235	5.224632277985453
take	5.006695700176669	4.983118237876041	5.063901480719211
simple	5.169512044612359	4.902872899684894	5.148903644236158
error	4.978688901287444	5.100803652602972	5.256399669512259
wisdom	5.0987741555127295	5.089772260678946	5.276837036782987
rock	4.960864555353807	4.908031953028078	4.911678067462957
decide	5.061505234886359	5.074304054662587	5.297795342186047
exclaim	4.906857121231415	5.071814889098872	4.912192915800792
assure	5.065987451259878	5.071600582899583	5.166295724476194
sign	5.033235282630902	4.988959597319143	5.120082070242653
preserve	5.124741852082519	4.936998284567451	5.172093409680157
commerce	5.135107108783004	4.972661484474281	5.278084652664466
plant	5.1128297104075635	4.803085014891224	5.006742581630542
walk	5.121219568328754	4.86842587509615	4.925452257685406
difference	5.089186701665629	4.952474554162445	5.206567046665929
hang	4.947880899215057	4.904810445728106	4.8402395863459775
following	5.239826181700195	4.8722551720006715	5.234929978262695
employ	5.131170840062052	4.924337287765421	5.200725983861512
