deal	5.03719036564717	5.0155844967327035	5.116558991051074
study	5.2736389910723425	4.9144267918407945	5.257486619686384
afford	5.177524378667792	4.948963637815987	5.230413451350543
service	5.174916976850649	5.026148094905508	5.299406006800941
height	5.0686604282353445	4.874008287676477	5.053810857845755
prospect	5.150523171609829	4.998700525713473	5.17792705544976
pleasant	5.229430112054135	4.846298798893841	4.986092718335778
shade	5.122225787693076	4.8507163821616155	4.95988839509515
listen	5.004331205411101	5.084153720244874	5.0429747570154015
mighty	4.990857358051724	5.0419585279253605	5.089002685122156
country	5.115796593640019	5.023781937477243	5.283154672793831
title	5.218826775530333	4.977903933932851	5.357127383389417
choose	5.1348337090411755	4.960780763741205	5.2177008994604686
village	5.141579081184662	4.913461212325362	5.089985976238353
acquire	5.2136314536763395	4.977587934898886	5.310809646219162
rank	5.121209212220387	5.067211486590997	5.283307789201078
bow	5.037265939866048	4.971763210664006	4.992964550504823
doctor	4.995432695344746	4.9966970980263445	5.011420388066784
talent	5.240500377186386	5.024682751838307	5.332690028424655
source	5.169117291074681	4.979666601339558	5.266199863621267
lead	5.0420902820270905	5.0399846237642025	5.160365907729993
question	5.052631939001063	5.053995559364074	5.273636067105413
publish	5.239599827958216	4.9503341464485695	5.351127697316262
interest	5.144949402666124	5.0470682133779095	5.307704984851144
serve	5.0470457664576465	4.974751047820937	5.104575453921285
divine	5.122162404586486	5.028931233961492	5.258064813129532
put	4.951924351853599	4.934664659079422	4.956707073425408
shadow	5.038390225351892	4.931194984411043	4.999190420369977
practical	5.179151148619508	4.983247703923425	5.33703936957277
surface	5.067595968133732	4.803614930390572	4.967142524101437
account	5.098665974701753	4.992167523817542	5.213048394871576
loss	4.939360384800305	5.105344478934393	5.143457456176682
indian	4.968487301637914	5.043896745440105	5.133454714449605
vine	5.137873882194632	4.787071986097367	5.016192178347797
certain	5.042078419150812	5.036084633571802	5.2182693674508815
sin	4.849257732605156	5.145655694616766	5.09870831948779
necessity	5.000217192105592	5.087721011137046	5.267276720125035
lose	4.970136899029752	5.069564422358743	5.067873842707295
private	5.094464287186309	5.069811651884089	5.296162963625024
gentleman	5.141000920230177	4.967210050968986	5.129300805561056
daughter	5.027646429533093	5.0696203044282635	5.087182036252019
drive	4.826276560844682	5.106247134282901	4.972971192325677
strange	4.947085218587028	5.063109057268191	4.977281664489612
journey	5.133727987517998	4.947933014863876	5.067237959757047
uncle	5.101721096512017	4.948650261396096	5.026110152670709
species	5.053136693521594	4.944127331996721	5.148789012252134
think	5.021361417635388	5.0421661472782136	5.078188341156724
bed	4.985221242397999	4.846977336456028	4.825335764192377
wind	4.929358091600151	4.962271009916955	4.896461577340685
bless	5.066867745860397	4.979844186121483	5.02409984897666
destroy	4.871657999542717	5.1102196719784105	5.124067027973195
author	5.212081085539464	4.998654820714314	5.303929487219267
sustain	5.036953387753493	5.063945117341509	5.2637323727835135
black	4.951263007815663	4.87318751687193	4.861234436977592
event	5.077516489379056	5.101306358075394	5.283788693614157
liberty	5.06408378326369	5.125758218152055	5.328851211712078
negro	4.934510084469873	4.973456700793792	4.9914662013351405
little	5.098162840548345	4.906022044668099	5.011656393308522
fortune	5.072805099340759	5.086566310145534	5.1798108359686585
touch	5.03597861385075	4.98716834147688	5.022558935193571
kill	4.7666757348179125	5.105539077773799	4.915874463519868
feature	5.10026204856787	4.959054753115519	5.103917691402637
happiness	5.110755503986926	5.08421967006058	5.237461716505595
assume	5.071716212997961	5.0394361453422745	5.219405530696369
notion	5.070516623539268	4.994060534138143	5.161244543305366
purchase	5.162675383813811	4.888404936414576	5.170431566153878
faithful	5.11731676447408	5.079522573953232	5.245737187987732
soldier	4.901066769278607	5.172657118247512	5.104891199004206
father	4.97079611605597	5.0809938267457575	5.073333648838396
narrow	4.999311572470301	4.9070693622414785	5.014776830389599
great	5.112021753030445	5.016922677404616	5.249816656885335
tear	4.8906000079091045	5.027848213367933	4.8942822089514895
honorable	5.124141141622167	5.126512840013874	5.369146925552071
previous	5.098574972015761	4.982643495295892	5.213243085384609
good	5.085677705773566	5.00438638263037	5.1308801035342855
domestic	5.145900853512821	4.9669241123144285	5.200925329861393
glory	5.149019882964904	5.024054571589418	5.197168367665043
lay	4.985588990552833	4.918025123503074	4.9685803791006435
occasion	5.067029465633559	5.067268294203984	5.21862016279648
guard	4.8934765230054955	5.128961668648022	5.098362678278885
whole	5.065753740638795	4.964622048570974	5.157352300093218
mouth	4.969673417531612	4.8874395144225105	4.864683317364568
receive	5.137506694780306	4.994748516509785	5.234748094070257
take	5.003089109523222	4.991216301706173	5.070298706323672
simple	5.165044237565679	4.907812128128155	5.155387652889503
error	4.974125497791015	5.112438988541686	5.265336114299913
wisdom	5.091842318982743	5.092158630128633	5.281265019777521
rock	4.959794410608696	4.903143831337272	4.914930995883664
decide	5.0617035991945665	5.0845099705312915	5.3083834052606855
exclaim	4.894572237360857	5.077035561197025	4.91296825785365
assure	5.060157652194087	5.079865054584682	5.172574964696963
sign	5.033114996485363	4.994984370325559	5.128751020882456
preserve	5.122464437359747	4.940473923338939	5.177424550906112
commerce	5.134690341488796	4.978093151041172	5.286446962317241
plant	5.11127038310359	4.803140317709452	5.012254454082767
walk	5.116087055467048	4.871230693588024	4.929057987344636
difference	5.086778593975251	4.960466332942624	5.2153565004781255
hang	4.940976215751018	4.90308220193649	4.840887166916036
following	5.246483326286249	4.880735174993806	5.2489208461949515
employ	5.129195200046485	4.930054269536077	5.207814810558392
