deal	5.037378886543343	5.011216215081532	5.105051023990708
study	5.2706719360965195	4.907915131579152	5.245686000691842
afford	5.175158499964323	4.947179004522507	5.216136718969191
service	5.1736299328019175	5.021025216485079	5.281453879351933
height	5.067696391209797	4.880604993987114	5.048610888098473
prospect	5.153358690591114	4.9972655920775315	5.1704241065458865
pleasant	5.23015989924051	4.84487540764921	4.98029955768172
shade	5.12690057935334	4.851549711545847	4.9594149771587785
listen	5.0105083478947074	5.076067825124368	5.040810685919262
mighty	5.001096111208589	5.043769281850139	5.090292192967851
country	5.114894605825139	5.0188246228367595	5.266528103948832
title	5.210469461039651	4.974738479252667	5.337361515632629
choose	5.128749720242763	4.956624293121025	5.195563791135243
village	5.135989991507769	4.9139232203329115	5.0742382388506
acquire	5.212773068765185	4.9726166516612285	5.297368040193123
rank	5.126544614923618	5.0660227296138185	5.276817151617679
bow	5.042920785578849	4.971604124985459	4.9918203339233695
doctor	4.9932128465755445	4.986701928955362	4.998585138321795
talent	5.240903011742924	5.021949698618499	5.324310816795119
source	5.1691342649734935	4.975315750312363	5.252795126897589
lead	5.047794248359282	5.035826402109336	5.151114475157366
question	5.0443108696431755	5.046736191867404	5.253302913027791
publish	5.224113743477848	4.9440165927907636	5.323227095601256
interest	5.142652714609766	5.040526281391888	5.290338602013168
serve	5.047755814294528	4.970665893557109	5.091652850781103
divine	5.127278023647263	5.022668130528629	5.249570201004716
put	4.946213017417259	4.9344766454645725	4.941099374419231
shadow	5.043558267429612	4.931766437713737	4.999670625976593
practical	5.174827870859054	4.979439290777253	5.320530351277925
surface	5.0625882795781205	4.810837351399803	4.96048710774304
account	5.089016825417427	4.986830336992364	5.1906431976368825
loss	4.941395750971333	5.095799759361349	5.1268204002524405
indian	4.963263734063454	5.041930347033654	5.115954994346098
vine	5.133355614533325	4.789480512025553	5.003162357478563
certain	5.039021648727954	5.030418884469545	5.201908650790656
sin	4.86235824785511	5.133284977931003	5.091083885906581
necessity	4.998579160645179	5.0808065477645625	5.2495730944402395
lose	4.977660781615966	5.064250685919505	5.06228496587356
private	5.093150289507399	5.062776563823793	5.276989399160329
gentleman	5.135383841842241	4.962788803077107	5.114243502096465
daughter	5.03401696587982	5.0563554404664535	5.07573367805428
drive	4.83483390502802	5.103586383356854	4.9663174309777816
strange	4.954487183537007	5.055606165332771	4.976146027150941
journey	5.1335299233109115	4.944580510593819	5.0556645005139975
uncle	5.096233764180398	4.941004251655153	5.007821115401354
species	5.047101873555659	4.9425721125201525	5.128563202526943
think	5.023192566137254	5.0341831222899	5.068647359417842
bed	4.984147842326254	4.844970477857548	4.815564698602135
wind	4.936072515071707	4.965316755388039	4.89622229427747
bless	5.0753695894249224	4.972941450434839	5.016146535137892
destroy	4.880357948571858	5.102660402700815	5.11208413513775
author	5.206570637878375	4.9922491873819075	5.2887453852483075
sustain	5.037722718081166	5.057692203702524	5.247558259885521
black	4.947196668979339	4.875774229293612	4.853375514926031
event	5.074145796311338	5.092433967587258	5.268359677386128
liberty	5.067232992700191	5.11822589097795	5.3137757142633415
negro	4.930547634404394	4.973151541167395	4.975018749223406
little	5.096795178930085	4.90320274373437	5.00226661579919
fortune	5.08242776807979	5.0799214014478515	5.173245195403578
touch	5.039363377748227	4.9823507783015835	5.0183263124264075
kill	4.770940369784842	5.098988951615243	4.90358529584364
feature	5.0976009055089975	4.955314705716059	5.09956220725924
happiness	5.1181353720174965	5.075956434658107	5.2292267011523546
assume	5.066675101975738	5.034371167041026	5.206115580673707
notion	5.064885878755721	4.991929285912166	5.149019961497806
purchase	5.155022992276156	4.884425701059566	5.143413967052974
faithful	5.12542286344005	5.0701523942549755	5.2355728122699645
soldier	4.911988637950433	5.170269772740839	5.102455323245328
father	4.977027502153999	5.067049985195448	5.0607278384995515
narrow	5.001404468946454	4.910466553417676	5.009477204873863
great	5.111533496698476	5.013090572780997	5.2366751202926185
tear	4.900935204041743	5.01769263574036	4.889389924506666
honorable	5.128054552152708	5.118816462630547	5.354887070732219
previous	5.087046344218981	4.975057622412642	5.188801346892409
good	5.088842434577657	4.998566841905875	5.119197384971161
domestic	5.1451558647070845	4.959597952248389	5.183678588371425
glory	5.160244431320915	5.024039469485049	5.198737453252884
lay	4.98717261571496	4.916857824982758	4.959049075221492
occasion	5.0637128058658565	5.0607163314610535	5.202237557180417
guard	4.901256780901697	5.126583677294112	5.090568934580584
whole	5.060150522659229	4.964540950257241	5.143069444653219
mouth	4.964429192858787	4.892238517874306	4.858821019359544
receive	5.1306983464157785	4.98627637205929	5.209809648394603
take	4.999247603576731	4.98548161890236	5.0524083662337524
simple	5.16187958962911	4.9052522600936115	5.145144792898612
error	4.975598365051985	5.102209611388208	5.25052741194653
wisdom	5.102216436831742	5.085804512754512	5.277045259621126
rock	4.963556212774612	4.909903739436312	4.913116947697191
decide	5.053895989693286	5.079620412049701	5.28999029546566
exclaim	4.900539985193572	5.0711840634041545	4.910683674202317
assure	5.059632376901175	5.072112312010424	5.159754239910961
sign	5.028077887143102	4.989900986500203	5.114322882660087
preserve	5.119623125920459	4.935680064746336	5.161468350686366
commerce	5.129315170841907	4.977485218815303	5.266019582178285
plant	5.110185134708044	4.804175112053005	4.999945321537301
walk	5.117811409468925	4.871628034344176	4.9253526282257845
difference	5.078282383355815	4.957172001422676	5.195279987020405
hang	4.9464757572851745	4.905405787122826	4.840917159989997
following	5.228346784807748	4.876120173115337	5.220335048383417
employ	5.122958206814536	4.929679599687404	5.189706895276488
