deal	5.0526961642906345	5.012088171418673	5.120809379582541
study	5.284872443533221	4.916108061911237	5.265993232907769
afford	5.192583390880496	4.946834722169793	5.2332215662850485
service	5.196152737695153	5.0215902006230495	5.302371511612946
height	5.083111329478449	4.874164892232606	5.051927543774346
prospect	5.170893025197517	4.991316563339493	5.18003231885274
pleasant	5.2480200852855745	4.839600881358325	4.988278245500135
shade	5.141383747664149	4.846957059912135	4.9617081114644135
listen	5.033499741675797	5.072961133701759	5.048328365152936
mighty	5.019569430899204	5.035092137562209	5.093998746181046
country	5.133394543599061	5.020348694848367	5.284877827614825
title	5.226861140737011	4.977916648492983	5.355547795536653
choose	5.15357387340084	4.955234338847586	5.2187544995534605
village	5.160538492991118	4.90599394257463	5.08922995207834
acquire	5.22889104959389	4.978443450566849	5.317063809200608
rank	5.14622815001397	5.062976184274468	5.288740686157347
bow	5.064608758158799	4.967471753675929	4.99544731124233
doctor	5.0147190572549345	4.9900123646027215	5.018650555882736
talent	5.256153582518001	5.026211355592137	5.3416853226334196
source	5.18436423970654	4.978974557345033	5.268814186012019
lead	5.06817724886073	5.032312466671622	5.164173226100664
question	5.067756324745888	5.050169250918817	5.277140640451364
publish	5.24365670759689	4.95238661272477	5.351716063189365
interest	5.162418030876706	5.044553265601284	5.309788614638818
serve	5.067922527506497	4.9694440168449985	5.108555527119033
divine	5.14515555180085	5.025929605498808	5.26472207422017
put	4.9702677776203155	4.930699330725803	4.9591263059075565
shadow	5.058655394401291	4.925055857915256	5.001004987627959
practical	5.190878304362692	4.986205007199835	5.343735824335947
surface	5.080716548537889	4.8055966183155645	4.968577820028887
account	5.107542969955047	4.989734689428684	5.212800522739047
loss	4.958927211277496	5.098684713837183	5.1444880109636415
indian	4.989841805451693	5.036899056149467	5.133363566532426
vine	5.1484216048496805	4.789264614620117	5.017978865007557
certain	5.059096090072133	5.031183726175393	5.2204604749813095
sin	4.877324021244788	5.137483892070754	5.105621881399794
necessity	5.0220890530805615	5.082532737372397	5.271662712909041
lose	4.993207483536492	5.060439045922483	5.070013159099676
private	5.114846372108514	5.06329848241913	5.298076267889335
gentleman	5.157997697743215	4.961898495937679	5.132566542931222
daughter	5.051155058793895	5.057300342965771	5.087466431794677
drive	4.855179659166169	5.093758993120734	4.971317618492078
strange	4.969797072014309	5.049974565245796	4.978144282652929
journey	5.152621758370008	4.93902234247002	5.068511637605281
uncle	5.114962637345929	4.941574865176973	5.025859769119778
species	5.066539375137844	4.945202537871942	5.148130928163759
think	5.039622172683652	5.0336311844744355	5.0811800981569135
bed	5.007212520329311	4.8371161244758945	4.82575259906559
wind	4.95468404397368	4.954505672704142	4.895864721176907
bless	5.093073415108226	4.971170024778631	5.026245026878388
destroy	4.897757480276033	5.1018463850182485	5.127262380626842
author	5.220271228298395	4.999235548219611	5.307559977540794
sustain	5.059523363908084	5.061471725145551	5.268830179167128
black	4.96496236994323	4.869283699931789	4.856873734124882
event	5.095000910189878	5.092326109023498	5.284882533434003
liberty	5.090605191538862	5.119512686757084	5.3324669393897315
negro	4.955167158538006	4.96817984468607	4.992571716024595
little	5.115060618717907	4.901313598379012	5.014581701360108
fortune	5.095626149668923	5.078288021285516	5.183590863687135
touch	5.059137478067139	4.981468398814498	5.025837931179396
kill	4.788383305152783	5.092771486423507	4.9129778962017285
feature	5.1152332733657	4.955572087943467	5.105442576614408
happiness	5.135081008294422	5.076403190902398	5.241975049929312
assume	5.088374456403313	5.035353614959896	5.22174470284426
notion	5.080563698667877	4.993659041572609	5.166121260300922
purchase	5.176064001499187	4.885983637736808	5.16895052640081
faithful	5.144546669571175	5.070939595108015	5.250918374312607
soldier	4.934763148218244	5.161259546906523	5.108579037704715
father	4.997815514325113	5.068412870008635	5.075881763684666
narrow	5.020524469348056	4.901926609326578	5.015028432539832
great	5.1291964252924185	5.0137764962030795	5.252699403459971
tear	4.920710210169922	5.0174969919537515	4.8968717312497345
honorable	5.147230591311482	5.120484943713321	5.374278058082445
previous	5.111629719582118	4.9774015443767174	5.2137387468611065
good	5.105538935209019	4.998299314994066	5.135483795755792
domestic	5.164433793060739	4.963921586519723	5.204643524562202
glory	5.173775231339814	5.019114767530099	5.202620856041191
lay	5.0098069534016805	4.91114532479928	4.97031021165132
occasion	5.088189960282176	5.061055436665534	5.223182016199595
guard	4.925740914473826	5.117018196518613	5.100013830590277
whole	5.083537925466407	4.961187496401925	5.159577765276104
mouth	4.988027616287688	4.884328734066467	4.8627969138707705
receive	5.155393736247862	4.989586811930074	5.2344093079893055
take	5.02303078603728	4.983912334502342	5.071897344156622
simple	5.178780784099844	4.908666142958071	5.160623510254493
error	4.990029747814197	5.109206306575988	5.270552438373784
wisdom	5.11610954058123	5.088142056846264	5.289780807253084
rock	4.983886873670414	4.897555220242741	4.914362437525806
decide	5.078320560154467	5.0796354151419845	5.312125961850127
exclaim	4.922695305093555	5.065649455234032	4.914035221771922
assure	5.0808560604648365	5.0705347573744595	5.174089933500994
sign	5.05228747629704	4.988223868950279	5.130907125733149
preserve	5.138671613446061	4.938974551718444	5.180961841266219
commerce	5.151384607084289	4.977634030781509	5.287179679717197
plant	5.126246429019693	4.80374815788591	5.014764075554073
walk	5.1373179842403704	4.86308513297677	4.9305595373877855
difference	5.095309231736902	4.960872994144429	5.215327005097197
hang	4.960453882385072	4.895895433522592	4.838861153832772
following	5.250395891111175	4.881789648037995	5.246452808587223
employ	5.144608214804787	4.931099150576218	5.21232194773755
