deal	5.0567415353774425	4.997163341032791	5.110253881172037
study	5.280778905831546	4.9032551475901	5.249899117636128
afford	5.19032534014024	4.933343479541312	5.222813050010225
service	5.195393030524493	5.00458612008837	5.289680519805629
height	5.076497382951456	4.862031619627825	5.041079066165165
prospect	5.170602800117319	4.9825352726634895	5.173588681799682
pleasant	5.2453662967983306	4.833688186057163	4.978948030545522
shade	5.12843194984952	4.841162347132609	4.951211210275287
listen	5.027106110462641	5.063823888311704	5.038824727050051
mighty	5.011112707214005	5.027002306699164	5.0854185414802355
country	5.133565194575652	5.007353751471906	5.278610457426186
title	5.232447711057916	4.9647900737848145	5.35236004572861
choose	5.154453832853259	4.940497137511378	5.208272572465679
village	5.15896622422539	4.894743881689328	5.076752438751785
acquire	5.227384726021128	4.965340718272792	5.306759147987019
rank	5.142577319072356	5.050823791684281	5.27885665936021
bow	5.0556597143563735	4.954067632323289	4.983396085020496
doctor	5.013545741273489	4.970752643482439	5.000235861184844
talent	5.255329040040298	5.014666888388611	5.3295546973374135
source	5.1791744178652825	4.969270550964663	5.2621453878039
lead	5.0632787701874085	5.020768795953491	5.154815837617373
question	5.067199522049063	5.033681740624623	5.2660356823916254
publish	5.2456063460961655	4.935727703120444	5.339644727866439
interest	5.163193260301431	5.030565856406461	5.302419926549642
serve	5.062477477081865	4.9536281711719665	5.09513580188669
divine	5.131095729449876	5.017716990060902	5.253894330081701
put	4.966679762503963	4.910968843308845	4.942274857177603
shadow	5.048486494429026	4.91842350266108	4.991945724172472
practical	5.18710992465174	4.970346488965114	5.329794301001223
surface	5.067521419316841	4.793465839751935	4.953211031422505
account	5.11044419218629	4.974298618390763	5.202581269762572
loss	4.959077089699126	5.083815065711726	5.137718373910739
indian	4.982491028270429	5.023553601530864	5.120734481283433
vine	5.13815662660857	4.776812185709447	5.002259666805822
certain	5.055721986253531	5.018298421622629	5.211222885300105
sin	4.867332389882568	5.126470690638927	5.0971262358310225
necessity	5.015521807146815	5.065858361693528	5.259591058125986
lose	4.993255364544914	5.050970097823049	5.065979369644845
private	5.119014942512122	5.045529451118947	5.289135078697394
gentleman	5.163581378156208	4.943944365523669	5.118950785625502
daughter	5.055739394554059	5.046497886601796	5.083784820081995
drive	4.8535208877706415	5.080846842246377	4.964646582177136
strange	4.96834476343279	5.0442335899917286	4.974166346671666
journey	5.152403605900094	4.928234811646032	5.0565391004244375
uncle	5.127013544898229	4.925935039190293	5.017460936211342
species	5.060682215920037	4.930620164208982	5.137564508252585
think	5.042750416629596	5.022714245083534	5.074087481146263
bed	4.998415357061163	4.823882903043609	4.809700331583136
wind	4.9446129896417315	4.944962515369186	4.885154415707809
bless	5.089158923521109	4.9628698494015335	5.020492047468457
destroy	4.888448226269039	5.090545934234192	5.120344229176739
author	5.2189492108599636	4.98922598733711	5.298869793269315
sustain	5.05051029952113	5.046232670364927	5.2572164347338015
black	4.957848325733493	4.854431031916303	4.842499984916278
event	5.09198218531212	5.083256679089122	5.277724236342178
liberty	5.085699427568968	5.107800934371291	5.327268870608976
negro	4.9528013373103965	4.948837327979168	4.975881913497324
little	5.114076948479585	4.888273739577655	5.003006152703143
fortune	5.101180216332211	5.068209997915488	5.180819432043357
touch	5.050335409876039	4.971202900315646	5.015705974426095
kill	4.7863289057456315	5.080582171123342	4.9027592688336705
feature	5.107479329019615	4.94582401022772	5.095068081402125
happiness	5.132524736875843	5.068899464779911	5.238642001005751
assume	5.084178451323789	5.021648761928914	5.211023055164705
notion	5.085372910945357	4.979703017321739	5.155715152571104
purchase	5.1822977262813765	4.867017938885438	5.159762780899774
faithful	5.140182792063633	5.060255340466014	5.242364997663547
soldier	4.929149842368631	5.147117603351987	5.0961252854225325
father	4.996419899884379	5.056706026931111	5.06947270030518
narrow	5.013053365360659	4.888092519809703	5.003403684812165
great	5.125976019433994	5.00174522757716	5.243117667179606
tear	4.9095349676667634	5.0060912288423065	4.888001986606656
honorable	5.148816489074153	5.1062404498040355	5.3674202707232075
previous	5.107618372178925	4.962060050614956	5.199641370500043
good	5.1076076356597895	4.984773096045454	5.1256754823472885
domestic	5.161192045258828	4.950218837377926	5.19456967241089
glory	5.1668511058307205	5.0155657368479964	5.197287828793305
lay	4.998671136985129	4.897416400539804	4.956660658831236
occasion	5.082584664288228	5.046225840489754	5.20843493409496
guard	4.91908915499066	5.1010305183526805	5.086944455414466
whole	5.076851022290062	4.947858959116797	5.147191721080418
mouth	4.979586868809406	4.8681028449531905	4.846418058700871
receive	5.1541869868233645	4.973045092103754	5.22402730540679
take	5.021796505013941	4.966764971990606	5.058893116836263
simple	5.170191413948475	4.897087033149416	5.147150117027726
error	4.985818161847808	5.0962598249841715	5.26248789682607
wisdom	5.108251863665908	5.079174125532505	5.28084498167139
rock	4.97083836607118	4.886865711738742	4.900999835229169
decide	5.0782815750604735	5.064030509350912	5.301122961364332
exclaim	4.921382152238447	5.051917540610687	4.904517954637593
assure	5.0835929691111055	5.058642760514411	5.167295322046596
sign	5.045498739707273	4.973486948772063	5.116721739679505
preserve	5.128309474258193	4.925724236256529	5.167978683700274
commerce	5.149038835708493	4.961133262185125	5.277418918709862
plant	5.11256433248507	4.792633119975944	4.999506723818546
walk	5.135240301438066	4.853177386797756	4.918605315868204
difference	5.097646659713555	4.945572546175359	5.206666736660996
hang	4.955289626728282	4.884208912753008	4.828778078929487
following	5.247383545305184	4.865969339260991	5.231692666666213
employ	5.139805769820526	4.913124940646668	5.195044497781976
