deal	5.046992294630362	5.004128424733017	5.113950176065592
study	5.284547857975272	4.902645799606268	5.258275411643408
afford	5.190375024634315	4.937526899467907	5.231916865741983
service	5.187169463893189	5.011454976528377	5.295812895818039
height	5.083529418171987	4.863068628969112	5.048774628937012
prospect	5.173139099925403	4.986951091315818	5.180451468043219
pleasant	5.253419288170701	4.832350759008502	4.982921140991704
shade	5.146241793321591	4.834192972517645	4.955553491031207
listen	5.0293470973671415	5.068479381850873	5.043689307607427
mighty	5.012386856488933	5.032543932885432	5.091388219024805
country	5.127469502393877	5.01352878315358	5.28389117708187
title	5.22468091000695	4.966391394494828	5.355521456284847
choose	5.148520031906547	4.945582218668577	5.213613786258028
village	5.161384587236709	4.902266119038582	5.085963883650413
acquire	5.226606557522015	4.967317920479049	5.313214111193351
rank	5.140017861770681	5.05611450002595	5.2864405322602845
bow	5.060848054077264	4.957034441192697	4.988232697607201
doctor	5.005552932475766	4.9802599636182245	5.00599890394955
talent	5.253889781416441	5.016328144141093	5.3370581325283375
source	5.181868590932152	4.968475524727767	5.2675088002075245
lead	5.0640609426610155	5.026320699738847	5.162209914800153
question	5.058144819153377	5.042044545515478	5.273761782075436
publish	5.2394092501575535	4.939979971835765	5.347158345636585
interest	5.157338854099658	5.036349852680511	5.308899479410098
serve	5.059400710045834	4.957007950137709	5.099107408812552
divine	5.13728058391612	5.01300473082479	5.258578998196872
put	4.960829252862198	4.917688267526062	4.9463737601106175
shadow	5.06175471892538	4.915404424316594	4.997078761754295
practical	5.184823809876146	4.9737206771203795	5.3387358068287805
surface	5.081995846821665	4.791347533850701	4.961237152722265
account	5.103027604445938	4.981076295778886	5.209202082233293
loss	4.95121595519571	5.090008222017661	5.139963304466612
indian	4.980851245202738	5.0319504073780275	5.127755116235425
vine	5.153273957283294	4.771851360037375	5.008946596311292
certain	5.051442472638264	5.023463806427225	5.2176456001407905
sin	4.866306794217522	5.124978530089167	5.096101785292626
necessity	5.009045419904986	5.074484628542425	5.267436325377633
lose	4.98963236886015	5.054221323262896	5.0666683153972665
private	5.105907167951978	5.055564116300451	5.295820521879748
gentleman	5.154603841539883	4.953995304155323	5.1262375929458415
daughter	5.0493047226924865	5.048493812608581	5.081952336078
drive	4.848252001017913	5.091820207769046	4.968285431966707
strange	4.96888782192569	5.04678790667134	4.976243873770466
journey	5.156592648157874	4.933671475683875	5.064125057838922
uncle	5.118391431131653	4.932884087755184	5.019387421058888
species	5.05835518228612	4.9335016883963965	5.14285368376243
think	5.037196488870509	5.026606590687715	5.07619068104202
bed	5.005420841598349	4.826095215462723	4.815347330996463
wind	4.95317862785935	4.948195129804224	4.88974130073308
bless	5.0898325851576	4.959691842664912	5.017819199171559
destroy	4.886087631993316	5.0938455682996855	5.12181424691558
author	5.2185282550133	4.988184493131659	5.303681056880388
sustain	5.050192200111098	5.050501766708527	5.264126312383453
black	4.9628940405356134	4.856812804955837	4.846726369262308
event	5.089791368742917	5.090240765571088	5.28536543534843
liberty	5.0785109087312685	5.112953751214039	5.3298848463720745
negro	4.948197924789379	4.961397345801736	4.984490830460513
little	5.1150383998807705	4.891850333942117	5.008218006537308
fortune	5.094700134441063	5.072136677156044	5.182079442237948
touch	5.055764237679981	4.971178687162597	5.019369069219771
kill	4.780613627201452	5.08809789420515	4.904143526902881
feature	5.116809169789214	4.945390781250548	5.102332315157301
happiness	5.130422657807862	5.068673423390121	5.239788297416885
assume	5.082899309958741	5.026114935490117	5.2181235453622525
notion	5.077184891298285	4.985694020893723	5.161019762618255
purchase	5.17230219173916	4.872154061859554	5.163212914004247
faithful	5.140379259966648	5.061746792842171	5.246294731952591
soldier	4.92220963788853	5.160034796000377	5.102588924325244
father	4.992753294296438	5.0589628468490515	5.068510360007043
narrow	5.018308762715763	4.894146917771839	5.0127315818547205
great	5.121671233596845	5.006734172289725	5.249835637381072
tear	4.91503162934341	5.004751508288022	4.885991608432178
honorable	5.139606582442674	5.112492567025052	5.37249995390315
previous	5.106182645616021	4.96815340886903	5.207981477251947
good	5.1005665706380485	4.9884887973129075	5.1277319774136005
domestic	5.157138212204485	4.952504285840495	5.198017457315654
glory	5.171623170686653	5.011693529081268	5.199151938917223
lay	5.005547870821014	4.898648672058318	4.961806992703201
occasion	5.078493608953353	5.05472966705307	5.217160491065048
guard	4.914537001781555	5.112903773617555	5.094985764946101
whole	5.075454565212678	4.953480598710555	5.1548817331210675
mouth	4.984696519641223	4.873617502766863	4.852474660280699
receive	5.148564124817701	4.978272757276789	5.229224389263759
take	5.015685731580887	4.974358645709063	5.063821548420679
simple	5.175366297765155	4.894997340456866	5.153359660156947
error	4.981925093984158	5.098619114347389	5.266517708502769
wisdom	5.109660346026788	5.077803552598604	5.284975669944503
rock	4.982885707314701	4.889812753712092	4.90884128025912
decide	5.070413066825983	5.0737230520753345	5.310220458229616
exclaim	4.917250928616205	5.061008618919723	4.908068190477967
assure	5.076998581826716	5.06595910079737	5.17236685670978
sign	5.044096153707624	4.979302642647113	5.124642746855374
preserve	5.131488090986251	4.923914956151519	5.171681949568346
commerce	5.142149457117353	4.968404467689035	5.284819841002316
plant	5.1280255508976795	4.786979467697442	5.005668873132375
walk	5.1409468463995855	4.856363859935604	4.925638425428092
difference	5.089509524516287	4.949772786858178	5.211697067570293
hang	4.9619073612149505	4.884782906081147	4.832407821022981
following	5.249704896811928	4.868165946166707	5.240020830910033
employ	5.1367315103969124	4.919746693112299	5.205803234906514
