deal	5.046630433748593	5.009759016955431	5.100972760701059
study	5.27256534165828	4.911715958912004	5.245055952294152
afford	5.176034480684031	4.947451053236994	5.215098619532406
service	5.177701725120883	5.018194263473533	5.2824141042229
height	5.068066886228059	4.877898922231043	5.0381517938102744
prospect	5.15537730400101	4.996806594614535	5.16260394832238
pleasant	5.23494471331488	4.845983175487366	4.9689496004476545
shade	5.126867717436096	4.855741955613826	4.9459255969138995
listen	5.020108932781161	5.081220870227908	5.030626874049986
mighty	5.001714754010539	5.045252266143694	5.078940979102305
country	5.117483043731361	5.020742274188739	5.269458487133259
title	5.22094098703271	4.973842336395806	5.344085171175245
choose	5.139975232690961	4.953604470825269	5.201871954792153
village	5.147092160164441	4.906403034174705	5.071452688323666
acquire	5.212594369605172	4.976253746803237	5.297101328918135
rank	5.127630457210659	5.063893734914947	5.2702209682264405
bow	5.049461545172635	4.974426566590072	4.9793660984798915
doctor	5.007000266046464	4.9874604234101705	4.995722152326686
talent	5.242370632560624	5.022484998286625	5.3188996451553034
source	5.169690011513946	4.980801189395355	5.2537617481862835
lead	5.051912876457567	5.03824973036814	5.1486549082064625
question	5.055802731939475	5.048501907550254	5.260032580443607
publish	5.2355133582465845	4.9429408242687325	5.334892878398825
interest	5.149442032153239	5.042286975607656	5.292696195122469
serve	5.052453645620972	4.9701608586507895	5.088996426444234
divine	5.1281825297727	5.031001694417041	5.250529514799495
put	4.959074168122915	4.9306202157960834	4.937762951742495
shadow	5.0476530289717	4.934760974164188	4.9879910345394505
practical	5.176009272844385	4.981905660809108	5.325069571029223
surface	5.065134499711497	4.810366665494602	4.95108792608986
account	5.099862448255225	4.984120103421402	5.194380787475764
loss	4.947006807724102	5.095606143271933	5.123889551702085
indian	4.973240389552337	5.037131442147994	5.1143392884072
vine	5.134633329523599	4.790501773697363	4.999117372786273
certain	5.044905727598947	5.031156461976837	5.202393820333143
sin	4.866181869659652	5.142076089060089	5.090847851958822
necessity	5.00199551621188	5.083261031662459	5.252885870656555
lose	4.981482835792543	5.065262322065189	5.052732978294676
private	5.102131817269637	5.0612945293641545	5.281847987411433
gentleman	5.150994975468251	4.957597365226196	5.111640301355492
daughter	5.045838950171928	5.058940795005064	5.072234165158853
drive	4.843224442630536	5.100120522125643	4.956937801273885
strange	4.963646918663173	5.056713889614199	4.962385179376445
journey	5.141172695075104	4.94153417018	5.049413798990761
uncle	5.118010701789408	4.938289159365908	5.008824348945559
species	5.052335397731428	4.942013373934203	5.128773831281765
think	5.034479408867518	5.034807159472154	5.063161124590692
bed	4.994936113832531	4.845025556502943	4.809924943858729
wind	4.9376845064230475	4.964986346512545	4.880126527234003
bless	5.083937543328116	4.977615177237302	5.011764810807448
destroy	4.878880325891742	5.107346282073273	5.111102196740609
author	5.212580272036356	4.994802477046063	5.290913613797829
sustain	5.037581115365389	5.063511938283504	5.250475230782171
black	4.958620974251192	4.871134704012241	4.842701100835454
event	5.079546237752494	5.093379005480131	5.267979069190868
liberty	5.068346054098524	5.124464623870403	5.318606886946414
negro	4.946944361098287	4.964406106608241	4.973269042445578
little	5.104376508047303	4.9023592240744085	4.994271571408387
fortune	5.086136721528766	5.079299288649925	5.164658848382853
touch	5.045661408993777	4.988373391995195	5.008400997461519
kill	4.78521661525141	5.091558090651967	4.896221841554048
feature	5.103034156716526	4.95994904911565	5.088806293674578
happiness	5.120316242379478	5.081429146013087	5.225708280901829
assume	5.072802867090927	5.036396721917652	5.203205322346947
notion	5.0781651218272055	4.989615651837447	5.147428768859006
purchase	5.167908963250738	4.881042056700549	5.151198675286911
faithful	5.129461180671795	5.075341539818881	5.235318100685747
soldier	4.915849320578552	5.1654176992017335	5.088874131204188
father	4.989649605033458	5.072855379821445	5.061178998634699
narrow	5.00413469683695	4.910420851233758	5.001687808095689
great	5.112787942644609	5.014100650314236	5.2344928218513225
tear	4.906638072970996	5.025899273757278	4.879526045419195
honorable	5.132849212287953	5.121101599209225	5.358115464944832
previous	5.094270487188948	4.975096501079886	5.193633646626113
good	5.095531449199956	4.998437125707468	5.115676945203912
domestic	5.146560263634901	4.964327718777607	5.184210094054674
glory	5.15748506990307	5.0268225800417765	5.186650461812391
lay	4.991196146043726	4.920979523619211	4.954522907784774
occasion	5.069918157190605	5.060401335718165	5.200890128802878
guard	4.907037314808928	5.124083581456163	5.084328550564306
whole	5.0652145838733835	4.9627226051112885	5.14089816213419
mouth	4.977801760602905	4.888685132356671	4.846095536229096
receive	5.139891956736668	4.987051082675506	5.21539391965853
take	5.010286985905973	4.984133580410306	5.052458582035447
simple	5.165287919500568	4.909505305972807	5.142213738782002
error	4.978832147802411	5.108986292405925	5.255239824943486
wisdom	5.100364669039386	5.093203159340413	5.273663079545383
rock	4.968046270744221	4.908167305621767	4.901427278430568
decide	5.063990777438339	5.0787770651121	5.294438551772944
exclaim	4.91714622311096	5.070025934803803	4.897823284951507
assure	5.072117788682581	5.0729748915424615	5.157598508853112
sign	5.039896799840385	4.989676944096643	5.113652510544831
preserve	5.1190812843478355	4.940317238418293	5.161992250478833
commerce	5.132464955193606	4.976971168181423	5.269158777459979
plant	5.109937813805528	4.807214616619327	4.996930740605636
walk	5.127446698766857	4.870120703141895	4.914781569423113
difference	5.087291851452592	4.955828618457209	5.198007844152153
hang	4.954394902469855	4.903465625201546	4.826324931859124
following	5.238479695245662	4.877194773653974	5.22954630367609
employ	5.126073231956568	4.926903877059295	5.189484523528078
