deal	5.057049710393677	5.004830145484628	5.113494879542588
study	5.287326040213699	4.906240752189167	5.258473841534636
afford	5.186249183660871	4.942569116974729	5.227327883752479
service	5.187059359813211	5.015040261040588	5.286854852619122
height	5.079050111904002	4.873525107526275	5.055042649250171
prospect	5.167462168484975	4.988624771654506	5.176608441395372
pleasant	5.2571899221895	4.844498790408503	4.99353497236213
shade	5.144527759814721	4.852805159308491	4.969736372051254
listen	5.037673140129887	5.070787532874975	5.05136726340816
mighty	5.015824121718219	5.034258431560199	5.093564276465641
country	5.122722087583927	5.012870332417877	5.273302424514752
title	5.224256199484105	4.968861578114858	5.346087903051953
choose	5.151955629356381	4.948617272572887	5.209438540236257
village	5.155963155224133	4.907577998599993	5.083979562380165
acquire	5.22210268668986	4.970198744132909	5.306596677523423
rank	5.13531385948681	5.059838981689527	5.278334720414875
bow	5.06665426226212	4.969769479054171	4.997688834101027
doctor	5.022216982693739	4.982391352897087	5.009710924520026
talent	5.250968646101392	5.018362511797212	5.32934487026291
source	5.1763414589080625	4.970852762520273	5.2633041144032715
lead	5.0630967585575295	5.029948032330871	5.1626119035932305
question	5.063697672366908	5.036666100484325	5.267503019540534
publish	5.241990042763398	4.937681133159458	5.337478641350109
interest	5.15269869874443	5.033992173358388	5.29750310411158
serve	5.065771315386386	4.968241425917586	5.102843006824384
divine	5.141144719060451	5.016729765457445	5.260477011051517
put	4.973436500848806	4.930410084989343	4.95599901581162
shadow	5.063433387561857	4.926030531979408	5.00954751173514
practical	5.1842760656817175	4.9726268010523675	5.332022758530385
surface	5.077688382020542	4.8068728069339635	4.97314466341628
account	5.103349924422363	4.981178848849847	5.20236233412185
loss	4.948603533156398	5.089744251045209	5.130493538257889
indian	4.974581030536582	5.0374082364850885	5.125500465214
vine	5.14710987069982	4.789010494802575	5.018031972501765
certain	5.053176853855448	5.023368155398218	5.213964317517925
sin	4.876525622390666	5.1252288243670545	5.099577264686515
necessity	5.006662640439089	5.072760295560147	5.259815564652632
lose	4.9939883599413655	5.0574589151097396	5.068876508464478
private	5.105788058431332	5.054859769271685	5.283904871800062
gentleman	5.162413370440131	4.957910164553089	5.123011362447142
daughter	5.05725617107307	5.052202614741887	5.081400323920296
drive	4.8508678154454135	5.09517466338738	4.972055297318546
strange	4.980008785706064	5.048667189420675	4.985412214521882
journey	5.152815223842803	4.940321921355233	5.065650896848499
uncle	5.12892144573731	4.936118470947209	5.019512215889227
species	5.05254827865253	4.940024510866354	5.138373531081302
think	5.049710956356292	5.026690505237693	5.080396122338754
bed	5.013595962970532	4.8426035038036765	4.830520369504536
wind	4.95311310041766	4.958081543766826	4.903388507766705
bless	5.100739718373421	4.9687439343594155	5.02570065543806
destroy	4.886331032708401	5.097542982007009	5.1197052250638695
author	5.220253797154645	4.98888612988837	5.300021271383682
sustain	5.0454905102875305	5.052314010048984	5.256637121747283
black	4.971495384029442	4.874254270882512	4.861106806828293
event	5.085920567292485	5.083279978495028	5.276087233531542
liberty	5.076278831464758	5.1106688307531005	5.32077046777732
negro	4.9509627835421925	4.965827745636581	4.983990150162658
little	5.121425408235237	4.900825398287159	5.014729648542221
fortune	5.093236318863531	5.074529530922173	5.174249970156875
touch	5.062965501950138	4.9808983616931455	5.030442012294157
kill	4.789603451266456	5.09254327404541	4.911310265345156
feature	5.118881553589189	4.952804993871119	5.10890667891437
happiness	5.129085039217316	5.068943533050379	5.23529502925078
assume	5.08383389848847	5.028948032607289	5.21571976230701
notion	5.088288627538871	4.983260119054686	5.161456805960729
purchase	5.170311165903234	4.8815178605662135	5.155355789568637
faithful	5.142141732282175	5.065107502759045	5.242940327236105
soldier	4.923489528933569	5.163538836053254	5.101311271651036
father	5.002221552586376	5.062659478445834	5.069673310657868
narrow	5.0166379049398095	4.903663811634243	5.020146897155362
great	5.1215939858661805	5.007441681748783	5.244315223422127
tear	4.923962250250628	5.016302755980856	4.898903610432687
honorable	5.137788874687011	5.1114609242964555	5.358557088788906
previous	5.104269226222691	4.968830096510592	5.203142299963857
good	5.109294646813774	4.994501528188372	5.129913451606145
domestic	5.155632697294268	4.958804535416911	5.19332333676739
glory	5.17085366016437	5.018148179866264	5.199611826718782
lay	5.008780404416719	4.914648177461926	4.972815543636117
occasion	5.076663338171079	5.05498175364845	5.211156624824337
guard	4.9153302134333705	5.1177351863573355	5.096237353521502
whole	5.076804793139087	4.957264417601928	5.153962304830952
mouth	4.990933151468284	4.889090288971761	4.867800564197687
receive	5.14917828126204	4.982207478356627	5.222628723867034
take	5.022673994344363	4.980387565545547	5.0663803310245425
simple	5.181313383789677	4.903411051480226	5.159797488350172
error	4.984477511392545	5.093551228309314	5.2609346321463715
wisdom	5.1119155055129	5.079543770535904	5.282974188355639
rock	4.979192620223182	4.902713035095767	4.920776381713618
decide	5.0718482292466165	5.067476358499405	5.302571336300166
exclaim	4.930905619347254	5.065556398666793	4.917540104220972
assure	5.082351141088447	5.0655492752268625	5.170852749150063
sign	5.053199744583357	4.982458974634423	5.12714495754008
preserve	5.132801881918027	4.936337585591782	5.174871716127052
commerce	5.133407090005145	4.970916184867404	5.274158859204159
plant	5.123146543455405	4.805371608311996	5.0157981143854355
walk	5.147629635995918	4.868729928720756	4.937916207053642
difference	5.090783792388721	4.950366180964247	5.206418330394595
hang	4.971505666314174	4.901172218176716	4.848461221251733
following	5.251433432580431	4.871686265832143	5.239187119124545
employ	5.133558930564722	4.925855227279172	5.200727410269519
