deal	5.043149492451589	5.008322169985279	5.099646385757253
study	5.272009294187054	4.912338744412518	5.241312709270204
afford	5.177965057061072	4.948000723523104	5.215494247865279
service	5.176800901080301	5.019240702762404	5.2774687468154005
height	5.062135822934879	4.873077429153849	5.033180799658181
prospect	5.149454448918737	4.994164684280463	5.162281308633383
pleasant	5.22411462394908	4.840559392787148	4.968277778930148
shade	5.119920291702889	4.851476320309613	4.947747455436979
listen	5.0197333358007326	5.0736908948726605	5.034728228987677
mighty	4.994172674504746	5.040125068237926	5.074738480334647
country	5.1141394112637135	5.020623714978618	5.264465735413269
title	5.215963766558859	4.9774377047852925	5.3350592657733555
choose	5.136268554352408	4.953840993661892	5.1941147409520445
village	5.134883070696512	4.905835392834765	5.0645052030722075
acquire	5.213078308476809	4.977128150562532	5.294693110888362
rank	5.120620886653948	5.065400275112137	5.264933579368307
bow	5.0453186048058045	4.967011898113889	4.978423706383448
doctor	5.008476183429182	4.984455002657767	4.9953104596872855
talent	5.23558525135055	5.0249899704208865	5.315775745412393
source	5.172087975059977	4.980450593519204	5.255284028903549
lead	5.052592557752774	5.035913766742348	5.150267356979431
question	5.062261917131987	5.048898819225429	5.260852456457727
publish	5.231295511839773	4.946969940743818	5.323237831903251
interest	5.1484210536806385	5.042303984291883	5.292484738090331
serve	5.05362094431222	4.969859257171731	5.0882285351795575
divine	5.13303537047172	5.029560546613107	5.2519197150249255
put	4.964932805595447	4.928029986390578	4.940411510520966
shadow	5.042789330604778	4.9301904444449125	4.9897986840837705
practical	5.180979860038501	4.98404513279702	5.323853280460418
surface	5.064003849453261	4.806841152289461	4.95328011992182
account	5.100429484717411	4.985650450153245	5.192484595640683
loss	4.951112405840628	5.093932373710978	5.127908759338541
indian	4.976579924801212	5.037713275252258	5.114672971014387
vine	5.134444380002696	4.788347714102502	4.999854193582989
certain	5.051759941673159	5.032214270223592	5.2056456011447345
sin	4.873082691594916	5.138238425609265	5.095985019265824
necessity	5.012233960439511	5.083802836162121	5.25794514690918
lose	4.983508169897624	5.06127141190497	5.057111089043637
private	5.100447796033233	5.061957089086901	5.280000198639651
gentleman	5.142143907371291	4.957802892102049	5.106789894162543
daughter	5.039725548491374	5.055978471335483	5.070659198491045
drive	4.842760304574382	5.095017431047041	4.960545885357262
strange	4.962370687184077	5.052568836288072	4.968541284993832
journey	5.1343514395360375	4.93755000663182	5.046648357159838
uncle	5.107096314117842	4.934990655635202	5.002789911910479
species	5.057654698795675	4.9409910652070135	5.130769134449687
think	5.033237510615408	5.032402176988499	5.065531586442832
bed	4.994777896839067	4.838226500442256	4.812507587250397
wind	4.939891942523711	4.956454058765953	4.887348418389516
bless	5.081212628146319	4.971366310966296	5.011686335380714
destroy	4.885741453522304	5.105737724447713	5.113948676243611
author	5.209249484761017	4.9983295212378955	5.286632749655526
sustain	5.040956705762364	5.061718640878817	5.24922563421391
black	4.952677890645065	4.869386024613518	4.840564591489502
event	5.078405794768048	5.095508996578871	5.267363368679426
liberty	5.067666227410825	5.123754266392998	5.314302858664664
negro	4.945483522933227	4.963833203040484	4.971281366669213
little	5.1020635533755305	4.8999321144654155	4.9950701148608445
fortune	5.078884254433387	5.078855463890067	5.164337023936409
touch	5.047681252207924	4.982344277846334	5.013011528318429
kill	4.788153441511846	5.08957505182738	4.900516008136068
feature	5.097229456209192	4.957327632362798	5.0877827626610275
happiness	5.121221966344066	5.080392848899021	5.230921863108971
assume	5.073546886637315	5.03579973172676	5.202923533584248
notion	5.074297240664111	4.991756595976627	5.1457340268547105
purchase	5.1664524929648445	4.878859005981258	5.146718046798681
faithful	5.128852243902855	5.074021977955004	5.234050474917804
soldier	4.912854894600867	5.162469520354571	5.0888699487733025
father	4.987340526402602	5.068451118561425	5.059939175788488
narrow	5.004088433695467	4.905344461046858	5.00327250157014
great	5.112154751323715	5.013906307402323	5.231886836416541
tear	4.909746009769246	5.0173063501128246	4.8856554111754065
honorable	5.12962470922613	5.123481104469235	5.355693627573607
previous	5.099017343297468	4.975174426167532	5.1915140221337515
good	5.095068934059018	4.997121892605202	5.116126843653729
domestic	5.149586901972332	4.96246280155015	5.18543591528455
glory	5.144688213745956	5.023667421121315	5.180051010399832
lay	4.9946498585764365	4.913773723173657	4.954600337571644
occasion	5.071834551121898	5.060070855916124	5.20246736870237
guard	4.911659299758511	5.119987378318453	5.087618372041827
whole	5.06524129057326	4.962042409419548	5.138116207803203
mouth	4.9745201868339155	4.8826689235108995	4.847706775183397
receive	5.143837356929087	4.986369602639816	5.21412004902285
take	5.014297752986293	4.982533526480569	5.053086532447723
simple	5.166843207336879	4.90891688521649	5.14277484993197
error	4.985470256251691	5.1098593148873706	5.25827206093672
wisdom	5.102041710973116	5.092725444672127	5.275146545769745
rock	4.963500697956533	4.901393323688979	4.901993232476891
decide	5.067584041974667	5.080475109621983	5.2946617104763725
exclaim	4.914018529478228	5.063483533712243	4.901830721811556
assure	5.071847922558802	5.070774848659172	5.160219291199701
sign	5.044128561187547	4.987929967850208	5.1125005944389805
preserve	5.1216105322335626	4.94068484845863	5.159593083531165
commerce	5.134874552922208	4.975523237382568	5.267869866565259
plant	5.111029835537764	4.805475441322798	4.997581560086234
walk	5.1188783148977635	4.863531463328477	4.913805558803719
difference	5.089723668960989	4.956517740293095	5.197137571488296
hang	4.951025247132275	4.898143533020792	4.829433943014685
following	5.2405282696318585	4.878464543656531	5.222798308133909
employ	5.130981594270536	4.926691535650265	5.188035561698675
