deal	5.038289339938688	5.0041155505128625	5.102502315212021
study	5.267980553447412	4.903869807234097	5.241750404219954
afford	5.173280001559134	4.9386785592203	5.213948330430434
service	5.169824113124009	5.011090715128442	5.276113191314309
height	5.0694768145456575	4.868877790253918	5.041606569384353
prospect	5.149613732319131	4.985463060091312	5.159340131518884
pleasant	5.228607906891303	4.841091670762323	4.972179168387143
shade	5.121106133468204	4.847924336963643	4.950902547696681
listen	5.014268301489171	5.061475443070954	5.027574309655445
mighty	4.998646577765436	5.02817275194636	5.0758875699209565
country	5.109946235695075	5.010144616836866	5.264467281022273
title	5.20970663937386	4.962805956798056	5.335165172463761
choose	5.134723723880244	4.9455739528954785	5.199200492073452
village	5.140250222855619	4.90041846391401	5.068571610024184
acquire	5.20778708848919	4.967313601582089	5.2941623442771935
rank	5.123594427175884	5.051353870199045	5.2678550876338885
bow	5.0458875797788885	4.959766742381853	4.980083959581364
doctor	4.997926545735483	4.983253518292624	4.995914174365741
talent	5.235647664701557	5.014476357572227	5.3179227869569985
source	5.161960997638549	4.970438207754226	5.2490692856856676
lead	5.04951273396864	5.020750693002878	5.1463045200605295
question	5.049368734131185	5.035051343680398	5.255813618406105
publish	5.2268801764752535	4.937003377278267	5.327067567603393
interest	5.139815625159548	5.032713197131776	5.2881321456234
serve	5.047180392161781	4.9636912423331605	5.091244184838542
divine	5.119978272742636	5.01483365749682	5.2429629445433745
put	4.955879091501038	4.928733464457927	4.947257491417906
shadow	5.042806470744109	4.920549933040232	4.989033853635204
practical	5.171694115944429	4.973382442390869	5.322318535950734
surface	5.063497705162376	4.808176615376534	4.960671932162386
account	5.090789169300176	4.9797572558612435	5.191200795831954
loss	4.935750721267522	5.089942066414142	5.121212792196864
indian	4.964834627195967	5.0271592127111715	5.112078582438685
vine	5.130239346060193	4.791266091695829	5.006310266797746
certain	5.040336121390956	5.0205634901729645	5.201512614031704
sin	4.853853528984721	5.126551097454462	5.084723532876678
necessity	4.997825551456579	5.071392513719244	5.250730499505238
lose	4.976883980676549	5.052563125561139	5.052451092783129
private	5.093641788161829	5.051091672640462	5.276525298244745
gentleman	5.14290676179834	4.952857689501023	5.111898619154001
daughter	5.029676834100024	5.0469209647802336	5.063766443188522
drive	4.839719281551917	5.087100443875085	4.958003813779022
strange	4.955844238916055	5.042230889736133	4.962354298987399
journey	5.135507713613117	4.931121808642245	5.043752849929758
uncle	5.101225846872737	4.93575205070726	5.004247795769734
species	5.045955637504324	4.941509339046247	5.133130867255054
think	5.025105403176329	5.024809681932657	5.062084883340019
bed	4.990304415746682	4.840666768286319	4.813893650198778
wind	4.936869820559186	4.955097690723434	4.885980982214659
bless	5.0695084153654975	4.968324387728893	5.006320808872533
destroy	4.873590965392684	5.094758411926999	5.110099210606476
author	5.203718044217874	4.9844249484579395	5.285140436343482
sustain	5.0338372316991045	5.050367921432176	5.248092057146641
black	4.951817191975909	4.868780708278083	4.8493513198373375
event	5.072094675225356	5.079810287416644	5.259607261454899
liberty	5.061427442127154	5.107444354482272	5.310854150077579
negro	4.938550604659848	4.9612212929588155	4.974116261861994
little	5.099891038613828	4.896619410316561	4.99874633909688
fortune	5.076153574876062	5.068191274195945	5.160465641745268
touch	5.039665213031695	4.974740294377322	5.010551009524002
kill	4.772535994742774	5.08708035972136	4.89551857510208
feature	5.09696067442595	4.946645394653202	5.089937022945748
happiness	5.108495649776983	5.0684551387217684	5.219775689879645
assume	5.068791270122726	5.024304174479158	5.2032367947794596
notion	5.0706691501344325	4.983820129067037	5.150075189319085
purchase	5.156453791855277	4.879747317393912	5.147662237130608
faithful	5.119198322435045	5.05699637611418	5.225200247710685
soldier	4.910696262733326	5.150255669856169	5.086759412993682
father	4.974044098067364	5.058524400181507	5.051566473236476
narrow	5.005569157884495	4.896736242990038	5.00531142102997
great	5.10881006059835	5.004075037704767	5.232053698283435
tear	4.8952800655373885	5.015739856516749	4.880720467880842
honorable	5.12194717877461	5.106573309526912	5.349177594235893
previous	5.0912175615378015	4.967895311013185	5.190843282766345
good	5.086179765574552	4.991870825353092	5.115478034126128
domestic	5.137740433621097	4.958593345313986	5.184942595937952
glory	5.149639079928669	5.0129090444794215	5.181776940727155
lay	4.99088023318289	4.907214728762729	4.957129082358375
occasion	5.063916589885212	5.051554763142755	5.199571088551425
guard	4.904374663457191	5.105667959351017	5.081525794448891
whole	5.063261415308329	4.954342169486928	5.142439404267591
mouth	4.9728519878347965	4.884011208144275	4.852924859578457
receive	5.133079844069809	4.980570015847906	5.212176272588271
take	5.0059260724617705	4.9768242018287605	5.053999886731782
simple	5.160957116191683	4.9004519810140055	5.144339410843952
error	4.971718747479862	5.094606526213877	5.250666896565385
wisdom	5.093197672386031	5.075776192063521	5.267447100533108
rock	4.965974621191567	4.8962666134829576	4.903511431967826
decide	5.059928898968595	5.064009565237359	5.290831785855983
exclaim	4.90823665732249	5.057767721686808	4.897836643660347
assure	5.064130371000282	5.059029206127738	5.152795130138829
sign	5.035515229642377	4.97726451424448	5.110850506582239
preserve	5.114102480730083	4.934205377280891	5.16257019773885
commerce	5.125931009235338	4.971037351240438	5.268517078395995
plant	5.106130829964248	4.805177452217056	5.003413279072528
walk	5.125105943182277	4.86064436258103	4.9173537446983
difference	5.077311618277602	4.95343258358261	5.198937008280923
hang	4.949836385530206	4.895384644318307	4.832357857990755
following	5.232561715858726	4.8711538688121605	5.224444248068677
employ	5.125642454082521	4.922253960580109	5.192457770711808
