deal	5.039515017544935	5.016429076836743	5.122771973219089
study	5.279089738783484	4.913209736012033	5.266885096971135
afford	5.1812916962476026	4.947051252753706	5.233303563037732
service	5.184896435366916	5.019179144856917	5.304363672404119
height	5.072041126853486	4.878643908900529	5.056343765996273
prospect	5.162943677764716	4.995775360015438	5.182333253501114
pleasant	5.234695501121991	4.855198365289414	4.994582456023945
shade	5.127917264889953	4.860327486839573	4.968176348206313
listen	5.018246331039301	5.083865790359629	5.054487407057174
mighty	5.004712612972059	5.043461578273444	5.097508586887714
country	5.122994199962246	5.016102247785918	5.285825046170815
title	5.221849254204505	4.968840303958161	5.361166290311669
choose	5.140340626428939	4.958257996742497	5.223937537087953
village	5.143764596568572	4.914282286670974	5.088291812345433
acquire	5.221344460872626	4.974074975167579	5.317541271984847
rank	5.134536536237489	5.063513315511855	5.290076007620419
bow	5.049228514183917	4.977414675637937	5.001474056472784
doctor	4.995143105835231	5.000255037902559	5.019432706823108
talent	5.24754707205952	5.023582148414166	5.341148338748566
source	5.174613572401823	4.974837478487857	5.27154837944928
lead	5.056307924743337	5.038017147448954	5.168159058068363
question	5.056157327471748	5.046401413225022	5.279194066863072
publish	5.234124071958432	4.939174155789264	5.350337805235989
interest	5.152854147267464	5.037819589290338	5.3102888875200565
serve	5.0525836641165185	4.976292049808189	5.113104010212338
divine	5.136891944386565	5.024208427000216	5.271360756232969
put	4.94849485116292	4.94284402267381	4.962992836917744
shadow	5.049222409011166	4.935854210484779	5.008589695990574
practical	5.183322097234163	4.978590614932339	5.344894400561177
surface	5.06372977592518	4.813123904551029	4.9694234447129055
account	5.094932360694539	4.98662310140001	5.211835835385637
loss	4.945192247867545	5.099171677403958	5.145196019877747
indian	4.969086225167515	5.041746556046404	5.132913218561869
vine	5.136119978247621	4.7967143815485285	5.021265223321319
certain	5.046027070856875	5.031416569361687	5.222014078134173
sin	4.866308099025049	5.142186824512325	5.114349689121255
necessity	5.006587480484929	5.080066580548808	5.27134575762617
lose	4.9828350749922175	5.069538936428356	5.076764693464222
private	5.10313514029091	5.059390021002284	5.299179209110759
gentleman	5.142544786223861	4.968657977537562	5.133500179350955
daughter	5.0424072934125315	5.065958074636805	5.095199075676916
drive	4.837225859060342	5.107574443807636	4.976017268745222
strange	4.95834755175596	5.063521157431929	4.985720981792504
journey	5.14219293988443	4.946441621000147	5.069221974854909
uncle	5.103701804077632	4.951851949879716	5.031673742042485
species	5.048502516465627	4.9431043112295425	5.147889471541472
think	5.0297293922522295	5.042723884741192	5.087869199902012
bed	4.985337787521571	4.856911407109081	4.830190414263513
wind	4.9362682923342485	4.970511808927089	4.9015048223141955
bless	5.083262204539523	4.9831744052147995	5.039658201011777
destroy	4.8796007282618294	5.108749126123275	5.130890480871716
author	5.212711519808802	4.992809793286125	5.309634316231941
sustain	5.045429896013414	5.057473757268214	5.2682141095201125
black	4.946110592052177	4.883399732176557	4.862520897442323
event	5.083962086223034	5.088082831852488	5.282479709617108
liberty	5.077177991551221	5.116069013112856	5.337029619701356
negro	4.933577170008619	4.978373501670572	4.992748625332098
little	5.100078440984625	4.912387229815948	5.0180903867456825
fortune	5.088533801830017	5.0824978896623225	5.186799432373724
touch	5.043268943317508	4.990660447281977	5.031624103353338
kill	4.769023830079245	5.110921933346754	4.9198371531409215
feature	5.104181783582675	4.958272749746606	5.106092939476647
happiness	5.127540037179761	5.078230309240416	5.24778401703525
assume	5.075595226394467	5.035496477923818	5.222735333495046
notion	5.070034059513603	4.99705332272038	5.16883797894477
purchase	5.166089577078771	4.884446314870484	5.172075519560279
faithful	5.136431671253941	5.071839660579823	5.256360064373616
soldier	4.917897155689982	5.171776608744091	5.113044987615025
father	4.9855312968423675	5.077821837080167	5.08293564231307
narrow	5.005476944472093	4.9107116514012805	5.017603331513135
great	5.116932967410761	5.011644514233643	5.252476334961629
tear	4.901411977098569	5.031537155094224	4.904576562399703
honorable	5.138894745905601	5.117539550442811	5.377541133048982
previous	5.096124044218686	4.975985163106937	5.211441779801409
good	5.093802576386383	5.006604285828808	5.141599007717318
domestic	5.150280576817371	4.964445518377413	5.206237742197458
glory	5.167681417629366	5.022539083655617	5.209423620112856
lay	4.991251392914279	4.922776951215252	4.974285956235914
occasion	5.069760103325876	5.0617442247764055	5.219967041150215
guard	4.9097957318846355	5.126974646166491	5.105043028509586
whole	5.066830483338999	4.962646698008944	5.1592609561821785
mouth	4.964701235480106	4.898885899846192	4.866635406799765
receive	5.14107262814677	4.987786495062975	5.235297720011351
take	5.004846258643001	4.991692525861242	5.0740986544154705
simple	5.167910055466083	4.910622541750792	5.1642567238146375
error	4.980568134907049	5.104773780428734	5.2735805873237505
wisdom	5.1097812278765575	5.088292630695571	5.29597839627532
rock	4.964509865808387	4.911398316609543	4.917645956075633
decide	5.066535845070092	5.076730976825305	5.31298914380845
exclaim	4.904755310275325	5.0818855307345	4.921858718843658
assure	5.070683716736717	5.07621710877935	5.179002711518773
sign	5.037861345581383	4.99089375742707	5.132882415462403
preserve	5.123779402772414	4.939646664766598	5.182214919209666
commerce	5.139247996215195	4.970384359153744	5.2874601649926385
plant	5.1105312029574	4.813317840550409	5.018666494191894
walk	5.123162732740265	4.8817091597937745	4.937950939639959
difference	5.084187688217813	4.958421831787682	5.218818339527913
hang	4.945962216208163	4.914082473701152	4.847685536219657
following	5.238701478394423	4.875265500623394	5.247601793384156
employ	5.129264381765012	4.928683731149549	5.209859479973188
