deal	5.049316999295997	4.997792009408328	5.104661881540168
study	5.280231821049416	4.900145298104588	5.245210362484762
afford	5.183732382419328	4.932704347348931	5.216397807330694
service	5.18654825427116	5.003757243552295	5.286447340328248
height	5.079612067463891	4.860866857642164	5.039736265952589
prospect	5.165649532136594	4.979886618395196	5.164799620322322
pleasant	5.243976317536609	4.832026989855874	4.972103379961854
shade	5.135713521303712	4.838448391539846	4.945786945469437
listen	5.028188012400925	5.062278177609772	5.033647369958142
mighty	5.010598280256582	5.0247716432294	5.079743599952972
country	5.1235774084484556	5.003776650479016	5.269741488198159
title	5.217235164375321	4.960624897413353	5.343907088291148
choose	5.147877988244641	4.937473258204446	5.205222180478924
village	5.151466003673666	4.895705506095175	5.074658960806362
acquire	5.221375506985378	4.963539430114134	5.300201472058033
rank	5.13508929571081	5.048763904078087	5.274620386727654
bow	5.059694218934743	4.955400346128636	4.983469797079906
doctor	5.014706715314074	4.9767803553930365	5.002689794594431
talent	5.248999384426067	5.01129122067372	5.322712008170071
source	5.175887303110652	4.964410500854865	5.251424297534433
lead	5.060691567851402	5.020754365957138	5.150242928929095
question	5.061120307782723	5.032716590392103	5.264154498325344
publish	5.238561750716736	4.929666015113222	5.335163191953432
interest	5.155114506844537	5.0264671822196565	5.294459566120414
serve	5.061721012031427	4.955259292422858	5.0930431102392175
divine	5.134851881418054	5.010065329252567	5.245327796061144
put	4.9705341601102955	4.916675956908369	4.947089878713104
shadow	5.054536799816111	4.915798074682482	4.987389426580993
practical	5.184549950821076	4.967219051516061	5.326443147779167
surface	5.075826256716847	4.795610233495456	4.953939154944692
account	5.101346316606755	4.973511416335884	5.1962790294527474
loss	4.953060162344325	5.082517264175801	5.128330814266846
indian	4.977169289155992	5.026164171633783	5.121156229222973
vine	5.1440362888391284	4.777503659706789	5.000399363057776
certain	5.050602589181508	5.017038115234451	5.20615462885826
sin	4.871169896805353	5.121391994263179	5.087830836187786
necessity	5.0117481258286825	5.066569898157414	5.257278566229332
lose	4.9904755000068155	5.048577907917276	5.0562675893757545
private	5.106915520623866	5.045215526259918	5.2844665356967875
gentleman	5.152803955400126	4.948413273687138	5.1180374396245005
daughter	5.04912814161913	5.045160417623154	5.0748483874631445
drive	4.852434388487271	5.083262703053938	4.9629387182309435
strange	4.9672618722291	5.041901475866515	4.966349013562814
journey	5.146834435173694	4.929383813794661	5.050753701914126
uncle	5.119042125784846	4.929352899989492	5.012691236190767
species	5.055330569844492	4.928311746882461	5.130122425865282
think	5.039588384153743	5.021360166810065	5.067367197928984
bed	5.005667886127807	4.828919396789458	4.8134312377319555
wind	4.95311225030107	4.945601812589213	4.8860592205632205
bless	5.088802933039137	4.959013145120343	5.009881377287769
destroy	4.888590024896963	5.088148520662172	5.112916462468834
author	5.2134073012530795	4.9824824830978605	5.28926039858339
sustain	5.051018471314677	5.042757740751319	5.252243014154757
black	4.964633898652333	4.85894849740331	4.848294572696231
event	5.08808430273597	5.079158789220995	5.271072761552578
liberty	5.080360287090897	5.102361019967322	5.3195881057341285
negro	4.948099227794571	4.956111381191495	4.979877651553539
little	5.1125809737579875	4.890706050563827	5.000268476806197
fortune	5.089907353542608	5.0663889057730955	5.167778421568786
touch	5.054474579446293	4.9702032520958515	5.011553027191525
kill	4.787066575912447	5.083995144995059	4.903505868519334
feature	5.112215654094571	4.943399525011486	5.092442384307109
happiness	5.128261780361576	5.063704721135372	5.22559442594403
assume	5.081979756347515	5.0202984839449	5.208862996022458
notion	5.078439086623026	4.980185043455262	5.1520220271953
purchase	5.165317412960221	4.868427267727791	5.150791196912194
faithful	5.137604262386725	5.055930699055283	5.235118518037487
soldier	4.926021482287943	5.150161091830542	5.097487659762241
father	4.993202252929774	5.0569638917122095	5.062443892340072
narrow	5.014222271548977	4.891805384182021	5.004147279755549
great	5.120059358736383	4.99878619583898	5.236049194169228
tear	4.9211236409712	5.004605477976683	4.883987876498362
honorable	5.13665814566922	5.104736647133496	5.359941938008475
previous	5.106600911960588	4.9604762945182355	5.198634989267521
good	5.100975141217099	4.986031514573502	5.119854491728804
domestic	5.156043669020681	4.94726574686119	5.187208423986821
glory	5.164174861482129	5.006345816504795	5.183280420317274
lay	5.004092148701258	4.8996013775685086	4.957447164454386
occasion	5.07877514951414	5.046154606335258	5.206089696332136
guard	4.918504987148716	5.104157292306239	5.090062457921412
whole	5.0758542080759295	4.94641318285013	5.145058547646435
mouth	4.987216079755921	4.875300641336539	4.854032199879998
receive	5.147168875987382	4.971844146008973	5.218517070323718
take	5.019837947064694	4.970074273733446	5.058715687047263
simple	5.172050913563895	4.893913662634672	5.1428082576474035
error	4.984029938892803	5.091813264906997	5.254691209378106
wisdom	5.107747609106764	5.074227613640455	5.272194329809804
rock	4.9775990873980565	4.8895490663370405	4.9030798683970165
decide	5.0726114742221835	5.063094998191451	5.300571427034989
exclaim	4.922322577627842	5.056823675586432	4.904930522350155
assure	5.075152307193034	5.059574166398852	5.160562544934288
sign	5.045797822264018	4.973856059786747	5.117294579074951
preserve	5.130870444952093	4.923471027598117	5.162486171231079
commerce	5.139181483950612	4.95908013259277	5.2713961529423505
plant	5.118964145678671	4.792745413341824	4.9972480887917925
walk	5.13426036267753	4.8562538219458515	4.917377368641278
difference	5.0893495632227435	4.944576380889225	5.201356142428057
hang	4.961420833448457	4.887109968438374	4.830731622308373
following	5.2467484175477965	4.861481421447551	5.229869440993754
employ	5.134576736436694	4.913253908605295	5.193884997044603
