deal	5.041223273253793	5.014834834900739	5.114343257822296
study	5.269515708915405	4.910285991811161	5.246381914085052
afford	5.176678173915109	4.9463789763230395	5.221816793955604
service	5.179075245227717	5.025184852446069	5.292807353147406
height	5.068700884930554	4.872576813038598	5.047877253665986
prospect	5.153788952404555	4.990899380771225	5.168178453124914
pleasant	5.230667496910088	4.841296687834448	4.978595783391342
shade	5.1248573501416335	4.84650086892428	4.956074666412253
listen	5.012604270224944	5.076644739569357	5.041162017792615
mighty	4.997667301788505	5.040834966744419	5.090103859095239
country	5.1176638759535935	5.020282300375941	5.276727632579141
title	5.214446597779598	4.97878550452213	5.347074075588309
choose	5.1395884061308115	4.95898182770672	5.211504137008339
village	5.142901421429527	4.908982660809959	5.079563979595895
acquire	5.211328840720448	4.975379091221993	5.303080099272095
rank	5.1246583607107175	5.0651146367435596	5.28010469608872
bow	5.045032900385156	4.973024510249204	4.994156592845848
doctor	4.999705443211567	4.99509163610632	5.008862124473316
talent	5.23806542538192	5.022273953959913	5.325443575100304
source	5.167862964191316	4.975456541117162	5.256551496549868
lead	5.04852672514676	5.035479180686797	5.156738772625481
question	5.051913917576366	5.049695792825215	5.2657733181675574
publish	5.2322094277923465	4.949732705102639	5.336215040011841
interest	5.146668781136721	5.041180257704928	5.297882384916245
serve	5.051582848472828	4.975274685446158	5.105426955401307
divine	5.124908525374257	5.024183841797448	5.251824427231247
put	4.956847177480065	4.940380104366593	4.960344978927548
shadow	5.043288251234632	4.924262359773783	4.9948954789534
practical	5.1747401107003554	4.980210074766488	5.326808433784483
surface	5.065101193067425	4.804284361025541	4.963531347276944
account	5.095957553391666	4.989668051582129	5.202819156502306
loss	4.9445122038998415	5.099526823379632	5.138053970750428
indian	4.968174987648583	5.043367694602683	5.129865848356504
vine	5.1375247656797915	4.786598594287334	5.010773706234323
certain	5.043365530712634	5.03119777966466	5.212131610431151
sin	4.86029528614634	5.139662056227275	5.099547889549118
necessity	5.003981844303072	5.082990042797274	5.26371273319104
lose	4.97944927401249	5.063929932993862	5.067408393662439
private	5.101249424273959	5.065392001779204	5.28948649880401
gentleman	5.142907655808301	4.965949786971046	5.121996962828628
daughter	5.037199681407515	5.061826032191901	5.080838790495425
drive	4.838329068185869	5.103552225753087	4.975831256639161
strange	4.953264797331262	5.05328891284292	4.973869827226287
journey	5.1366213403674745	4.943139061366669	5.056695759005047
uncle	5.1072325568711285	4.94654181526681	5.017517316057952
species	5.053323980287802	4.944336435616645	5.143296059608486
think	5.026921666474194	5.0358341465211796	5.074467579582554
bed	4.993683292210489	4.845761121304901	4.824751917716019
wind	4.936443452836456	4.95918469444033	4.896611980332018
bless	5.078559776274099	4.976373291276931	5.021440972759391
destroy	4.87975387857814	5.10773493119593	5.127357232859589
author	5.206066522218058	4.995212343405314	5.292987939409772
sustain	5.040536242298064	5.060826456746455	5.2596131236370836
black	4.953632181331953	4.875268270411237	4.860565969075222
event	5.076632027798664	5.090286777005149	5.272130555950756
liberty	5.07051052607903	5.121726102576475	5.327890837093246
negro	4.936830897080603	4.974629370033793	4.987120514598398
little	5.099442452473269	4.904256201788812	5.007602244876502
fortune	5.07979427776412	5.082469709847215	5.175665393064896
touch	5.040007605753802	4.983766209163989	5.021142449199123
kill	4.772574974941231	5.1045501709811445	4.916591041907895
feature	5.096801583661738	4.951785703398118	5.094474020521301
happiness	5.117936823009835	5.074519693484969	5.232023731158347
assume	5.071447389317357	5.0343067253718266	5.213083340228029
notion	5.069255764340971	4.992441401572385	5.157489494214961
purchase	5.166924524006574	4.890356929749237	5.161980174453215
faithful	5.123941118230351	5.075098570073305	5.2398679804917165
soldier	4.911387988128899	5.171602471209263	5.1086579790787985
father	4.9802789572738355	5.075634217911788	5.069613063803266
narrow	5.0035333368336525	4.9051492172577085	5.012213330054394
great	5.112685616709585	5.014158664950092	5.243884659057625
tear	4.90188826778142	5.02316514684864	4.895739702169429
honorable	5.129015907075279	5.123670990302791	5.363613754105136
previous	5.09685112769356	4.9763787091799445	5.201229103358749
good	5.090158976312836	5.002960720682675	5.128402622109849
domestic	5.14802665283679	4.962998594024344	5.195752016576523
glory	5.155125554951773	5.020866466471539	5.194841596863414
lay	4.991968833800366	4.919609167540102	4.96994847586906
occasion	5.069260601376804	5.0619442326521655	5.21233556387181
guard	4.90533952747848	5.127098858128737	5.1001787575264315
whole	5.065754498720439	4.963388638911018	5.1531862408084566
mouth	4.9699885845027225	4.892148331206471	4.863473266470825
receive	5.139606357157997	4.992553103398632	5.225435210854037
take	5.008554850114839	4.990516084820829	5.0681312194886665
simple	5.161956721819541	4.906263828655184	5.149565737662866
error	4.97582499939625	5.10533411688808	5.2591322482350105
wisdom	5.095709055382987	5.088230314318394	5.278086705183209
rock	4.963951135853342	4.90336157204424	4.913435010637405
decide	5.062172149251399	5.078660499237222	5.30031618403562
exclaim	4.903809641366107	5.074249755818724	4.913070651199114
assure	5.066226182073419	5.074726375889547	5.16823627078065
sign	5.034905396076718	4.9925084811953875	5.122465205726115
preserve	5.1225353357747245	4.940469403682485	5.174920527624861
commerce	5.135138208714987	4.978282683725239	5.280113672450627
plant	5.1116477960359195	4.803774787967927	5.009173859347125
walk	5.122906295649806	4.868685942117129	4.925383755145185
difference	5.082769072495836	4.957027981374838	5.206230169132272
hang	4.949326704390425	4.903115861736842	4.842377762902233
following	5.237930908951908	4.879522885430325	5.2320960302754695
employ	5.127870459829605	4.932353373313994	5.201840398006109
