deal	5.049530004166149	5.016208891371844	5.114864205338284
study	5.271365583116884	4.920337180152337	5.252992185863976
afford	5.178558180199468	4.955021408969756	5.224710266432613
service	5.185932082870988	5.026549982844837	5.295217293265686
height	5.074421930628858	4.877436936421284	5.0463062778737715
prospect	5.153690893360288	5.000694701839778	5.168631599211959
pleasant	5.236361195093227	4.848637294401211	4.9779674090115975
shade	5.12725485715411	4.852897142082886	4.949881071460811
listen	5.026202395106274	5.0791744458931944	5.041709315792672
mighty	5.008098989540749	5.041724795570995	5.086953333224719
country	5.12069321746632	5.02390449124174	5.277406558455884
title	5.223871890681644	4.978206496542638	5.3531117938266295
choose	5.150620360134024	4.960638127633397	5.2170165492256695
village	5.148321986481655	4.912283874939326	5.079764197596207
acquire	5.216468504508971	4.98373533431069	5.308538068171905
rank	5.138914659094088	5.067168138141866	5.282867718958919
bow	5.0596327491889825	4.971209478938665	4.990095306490918
doctor	5.009568796718526	4.996821927270274	5.01068980076743
talent	5.244410353185662	5.031205944393547	5.331073577458583
source	5.166157269090839	4.983135644568448	5.258016962035174
lead	5.061500716389683	5.04163479976438	5.160282408590353
question	5.060045553630578	5.054801784193591	5.273556951038904
publish	5.231515797170811	4.95168220393724	5.341942401472387
interest	5.147504407427455	5.045935027415419	5.299876325249049
serve	5.065543986864195	4.977717294625321	5.105695019602916
divine	5.131070934527853	5.02954717724561	5.2552967733965925
put	4.972567132343069	4.93791375970287	4.958593953030525
shadow	5.0474624708321025	4.931336093463213	4.9917312746141
practical	5.178394210422708	4.98920419176598	5.335991899350059
surface	5.065561810912133	4.810060459637435	4.958537182742703
account	5.098493234298642	4.994151494576533	5.206377638346583
loss	4.946515611246355	5.102669649909698	5.136176990636658
indian	4.9850254619630725	5.0432923046420255	5.131939177517508
vine	5.1367240248950115	4.794406342461093	5.008903416076698
certain	5.051276312512645	5.038026983221179	5.216821100175675
sin	4.871655907920723	5.139810652255054	5.099708773893166
necessity	5.010010503264857	5.08934556367809	5.267005934875502
lose	4.986664724359221	5.0687062684400335	5.065296063639131
private	5.104226745507175	5.066376188231302	5.289570648114133
gentleman	5.155984905171343	4.967094588420895	5.126685393630008
daughter	5.048459280109665	5.0632689424892	5.080889510654398
drive	4.855097426742596	5.101709749847049	4.971944279643135
strange	4.966628096818329	5.058392009715238	4.974150779081326
journey	5.141231760611718	4.948815043332739	5.05829683882497
uncle	5.113367939664647	4.9481569754985175	5.018672741240677
species	5.05448924104466	4.944503593205674	5.140645451794946
think	5.038042428995683	5.0420858407373315	5.077929936641665
bed	4.999679085065193	4.846358039746417	4.818893134218848
wind	4.945084620277581	4.961064241391879	4.890881751797376
bless	5.087104262932204	4.975870591103317	5.019793957200292
destroy	4.890631938149379	5.1094688782139155	5.124517442284277
author	5.2106023708228575	5.001958794486356	5.299386024236274
sustain	5.043282461534682	5.066078270788047	5.259704106059388
black	4.966713188025631	4.873576443150837	4.856236661511101
event	5.076962715377421	5.1006460650145895	5.275036384701742
liberty	5.078729215299524	5.1231511381394945	5.327459576302547
negro	4.953119755158179	4.972413608951067	4.989793957554477
little	5.111312638526525	4.9094226521668975	5.009452139979439
fortune	5.08810046452862	5.085875419734501	5.175650098052322
touch	5.051820622842862	4.987035969567982	5.019636484855468
kill	4.798409061083821	5.101722848588613	4.920265121463222
feature	5.102675861429227	4.9600874850198915	5.094134384532606
happiness	5.1202156384816355	5.0832914782586744	5.232223442554927
assume	5.0789643205512816	5.040887399381078	5.215036446940624
notion	5.081304871673525	4.9982888428161685	5.163930053699354
purchase	5.168596840637525	4.887299697973154	5.1610796850670075
faithful	5.1357042281162295	5.077367234338068	5.2429313856738515
soldier	4.934359078675921	5.168982349012749	5.108250681701879
father	4.992646167730204	5.07617135256801	5.069342373987151
narrow	5.012308523598593	4.908964428208799	5.009848455257998
great	5.118178987919801	5.019900755678878	5.24603423552492
tear	4.9112765535305405	5.021683016826033	4.888210180693902
honorable	5.138302631963868	5.127341329718547	5.368809714887012
previous	5.095973874399081	4.984470851288012	5.204028566412955
good	5.1043002821244405	5.006637467541404	5.132604185460057
domestic	5.151064799779859	4.9679106162544	5.194045129558744
glory	5.160823391954189	5.023596376609351	5.192297835433726
lay	5.002234110443918	4.918327442484864	4.9641065135104885
occasion	5.074759990888466	5.067317469398189	5.21409373131942
guard	4.924354823994504	5.124639417768299	5.09905782291413
whole	5.072264815462794	4.966952040084902	5.153091366266026
mouth	4.9841052410806705	4.888828390521968	4.859627349119162
receive	5.145310839698023	4.9945578472101415	5.227533804596221
take	5.019424011547644	4.991698791269877	5.068226643565252
simple	5.170496838454062	4.912797848912092	5.152762862301952
error	4.979660195199203	5.11295084763892	5.264716807553579
wisdom	5.107829426677219	5.09478048834352	5.283830476161049
rock	4.97264611516407	4.903690625420187	4.907994504665205
decide	5.069668939263931	5.0865677898632295	5.3087566106435125
exclaim	4.922450704726456	5.07250084868005	4.912216034216846
assure	5.077158949772873	5.080638843941451	5.1717371379798465
sign	5.045596945012132	4.994613270529584	5.125770901275501
preserve	5.128152664706415	4.945987286649257	5.173269104196607
commerce	5.135836288323752	4.978621277735214	5.279254932860378
plant	5.116235593031952	4.809771605740279	5.007575038078975
walk	5.132171342184614	4.872191715057317	4.9243887976147205
difference	5.08966552590038	4.962561705068403	5.211649447193778
hang	4.960656297775318	4.9018504329209405	4.836433539819154
following	5.238784287346413	4.884482324123226	5.237757012217182
employ	5.132566320984257	4.934251906147798	5.203657009512451
