deal	5.0552930548164285	5.008469620776659	5.11610237944762
study	5.292226877161725	4.907257451529268	5.259775421325216
afford	5.192792909387355	4.940548779910465	5.229673847061247
service	5.20267137253491	5.018292457169922	5.3028085534845895
height	5.076659411695399	4.868485364342631	5.044773808398453
prospect	5.169804264433306	4.988562055151905	5.175154998001466
pleasant	5.2453549398788555	4.845414666866582	4.984692009240019
shade	5.135714582042426	4.848695998274125	4.956247781682192
listen	5.035570602118129	5.071761448344447	5.045544486337525
mighty	5.01289035788018	5.035139404810543	5.0883286857005725
country	5.136075181332952	5.012681028663456	5.282588831908515
title	5.2400741922269285	4.9692625345364485	5.358632469375941
choose	5.155279046624415	4.952893368516954	5.218433674937369
village	5.160715045503181	4.9056940440893735	5.084904979192154
acquire	5.232246399308504	4.968878085918009	5.312630673956567
rank	5.149709249592178	5.057138840143766	5.287366593352588
bow	5.0621301156678955	4.968150286849143	4.992908659684995
doctor	5.014545275771545	4.989923051565548	5.01204377968793
talent	5.262562753526892	5.016400658147089	5.337434761706489
source	5.185083433421179	4.96860903039064	5.263892409626509
lead	5.067044655966047	5.028524060978475	5.16077474488953
question	5.069956640602583	5.039481285871481	5.273308803414625
publish	5.256758754968719	4.940653165141472	5.350709094768282
interest	5.167979071502394	5.03288097316783	5.30589222818979
serve	5.06531052114127	4.970453321226987	5.108097705599821
divine	5.148468094198621	5.017870961220248	5.260371034859365
put	4.960259319694187	4.935032656693817	4.955890254840059
shadow	5.054066855115364	4.923858724934939	4.994047131831683
practical	5.195277104942753	4.972590578052831	5.3379062881434765
surface	5.065223718487737	4.80190435732998	4.958041135386822
account	5.112127455787137	4.981823973676211	5.209405262221786
loss	4.959907535473544	5.093872533902988	5.141018239431111
indian	4.986158986162477	5.034392264162304	5.131247827800595
vine	5.138579240778035	4.787778242946287	5.0112321335290435
certain	5.058821309185396	5.024591555850759	5.217198411722848
sin	4.87999027659995	5.133324855655045	5.101049950618286
necessity	5.0185386404658425	5.074547074318711	5.267983160594822
lose	4.993617900964973	5.060678927038589	5.068501016343145
private	5.12125642621958	5.055793620997022	5.297034750684068
gentleman	5.1630869534958235	4.9599429110519635	5.129835676072183
daughter	5.062888882108603	5.057708800966053	5.088060474673761
drive	4.848349716440102	5.0972699491857725	4.969226791635517
strange	4.9727789565096465	5.051900899180891	4.976140593269891
journey	5.153613943620973	4.941246692933828	5.06451483724046
uncle	5.12162307246146	4.94248656401039	5.0222697159930565
species	5.0609081255372175	4.93769570872004	5.142376947149542
think	5.0431789322849045	5.032973641937819	5.078675661763147
bed	4.997294734515425	4.846095624742789	4.8209102152910255
wind	4.940833702636786	4.957530615593554	4.889053641721895
bless	5.095378079802772	4.97596289124759	5.025598398098653
destroy	4.89292309937747	5.101185938576625	5.126100984866105
author	5.232541027212076	4.989375919344749	5.306533421683898
sustain	5.058015182564912	5.052869757713535	5.264267217526337
black	4.960040459387318	4.873651833325451	4.853518518727826
event	5.099250653368449	5.084394570074012	5.282111768176735
liberty	5.092737133837486	5.1138435524697305	5.33374247395287
negro	4.952531298410222	4.967440273441141	4.985829575446061
little	5.113372002330304	4.902300540652619	5.010957156988639
fortune	5.101330699390621	5.077493962993625	5.1829817692849405
touch	5.0559762161343995	4.979919158840962	5.0216341599347
kill	4.784095650904109	5.099679434758389	4.91383609097577
feature	5.115988622475422	4.948296016173455	5.097718907469851
happiness	5.138760044102459	5.072140219213293	5.240349425425342
assume	5.090469636371821	5.027382222014801	5.217757442718269
notion	5.0837466892908045	4.986033369875703	5.160030559698915
purchase	5.1796478564745225	4.88359318023315	5.167025672535292
faithful	5.153497100273813	5.067115769787357	5.250323204650058
soldier	4.932391741495712	5.164514461227159	5.109423996391601
father	5.005027092521543	5.068768004945537	5.075409562173986
narrow	5.010614787273509	4.899468341507441	5.0073429536859075
great	5.1297788928563985	5.0065719516350535	5.249046625616098
tear	4.915147511245284	5.021716212008348	4.893712086458636
honorable	5.155515897159186	5.114074617785548	5.375628981409684
previous	5.113094333539435	4.970482288828021	5.209290904503602
good	5.107145254009047	4.998519193620922	5.134051597522825
domestic	5.1655801854591	4.959351585548369	5.201488885599891
glory	5.173934444523105	5.018823427292449	5.199824066647199
lay	5.001617902443209	4.914378523520853	4.966337707981166
occasion	5.087405747521053	5.055572257756892	5.218678628631132
guard	4.9234564549968445	5.117403275848663	5.09889673400534
whole	5.077681440327267	4.957070409981361	5.154227814041746
mouth	4.975464418251026	4.886267589688323	4.855970670519098
receive	5.159248933666767	4.983992701601445	5.233569320947463
take	5.019644975640834	4.984049241366047	5.069086083516208
simple	5.180482666646242	4.902661052754278	5.155516235065076
error	4.994170025266855	5.096932932675061	5.266074145880266
wisdom	5.119834637060008	5.0809375854318795	5.286655732450391
rock	4.970089113268942	4.898661777382098	4.9067536979423805
decide	5.080430985818931	5.069758451764893	5.30901566492316
exclaim	4.921839743004929	5.068153144897351	4.912048632642917
assure	5.085247289872748	5.067438757692938	5.174244767399779
sign	5.052351965859225	4.984354246362753	5.127286250701521
preserve	5.135577703719634	4.936090717267141	5.179032220356961
commerce	5.147041313923533	4.968973825279478	5.283291853488301
plant	5.116208420847781	4.803458535199044	5.00919407315171
walk	5.1343030459773775	4.8688299227266265	4.926501806273927
difference	5.096390023179768	4.949980743256434	5.210466743925825
hang	4.955355706158927	4.902218964878535	4.836077452692254
following	5.256722377698717	4.873438570088457	5.243817594712901
employ	5.142841533764802	4.923511029483741	5.206032494929237
