deal	5.019616109104653	5.012986709717951	5.101648573265282
study	5.257109444376754	4.912836754614983	5.246339800512616
afford	5.156329345827847	4.946396054607772	5.211570523809362
service	5.16070096009328	5.023501456958418	5.283614634892292
height	5.049109972599165	4.871471803642713	5.035164370946109
prospect	5.132201823767057	4.990712298050163	5.155718474037236
pleasant	5.218306704786661	4.835023081139793	4.966948021978727
shade	5.106830604043484	4.8398782128520486	4.939667037718863
listen	4.995151493025895	5.074727079198917	5.031011930667593
mighty	4.974051071330989	5.036904663646322	5.072346493632574
country	5.091860432999696	5.02048258001337	5.262097629523141
title	5.196070795349811	4.979782643238289	5.342079061520834
choose	5.118359606079848	4.957069140139703	5.201887508184103
village	5.127505203965328	4.903585357539069	5.068740856057073
acquire	5.193440772541153	4.97708961702888	5.295768158672218
rank	5.108966795001398	5.06430450081925	5.269775005937605
bow	5.032709949151642	4.96368334251087	4.980358647395864
doctor	4.985139740121923	4.992108165757069	5.0018913509504825
talent	5.222671451974626	5.025245252818232	5.3214246179398526
source	5.14124085046544	4.979280995773604	5.245601220735139
lead	5.027528318354962	5.034469205014188	5.143259905131399
question	5.028785139483519	5.052573851166727	5.25687045924311
publish	5.212504993914064	4.951874383310362	5.335556313467067
interest	5.123757480913522	5.043781408907371	5.287592699481676
serve	5.029681054300959	4.971110813781261	5.087774769663867
divine	5.101606931007856	5.027178240854931	5.243344885140448
put	4.935039085219804	4.931457370248398	4.93964541744562
shadow	5.020651890603419	4.921437405035699	4.980039129565318
practical	5.1534353845110115	4.985673752393133	5.322095991764417
surface	5.042814407781809	4.797853827171374	4.944020624537725
account	5.072773957028416	4.991001938213232	5.1930953274804
loss	4.915327594999354	5.101948976978072	5.121719802383255
indian	4.944884624144628	5.038056765506437	5.110343080261827
vine	5.116409307256706	4.782046925408939	4.995277406556208
certain	5.016522558978322	5.033848767948954	5.198569118193423
sin	4.831638779250253	5.141460503866293	5.085019833841196
necessity	4.974997684559878	5.085165705487986	5.246878991883558
lose	4.951890074044207	5.0641395243887155	5.049793162599087
private	5.075879069194037	5.0672112958634985	5.2771061813651565
gentleman	5.132970184884342	4.962626700158338	5.117096949602451
daughter	5.022443066171618	5.059059531859155	5.073611646161952
drive	4.812121164593625	5.0968210115107935	4.95185365505253
strange	4.932275375267273	5.052253299089762	4.960415205300192
journey	5.119014236108772	4.938889122339682	5.046352577421086
uncle	5.092117864753161	4.9432644845574805	5.012603871450191
species	5.022823332097862	4.943990388879187	5.123896396021913
think	5.0056378960788885	5.036251287790386	5.06429395771246
bed	4.9761736027011265	4.833809825218399	4.8068476968769955
wind	4.912577681281073	4.9516775198920175	4.8740791858077115
bless	5.056469019575716	4.973862038492422	5.009260256653679
destroy	4.8469158636440595	5.105849775215987	5.103622101956415
author	5.187259991889206	4.99948748759788	5.290783245020001
sustain	5.014021903351062	5.0601329623099565	5.244060308076722
black	4.935910682124723	4.864471004286206	4.8421436215494476
event	5.051457146793541	5.09495353077438	5.261837659024015
liberty	5.042360026638101	5.122155753767015	5.310462494833508
negro	4.921523211853429	4.969009082617035	4.974961964776321
little	5.086029970219905	4.899258233249648	4.996977471216227
fortune	5.060607777613384	5.08096125897466	5.163263905687576
touch	5.02156124603943	4.980770066413397	5.008119912136737
kill	4.749764886908048	5.0995807597371385	4.899229332202527
feature	5.08237136057285	4.948724380726767	5.085676799915632
happiness	5.092549194310864	5.078122006598381	5.218189476229597
assume	5.04998480502251	5.033414743622546	5.2003918725018545
notion	5.049530699358427	4.992945210736298	5.148282220107318
purchase	5.144575391283964	4.884677642480782	5.14776169327211
faithful	5.107693166860793	5.0733338855444785	5.233226387481383
soldier	4.890578629197167	5.16758535815789	5.090070245486642
father	4.962940350446937	5.071697650043167	5.059732198670143
narrow	4.9820416297818335	4.899074942173189	4.993225361019962
great	5.0885508854620545	5.014943154490847	5.23070124972268
tear	4.879047112006251	5.0155924104688	4.8766856737033235
honorable	5.107777933792843	5.124868051763916	5.354558262186576
previous	5.073210624284438	4.97705692998018	5.191201552749167
good	5.070428091825388	5.001048118794803	5.115976200594515
domestic	5.126414798483108	4.96057003761768	5.179612816605223
glory	5.130583713393889	5.019446937298885	5.1797254855562676
lay	4.972241490918215	4.907541863453714	4.94903624779159
occasion	5.045714273240222	5.062009244228544	5.198697535564633
guard	4.883610397524369	5.120940926834129	5.081554113874034
whole	5.041935603323225	4.961270362016322	5.1370431118256015
mouth	4.953834581348715	4.881165554385061	4.845875741635097
receive	5.118318376403179	4.991251273605762	5.214845179676407
take	4.986266369302939	4.985816262510366	5.051935709942706
simple	5.1452465817211674	4.904992153946165	5.140744879593186
error	4.94585377132401	5.112632603775567	5.2492080992017565
wisdom	5.073127633469635	5.09128501291576	5.268356368856365
rock	4.943026312443577	4.894000702447444	4.893537010867203
decide	5.037915451137622	5.081966951521949	5.2914693207674235
exclaim	4.890445245879101	5.068992208033975	4.902506439980314
assure	5.044203643030279	5.0745406184672905	5.156450128049785
sign	5.013956496451867	4.991166272135662	5.112533237272357
preserve	5.098193168352929	4.936546805953717	5.157083246908853
commerce	5.107491798682106	4.974783603303339	5.260291814412751
plant	5.091089689355047	4.797838550920185	4.99250807536974
walk	5.11114933614251	4.860847453124063	4.91464556769228
difference	5.058412477634545	4.961619947630858	5.194883529942609
hang	4.93201240429939	4.892548323323957	4.825212864245498
following	5.220008166516384	4.880301611413316	5.229704118177684
employ	5.108442534210897	4.929762931779449	5.190517562206975
