deal	5.0312652637212345	5.009327701688299	5.114145555507883
study	5.264136499594262	4.910340612280383	5.255290410112838
afford	5.165269005731791	4.94108378855771	5.221178179143329
service	5.162526813989624	5.016980834673937	5.290164088389194
height	5.062659245417468	4.878468634912773	5.04391051133971
prospect	5.147403986439245	4.991219615439815	5.171970609177282
pleasant	5.229318133128003	4.846739868730451	4.986342699164911
shade	5.124897329326973	4.852987192695	4.95773990134007
listen	5.009583852013679	5.077092831312008	5.0463733297689535
mighty	4.994796184372375	5.0406104062032036	5.085874037422399
country	5.103500784510457	5.01244228866917	5.27045185249652
title	5.199365549652642	4.972389681068107	5.345986498659404
choose	5.1206280894888545	4.954497646665663	5.206806512379219
village	5.134346102847685	4.904252145054314	5.075790681902799
acquire	5.201662321992949	4.971219510273637	5.303105910165551
rank	5.117233966915382	5.063005689878064	5.276905805588191
bow	5.041070840156156	4.9756803416204525	4.992456992508769
doctor	4.991593837657898	4.990031186271223	5.01333737665586
talent	5.231951614576894	5.019645230805265	5.329718332451313
source	5.158737558389168	4.971514456727458	5.257034021467268
lead	5.039733242353051	5.032994708341835	5.1534811379818946
question	5.03668949735172	5.041919479664782	5.264881174683724
publish	5.214613844337855	4.94022784640321	5.338350379355414
interest	5.133758910517799	5.035694736438812	5.29826642091461
serve	5.037638965180695	4.971260196956325	5.098330304657181
divine	5.120181988752103	5.023625534388517	5.2557916861241525
put	4.941327421938873	4.934169622863476	4.951456915564144
shadow	5.042536645469787	4.931081772130445	4.997553996200044
practical	5.1638231172054905	4.9757413209271935	5.329919269048885
surface	5.059080078464939	4.806695507415087	4.958034494054343
account	5.080730729558336	4.982037590418176	5.202147633517244
loss	4.930260004083243	5.091572492458698	5.134697156648777
indian	4.953302906139963	5.032816914829062	5.115629659259621
vine	5.126247838418621	4.787167152747749	5.005460067295461
certain	5.030554219451245	5.026081253806574	5.208955109342699
sin	4.855987008746879	5.134474483439173	5.099253241610312
necessity	4.986444506457914	5.073129235673852	5.255419926092003
lose	4.971102775619236	5.062810869189743	5.0659050141523965
private	5.083253063658986	5.055094435728538	5.287156351089718
gentleman	5.133888950399527	4.961387490444072	5.126640253238407
daughter	5.030824410131469	5.059980708537373	5.084324170162387
drive	4.829038706301871	5.097856353251661	4.964451866910105
strange	4.954538015604352	5.056077520568783	4.979734337099838
journey	5.128359416646504	4.940573229019822	5.059813818256696
uncle	5.095820410103663	4.944269195983917	5.024816784168616
species	5.037301906968593	4.935884610792662	5.134137010174692
think	5.019515469815106	5.03558815940664	5.078332719269703
bed	4.986304516954602	4.844506362534755	4.821628559264795
wind	4.9332306005211946	4.960330156965444	4.891300745768586
bless	5.072407115976945	4.978577040951793	5.026305138111643
destroy	4.866666194542887	5.098006092127597	5.113283365637112
author	5.197943766634514	4.9924071478908845	5.298590923817144
sustain	5.025713245718572	5.053889963194021	5.25280915997167
black	4.947106212958291	4.878078273066186	4.854285676811978
event	5.06580966094892	5.086191682995547	5.2728425985242175
liberty	5.054849293005526	5.113698514152523	5.318286164009619
negro	4.928879894260656	4.966461034831835	4.981079369560291
little	5.093011105267726	4.905342965274666	5.009128442606753
fortune	5.073770528730428	5.078548481286845	5.177406347591798
touch	5.0365876265456295	4.986343737452458	5.023151640522711
kill	4.763103455523405	5.097497721586597	4.906868097337599
feature	5.0975985656921905	4.9577113520403	5.099995958490735
happiness	5.110749090154671	5.073827738265579	5.234403620167858
assume	5.0604550515222035	5.0321248706151875	5.211633562190581
notion	5.061425132015122	4.990815716959791	5.15845830088923
purchase	5.146422606332671	4.876614390405421	5.155592261705793
faithful	5.115745772976665	5.071260180967014	5.242560516492819
soldier	4.901813754597424	5.1655126091020644	5.098640941814755
father	4.9728127512672184	5.069977370839324	5.070277324123767
narrow	4.997320416088394	4.904188280533131	5.004946003846588
great	5.100428297179349	5.0100363083155655	5.2408833878635015
tear	4.898127652328689	5.022838125917121	4.894865230237331
honorable	5.115116519552457	5.1148103098145254	5.36371125159455
previous	5.079686986348929	4.969941356855932	5.199725910397895
good	5.080835350597734	4.998994892128021	5.129184076952414
domestic	5.135096812521287	4.956502728334173	5.191479743366916
glory	5.151244907815042	5.024377667738141	5.195657259845748
lay	4.9822384307985095	4.91604009651489	4.961084262897599
occasion	5.05517574005815	5.053802265937931	5.209302968428939
guard	4.892703610701932	5.11847190246282	5.088649866152324
whole	5.0536169938969815	4.960255961646398	5.147450937189734
mouth	4.965731684855904	4.891299086908942	4.859516132040442
receive	5.121254005168234	4.983435158305098	5.222732268853437
take	4.992751533673036	4.9839870559919515	5.062468419385741
simple	5.156430598871679	4.906763943856607	5.1517598870132035
error	4.964145474320936	5.09975641783457	5.2593718533449225
wisdom	5.090644327974031	5.086676620162971	5.280683493611687
rock	4.960746731637612	4.902965410690982	4.905442382168821
decide	5.0454157676240365	5.072211395315226	5.298845470645013
exclaim	4.903395879641302	5.073577677376423	4.917194683936836
assure	5.053540294682747	5.069739230843065	5.168250340160431
sign	5.023807865699214	4.988580405364032	5.122766583939623
preserve	5.1086206246775365	4.936657788809431	5.16786099464465
commerce	5.116785300456671	4.965280653067685	5.269372203505665
plant	5.102397701934922	4.803045066670216	5.001440040856111
walk	5.120217382638134	4.872432714923818	4.930146801132628
difference	5.0695166449796165	4.95419830812006	5.204994777781351
hang	4.946301050336498	4.906711088183958	4.840637903586029
following	5.221256857847985	4.875551225905237	5.236143762897878
employ	5.113452133483644	4.923086479129247	5.195944353460869
