deal	5.0523764823717645	5.005888875143172	5.119148287128018
study	5.277593702080117	4.906583250514175	5.257452711223414
afford	5.184712957650878	4.943268586103269	5.232010638912008
service	5.190392980163702	5.015392989259158	5.3059874901080075
height	5.077311053365513	4.875952907690252	5.0541856686003594
prospect	5.163021740424377	4.9901648359587965	5.177967990985015
pleasant	5.243415852778118	4.838708265456542	4.984956230772031
shade	5.137003958861204	4.844283846435902	4.958015989439225
listen	5.030076348836311	5.067755673361413	5.04669555619479
mighty	5.012056885707299	5.03650270688503	5.093139969091618
country	5.1273538953004945	5.0144102993712245	5.28536936747551
title	5.229039991719251	4.966344834812972	5.357880929527029
choose	5.150330879097731	4.9516415721447995	5.222055539931295
village	5.156566800400309	4.907336944383531	5.0906814270705585
acquire	5.218282124294328	4.971933441877565	5.31276173444568
rank	5.142498396992178	5.061544312465305	5.293958042720229
bow	5.061403113070157	4.9653831231558305	4.998072266080966
doctor	5.011871813989974	4.981120194852938	5.01379518349118
talent	5.248912102820214	5.021063294814904	5.338769051663613
source	5.1764638326085795	4.969510898711422	5.26364913853501
lead	5.0620621041238	5.031108109209343	5.164569606835176
question	5.0627045400864645	5.041877708089817	5.276202010393319
publish	5.240353740195983	4.939805933407905	5.348688355145469
interest	5.157828386589004	5.034828612875851	5.308833125503822
serve	5.0627924359171805	4.965444667208081	5.109175844938471
divine	5.139727731346874	5.014474763545829	5.260205371377477
put	4.9666077214927915	4.927326867400695	4.959056256885307
shadow	5.054815860428157	4.922658877389695	4.996872430132192
practical	5.182236063969333	4.976524568731996	5.339227587467354
surface	5.0696049084193975	4.805976585153924	4.964013995964756
account	5.104749718031343	4.981819503884525	5.2119039016735575
loss	4.9542391523518265	5.086825839211506	5.143121798159013
indian	4.982991429235285	5.035617905789659	5.13656744617122
vine	5.136839874496686	4.787137672080241	5.0114850581555395
certain	5.053435566950022	5.0248579060725005	5.219697416321557
sin	4.876013817895641	5.120997985811319	5.100063675367145
necessity	5.012448510462966	5.074921791019122	5.271171444515752
lose	4.989971214339163	5.055390287477336	5.068764946552652
private	5.11268375624748	5.054221760186895	5.30030538043861
gentleman	5.1589126066705715	4.958034242484475	5.134925379855893
daughter	5.0547944897622505	5.046403513424326	5.087068556276015
drive	4.85351113449792	5.094217590065391	4.976986693645168
strange	4.971071460606357	5.045040773621334	4.976534337069056
journey	5.1452099153475785	4.938203846529059	5.063870256538441
uncle	5.116298727813131	4.933679539928405	5.021903822889893
species	5.0598100244354685	4.934955267783535	5.1457656691564475
think	5.03880392763178	5.0278125510832625	5.079067308804761
bed	5.003029123493529	4.835977222051132	4.822535196674866
wind	4.946321228157337	4.956277029415348	4.896189342704037
bless	5.092275420948699	4.960934232046695	5.022318859986772
destroy	4.890472361757143	5.095261500741269	5.127087964640693
author	5.218405947845922	4.987860011679652	5.303679482026103
sustain	5.049354828357105	5.054525154074859	5.267963508303142
black	4.967361561802592	4.868192047485395	4.861431867512879
event	5.086651281874307	5.087851833285404	5.282964251158321
liberty	5.083434374838461	5.112175709804354	5.3352498161224
negro	4.954090106544147	4.9634924744459585	4.994559507305508
little	5.111502887369867	4.898759207092523	5.012498012134973
fortune	5.092684056025907	5.072314289744852	5.18135365429726
touch	5.056310407358545	4.9756850583739265	5.024472112217154
kill	4.787324425027152	5.091588481522447	4.916546297244461
feature	5.112900655745296	4.951790454384512	5.104277850021938
happiness	5.129370459652284	5.066716480909696	5.237840843962746
assume	5.083709211523567	5.02984789100505	5.22364191743662
notion	5.080547166297877	4.987547851774529	5.16346008140744
purchase	5.1737157248685826	4.874208350388671	5.166519324429476
faithful	5.141012905532862	5.063084622381562	5.250688203093356
soldier	4.9299938585783405	5.162687506069291	5.115816347149701
father	4.997025318246302	5.058444134559403	5.073834939432671
narrow	5.014311696241904	4.903830128325123	5.0155572398229555
great	5.122630685541989	5.010656540045055	5.252906335788592
tear	4.9165817663644	5.007839784185564	4.892597069380557
honorable	5.142540875296712	5.11301955611258	5.3771429067971
previous	5.102869226060291	4.971400023116345	5.212218418017515
good	5.1032214995552545	4.9929407503897565	5.135154048252588
domestic	5.159081108523226	4.953319128582969	5.202429455000808
glory	5.168294424569871	5.015757462683132	5.199511442302944
lay	5.003735222058675	4.9099651127068435	4.969363681102721
occasion	5.081111269061556	5.055435702360245	5.223021200106972
guard	4.922042712166398	5.116504877147342	5.106165400436972
whole	5.076312928684549	4.959629324524359	5.159903433328062
mouth	4.983166848124467	4.885127070580045	4.863980061099294
receive	5.150748225708819	4.9810397919599305	5.236655523402484
take	5.01939841099781	4.979567409926631	5.0725169246297765
simple	5.175036286427497	4.900199411928968	5.156572233459433
error	4.9852033016551776	5.095718962074988	5.265877319725698
wisdom	5.10950569646921	5.080110038007715	5.286190511390456
rock	4.974893190959599	4.9017537893548555	4.913821572901349
decide	5.071581290555102	5.074724492661147	5.312826065054302
exclaim	4.923509674444366	5.062642637036892	4.916570717306828
assure	5.076321527380942	5.067764902938858	5.175330570056962
sign	5.048370483101981	4.982699006971031	5.130412260114687
preserve	5.1299840354479205	4.933185425013049	5.179096984412546
commerce	5.140916236319848	4.971009870277509	5.286056089882963
plant	5.115766251271201	4.801567814439134	5.009954448201779
walk	5.135456579128351	4.864801835495589	4.929596815278267
difference	5.093580542124429	4.9511444271592575	5.215563839611643
hang	4.962142247604769	4.894937625242263	4.839998880616891
following	5.246429580364326	4.872282756999227	5.245457865062102
employ	5.1354737491242775	4.9260478499421	5.210529680205023
