deal	5.036108605518007	5.012727005815827	5.110227637897834
study	5.275840895484657	4.908680304749767	5.252278402616374
afford	5.1771512785357565	4.9412157307234965	5.2210787958908185
service	5.184684981696664	5.013485780011064	5.292401627925209
height	5.064274264816013	4.873747507267293	5.040206864757954
prospect	5.151244544335335	4.9858894192796095	5.164149050392616
pleasant	5.227934063208285	4.842459653060102	4.975435999562203
shade	5.120090993194834	4.853576145987355	4.952481903859756
listen	5.0146100754966865	5.0766218946358395	5.040508369756126
mighty	4.989177991755077	5.03695882906776	5.0798236294092005
country	5.114821204500935	5.013447006423644	5.273398395278209
title	5.221789072155364	4.971915565360704	5.351582615841408
choose	5.142399323118574	4.9485780957785614	5.207596202970462
village	5.141500449643849	4.9026089996956	5.074043491364854
acquire	5.2142943455131086	4.972188070209339	5.3055049381142005
rank	5.128985743186646	5.061158838071073	5.2785680418128536
bow	5.045141166419043	4.974556421811384	4.990007791559718
doctor	5.0045122553480885	4.993137071131017	5.009181821027277
talent	5.242937111804722	5.022586751541195	5.3292144683325215
source	5.166868129985847	4.973244761042193	5.258222602161665
lead	5.048143846109196	5.03193827280126	5.153236033632539
question	5.054477220424306	5.045442841377388	5.268260203858724
publish	5.239897122135081	4.940814558536237	5.342707934342369
interest	5.15029607909945	5.0367035449478355	5.300100373629779
serve	5.050044177539227	4.970661298759434	5.099121372193768
divine	5.126918129835657	5.023334000410641	5.255168995581607
put	4.952109192661149	4.9357120437604785	4.951979601881428
shadow	5.036472439810728	4.929708210318325	4.989742084234304
practical	5.177149551983986	4.978685853495767	5.332401891501182
surface	5.055689503474332	4.809921269731147	4.957427279304242
account	5.097341132066153	4.9850932461503215	5.204338181442064
loss	4.945124730398522	5.092274677321229	5.135353525361282
indian	4.965409249073123	5.039070190207957	5.12625873934689
vine	5.131411099600901	4.78916621530029	5.006363180057436
certain	5.042311165502479	5.029436353186569	5.211831599899717
sin	4.8589356601616736	5.13638827516596	5.097514720486674
necessity	5.004749327179051	5.0776270080916195	5.262748295138839
lose	4.974446779014931	5.060413515360341	5.060511000878832
private	5.104821144435126	5.055306265793005	5.287441858564348
gentleman	5.148504367196342	4.962704933307245	5.1223251487960795
daughter	5.046394483440014	5.056934452753901	5.080351205216986
drive	4.833157501682799	5.095826461054498	4.963832714542441
strange	4.951275452973732	5.055812245963746	4.971044209994358
journey	5.134774011105631	4.934945244546059	5.051980662483141
uncle	5.110042791991267	4.942636396692206	5.015288566238372
species	5.047376910841431	4.9422307255335705	5.140175562144506
think	5.026150702444779	5.035297265836923	5.071896163998894
bed	4.990859593648815	4.8438445907263095	4.818332084378246
wind	4.927658515193902	4.959130933546307	4.887460804188184
bless	5.076022986756422	4.972660062874202	5.017800796149553
destroy	4.874874097623506	5.1014643595236375	5.11902360126852
author	5.2118252147342705	4.995521289963512	5.300070659539106
sustain	5.041762288265687	5.055051977165727	5.2577934647111215
black	4.948311679006688	4.881215495266822	4.8555704775194375
event	5.079547585068401	5.086719762480548	5.27328881807677
liberty	5.072038932063463	5.114738135892083	5.325238626276046
negro	4.936673802326987	4.968662765877734	4.983167537899803
little	5.098803323501302	4.904481897011437	5.004630567262779
fortune	5.081307881767383	5.07484196360244	5.171051387196305
touch	5.040221217205099	4.98862010883217	5.020217927944455
kill	4.768956624076569	5.099567918983676	4.90825684847709
feature	5.100729517254514	4.9601242345460514	5.097104858876936
happiness	5.121293236775585	5.072518438144911	5.232813070711677
assume	5.074411839585298	5.034519432011757	5.2138198924662245
notion	5.066072543059724	4.996679667544285	5.156688063085477
purchase	5.165802299291472	4.874477791418245	5.1567129371270815
faithful	5.131720554745349	5.068276017332331	5.241843226916144
soldier	4.912168930197419	5.164087795187211	5.099259760629577
father	4.985355943801944	5.069850908742501	5.068020338407226
narrow	4.996872136409273	4.903892471217907	5.003046231741673
great	5.109492867647245	5.010682500896152	5.241146795415725
tear	4.9021308525011245	5.022186241005046	4.892302662316627
honorable	5.135679267289225	5.1159694562978935	5.366299179818951
previous	5.10063202262494	4.969798098866693	5.202433675422495
good	5.088547975919116	4.999585345568026	5.125329650130486
domestic	5.150612402222726	4.959281857865806	5.19543070707395
glory	5.1487348320642	5.017336392099251	5.187451127198924
lay	4.987719804773147	4.915408393696431	4.962431087081928
occasion	5.071475527836056	5.058130483142143	5.212534768279242
guard	4.906579997018677	5.118018396655296	5.091756806263511
whole	5.063097045047299	4.959179390825405	5.147907522381557
mouth	4.964284234621827	4.8955773577330035	4.857925756366395
receive	5.1444330392571915	4.983265069704129	5.226555022756459
take	5.00732404650179	4.984135390246478	5.063200051820371
simple	5.163376535125276	4.9095760668964425	5.151180041255626
error	4.975335793146773	5.1047989996763246	5.261838403440917
wisdom	5.096523689164521	5.087370881133949	5.2794049483137195
rock	4.954214806718072	4.903162643247684	4.903316497632822
decide	5.065166352544198	5.074419029768137	5.301883113595394
exclaim	4.905931728934797	5.074896168444444	4.910596148011347
assure	5.0659590206675364	5.072033079838818	5.1663152786112
sign	5.034735423869928	4.989632913352555	5.120833152284794
preserve	5.121191352958512	4.938993695473469	5.172407566571838
commerce	5.130256899536273	4.969177031084468	5.2756096083212425
plant	5.1058149312301175	4.80606752344369	5.00471806639866
walk	5.120126814087177	4.868250264136587	4.919400310166724
difference	5.082093020072748	4.9578294306680455	5.20804986641533
hang	4.943367784210055	4.905708825510805	4.834479980331502
following	5.245954945086289	4.87405282407332	5.239015604215445
employ	5.127792481704659	4.924456035905875	5.199366068526146
