deal	5.038848022111886	5.006854602138637	5.111172582126915
study	5.264948924706344	4.9111032183023475	5.252251311275339
afford	5.172765107459341	4.943311319015147	5.223066643901073
service	5.176060834856009	5.016388486330206	5.288434387562974
height	5.0611127443750865	4.869103437941063	5.042948992750518
prospect	5.14853933563657	4.988513105501395	5.169415127561387
pleasant	5.237087458782977	4.837338693394327	4.986078101225642
shade	5.123233332969181	4.845890424042359	4.958500311737152
listen	5.0110304440306175	5.072638513250286	5.0415567812745925
mighty	4.997530288410729	5.033240645272458	5.085036416548812
country	5.112155338019858	5.015158938417905	5.271685860722812
title	5.209939215275015	4.97260922087523	5.344263008026718
choose	5.137120237871824	4.950314800092114	5.20733086510881
village	5.148902129402365	4.898908131922182	5.078927921163437
acquire	5.205258523052128	4.973327061822921	5.301924950594479
rank	5.123955539855452	5.058483742887037	5.275388282024139
bow	5.045261471488058	4.963378785544175	4.988813344993785
doctor	4.99774755509105	4.988682349200115	5.008168453285291
talent	5.232453143297434	5.020377261807581	5.324593509775925
source	5.1581281359274875	4.976670795337961	5.258932162794015
lead	5.048317960446211	5.02953280984598	5.1569839545104905
question	5.041052358809449	5.047871808192944	5.263500581129913
publish	5.219911118331187	4.945536131758141	5.332976659843799
interest	5.135286558673018	5.040120373430562	5.295175525031637
serve	5.052260543107248	4.965763619288197	5.10156569469172
divine	5.115976938983515	5.027506099836825	5.255912939890772
put	4.95653139095355	4.927240389399393	4.953646368695374
shadow	5.037715101596026	4.924056704542576	4.9962469932351325
practical	5.163860792387631	4.982162263858603	5.3281403405873355
surface	5.055912677350883	4.8029980002417005	4.960823410892908
account	5.086831274512225	4.985150491249273	5.199755249969224
loss	4.932682285365726	5.0960691384282315	5.130849510973216
indian	4.96831248634893	5.031222701508114	5.121417826545718
vine	5.1269809475091845	4.786515115618688	5.007763192283972
certain	5.03469847345542	5.030306235529851	5.210056175724225
sin	4.8522122197846365	5.139775588774078	5.098848926141582
necessity	4.991166413525944	5.0812297712583385	5.257055227275411
lose	4.974658263490531	5.059391615611625	5.0643112858216295
private	5.093854395973568	5.058680017550195	5.284872026686142
gentleman	5.147144895281829	4.956052914204732	5.121883750574109
daughter	5.0387620545295135	5.056265651007009	5.080955560829114
drive	4.839650926288056	5.090341062794302	4.966339449331198
strange	4.9548569907151085	5.051431352049699	4.9767741947192405
journey	5.138743295307471	4.932443017221844	5.057980179510388
uncle	5.10775313686947	4.9368545880195045	5.019173612939761
species	5.041652624691554	4.94167333962142	5.1353590952036
think	5.024717215657142	5.03224068892167	5.075587217175963
bed	4.995680762671016	4.837476369729649	4.824929550200768
wind	4.9312759293984785	4.953062219909608	4.8905673076362985
bless	5.07965454806441	4.972036122441828	5.025496724590765
destroy	4.873334356486206	5.102266507558946	5.117626398204862
author	5.198337701137837	4.995112514095897	5.294755340065121
sustain	5.0256486621855645	5.059603286173212	5.251940142117462
black	4.954377700374131	4.865657331644578	4.855313139086308
event	5.062084592626988	5.091781709372368	5.268395594875455
liberty	5.061450688687487	5.1176579390158174	5.319114694429838
negro	4.946240417417759	4.962277669127865	4.98590898071815
little	5.103143417958859	4.897557947675827	5.009825283327843
fortune	5.079568946003794	5.074211305989676	5.172904533128296
touch	5.036499753776094	4.981476316768772	5.021198551691776
kill	4.778540811909805	5.089562650578088	4.908920126652571
feature	5.087813469831	4.9546864104031245	5.095315369346893
happiness	5.109318056718665	5.078067037437946	5.233991155299937
assume	5.060007539441324	5.03325781028915	5.208632208574496
notion	5.0658810398618	4.988849732025545	5.156558177982698
purchase	5.168738621236787	4.878359720661529	5.15972400629341
faithful	5.1233243196150156	5.069394445450165	5.241468926294127
soldier	4.913855398936794	5.157240651116235	5.096728684695165
father	4.981919030866043	5.068155472542777	5.069201566775141
narrow	5.003013235360703	4.8982656325285	5.010103598284331
great	5.104829325258392	5.009960065414418	5.239579792141386
tear	4.898943939935836	5.018639679882763	4.894207640029297
honorable	5.122981553040899	5.11771206337125	5.359767969528391
previous	5.082047696886308	4.975260231683069	5.197104604050476
good	5.093323922785189	4.995026835114789	5.12949551981071
domestic	5.143768562151987	4.962033171800509	5.194976972065241
glory	5.151300290760965	5.016207873945362	5.1919205180817265
lay	4.99135534610411	4.909225604539104	4.965162211121954
occasion	5.059478094004284	5.058608953942797	5.207183289583363
guard	4.904274912401706	5.114103588771568	5.090580710006983
whole	5.0580259091462985	4.958922153521749	5.147816410400787
mouth	4.969614316458081	4.879453098137345	4.857817814446105
receive	5.133109357910383	4.9862585446590515	5.222134407965563
take	5.005501775586193	4.980787454150318	5.063720739122726
simple	5.158159079427879	4.9070987073533905	5.152673552967053
error	4.957867376168511	5.108641177747674	5.256076031416959
wisdom	5.088760478392069	5.087683437328935	5.2785344641070395
rock	4.9637211727501915	4.893562277551683	4.9083468237497625
decide	5.048601659582651	5.077037726416819	5.295761899573453
exclaim	4.907496380325951	5.063982832696134	4.911383895656066
assure	5.061592531141227	5.067795552067559	5.165619634611216
sign	5.028801754882302	4.986668465457024	5.120037336228948
preserve	5.113383358746385	4.937210913828152	5.170091870572994
commerce	5.125674138348619	4.971368708536088	5.271972156992343
plant	5.107438502030452	4.802273368065875	5.00783479845074
walk	5.129921021302395	4.85925557925956	4.92879636181031
difference	5.0744711677959895	4.957929939110277	5.205653118707699
hang	4.950595746092551	4.8942507095311925	4.839495266522569
following	5.224705971153724	4.877867611968391	5.231742080547791
employ	5.123904865212195	4.925172222254774	5.198405799722768
