deal	5.063241565778051	5.011940273129991	5.126917283438191
study	5.295334719669562	4.907659093312032	5.268514184824801
afford	5.200330507482176	4.940175179136701	5.236235712308423
service	5.206957846867613	5.015224186089583	5.305798312832922
height	5.0901370060336655	4.873389103175728	5.0605697346096425
prospect	5.176483207690936	4.988739894783322	5.1831382089731575
pleasant	5.248043661619586	4.844502963491981	4.992663090447893
shade	5.138429376567241	4.848353476937849	4.963620493509157
listen	5.040345493107085	5.0727478078363815	5.053013453350875
mighty	5.022711623369476	5.038258502054435	5.100593497454677
country	5.140691388486231	5.013846028027067	5.288876707307088
title	5.245576504723276	4.969007163973792	5.362092099424804
choose	5.166975769524464	4.952259388526248	5.224479437541516
village	5.164970565855374	4.909680537821146	5.094277782582448
acquire	5.238146965358312	4.969997655962718	5.321392803824142
rank	5.156856871640651	5.058881662223453	5.29414844719095
bow	5.0727717784376	4.969469794839544	5.00479149893216
doctor	5.023028881576263	4.993382019878859	5.025047061025338
talent	5.267211005681919	5.017980271103931	5.344289204259871
source	5.188775082450941	4.969411891483905	5.271120599333185
lead	5.075369283418632	5.030401710853853	5.169135288278463
question	5.081372032542655	5.042751622673286	5.28372938880583
publish	5.26018391130363	4.940744510639512	5.355064763114515
interest	5.172683339205007	5.033039923005039	5.313772996841285
serve	5.074638426326891	4.969721353634953	5.114365484879003
divine	5.1490629600799895	5.017785271081691	5.265827653550253
put	4.977242058958919	4.935591694688441	4.968090215204621
shadow	5.0615950940226435	4.925931912015431	5.0052639898068225
practical	5.200826432864686	4.974535562387218	5.348002422735978
surface	5.07939677628938	4.805273365999647	4.974895582984045
account	5.11974718870227	4.984205223000888	5.21859045770863
loss	4.964472612278086	5.093747624847878	5.146844759493249
indian	4.996282062580903	5.038640272843028	5.140929962798975
vine	5.149016168247462	4.787226366879203	5.021545376073565
certain	5.066791599556278	5.02659773873647	5.2260439628786575
sin	4.878419459694163	5.1348237795147	5.105340651272327
necessity	5.027722108906374	5.074842650221026	5.27598611376271
lose	4.999685699006582	5.061087409864899	5.074657286289865
private	5.126348711176495	5.053603331184334	5.300298521899696
gentleman	5.172126175151801	4.962841326311026	5.1398534140984
daughter	5.061924255096859	5.059628777030595	5.091338393449276
drive	4.860322127478998	5.1002945963332005	4.980750329817762
strange	4.974777642663554	5.055704093801716	4.984574504957061
journey	5.159462343119258	4.9403761480502375	5.071740728805846
uncle	5.130051948917117	4.944923682506609	5.033245676814096
species	5.065553924998177	4.9378608645748265	5.151151571975229
think	5.051241050883419	5.035283369813446	5.087681637681832
bed	5.0060488365099225	4.846548315445445	4.831831334355993
wind	4.951638408181975	4.960148892594289	4.903715761863897
bless	5.096835990885586	4.973893429884215	5.02989993236117
destroy	4.896608832443338	5.101893848200133	5.129448690966081
author	5.233138080519844	4.990360801090329	5.31097740387765
sustain	5.064336140729968	5.052711486409351	5.270966955455778
black	4.971860298034866	4.879310326491225	4.869655589898827
event	5.104422661809179	5.0866110417443915	5.289850585266045
liberty	5.098080997058279	5.112868209571335	5.336923837241591
negro	4.960613385972696	4.9750272981795005	5.001134916554057
little	5.122928711868864	4.904655213233036	5.022343852713744
fortune	5.104472192094292	5.077098672793546	5.186439331213408
touch	5.064335759159065	4.9807146935902376	5.031503334873192
kill	4.798338859494358	5.103901984011667	4.924603123227114
feature	5.1229650304256635	4.953114210109236	5.111648383261671
happiness	5.139636341093302	5.070403335633385	5.243673268866372
assume	5.098561943912372	5.029979921830057	5.228266127010252
notion	5.0954751301915495	4.993527269280207	5.176324512774547
purchase	5.183037851302619	4.880847180918372	5.170066138995115
faithful	5.15490417521992	5.065532043473454	5.252674638835769
soldier	4.942613551370642	5.164463232360955	5.11609646581252
father	5.006439611411758	5.070858216312898	5.079875486641137
narrow	5.023033102826644	4.903398737832285	5.022113691896126
great	5.137946106205488	5.009150060568869	5.258485389716369
tear	4.918519366386319	5.020892095387137	4.899818263255083
honorable	5.161061135169405	5.112288741423358	5.377288304909652
previous	5.120166292754612	4.9716992140281375	5.217482911017506
good	5.114020148424652	4.999361484308803	5.140824567851928
domestic	5.165279283699226	4.957754086892383	5.206075538174041
glory	5.177694173564361	5.0170792093955	5.204571837267377
lay	5.012415261800016	4.914431023860407	4.976270161048423
occasion	5.093178318852061	5.055765530052082	5.22605766268317
guard	4.933675665315926	5.1170427770813465	5.105704703220572
whole	5.089291251173738	4.959443666386957	5.166507267160612
mouth	4.9916564716634815	4.891858592473285	4.874870282551701
receive	5.165167305999308	4.982542911835208	5.237859394334371
take	5.032716010582233	4.984436360069908	5.078809937778728
simple	5.184288647831116	4.903586755949799	5.16454301749912
error	4.998562798811196	5.1000071075992714	5.273349131121279
wisdom	5.1230231604549905	5.081800142834637	5.292585118293471
rock	4.983282192894844	4.903170697544796	4.922219031480104
decide	5.093061517541306	5.071985387706204	5.318009001303334
exclaim	4.932550380366451	5.072899597961417	4.925426647926486
assure	5.095281702738599	5.069228936599208	5.181667908335691
sign	5.0627287856444045	4.986267390318431	5.137433725353147
preserve	5.143301532964572	4.9345221647453545	5.184790111707559
commerce	5.153972578149155	4.9680427655948165	5.291085833715422
plant	5.124271557049362	4.803730791591439	5.018125682294198
walk	5.1429752770491275	4.869620990282238	4.9377641613130585
difference	5.105453300140829	4.955473231015678	5.223281200453399
hang	4.966099865394242	4.903999564269896	4.848044096019525
following	5.264075416183671	4.872444598870546	5.251549319212503
employ	5.149770641115258	4.924363221129913	5.215606397529345
