deal	5.03693686734174	5.019667038671591	5.107512386085479
study	5.2686786836595365	4.9156928833225715	5.247520635414781
afford	5.170585887946347	4.948460901445373	5.21549601561443
service	5.170973197861368	5.02509569189823	5.281612692540993
height	5.063248674405518	4.886222955996097	5.051119436026569
prospect	5.151512112303351	5.001728853816943	5.1678945605833775
pleasant	5.228948652491644	4.859775402500546	4.984900101710595
shade	5.120307057968999	4.863745747520444	4.959814203415627
listen	5.007095377770761	5.093763442701119	5.0401919627172855
mighty	4.996052364146614	5.051676810785171	5.089004200293101
country	5.115357150962158	5.019112234415306	5.267449016597651
title	5.213027486909777	4.975625981250524	5.340163976875434
choose	5.134802221428116	4.96270673421981	5.2035941362772276
village	5.1391406283391445	4.917939174092817	5.07640933869275
acquire	5.211132887729282	4.977100485204923	5.300348476112217
rank	5.122595251167985	5.072125122613012	5.275769703593149
bow	5.038615357500104	4.988005098626575	4.994076687595483
doctor	4.993466723028496	5.001775772568173	5.001810945507847
talent	5.237381519656274	5.02879486550167	5.3240719666489085
source	5.166215481846634	4.977346672445615	5.252433670381786
lead	5.045354984763284	5.04270433488629	5.152419101681803
question	5.052298993864487	5.049242024838774	5.258599740766557
publish	5.229643585774846	4.944861539698125	5.328834502611248
interest	5.144730324444122	5.042962601499641	5.290012188467297
serve	5.045024935930811	4.978882815455063	5.096712863503586
divine	5.1262735469992124	5.027685838152224	5.250044746741391
put	4.9489321396882575	4.945301776419468	4.952055962204783
shadow	5.040324327026211	4.941357828755667	4.999375171122157
practical	5.176662660709398	4.978917420506836	5.323832199311255
surface	5.062073081072823	4.815512640363624	4.967481127929684
account	5.091560066387155	4.9897472414970565	5.19466758989016
loss	4.935417488684587	5.102682775710038	5.125179495128351
indian	4.966434714897099	5.045936926991159	5.123216364008794
vine	5.130077274443459	4.796195719403978	5.010230334905641
certain	5.040994292338024	5.033791287923251	5.205877773029614
sin	4.856812678383121	5.143081161790849	5.0883287301544184
necessity	4.998482174092317	5.081264384304934	5.250429695760784
lose	4.971472598003656	5.075314643064813	5.062101593138651
private	5.090682602332268	5.064457563415227	5.272851925735983
gentleman	5.136752160678214	4.973858415209429	5.116699730790447
daughter	5.0283392684641175	5.072296481573611	5.071006472390202
drive	4.82828135412872	5.114789947866186	4.96577796908849
strange	4.950214218457016	5.070771638821437	4.97519037606685
journey	5.129558054880563	4.953488430610585	5.056382436629205
uncle	5.099622082849862	4.956079957835611	5.010876506954708
species	5.0453436430270795	4.945813170985426	5.135250117652141
think	5.0228651770789465	5.046589318131661	5.070839952347734
bed	4.981536267063231	4.858026853587612	4.818158271282183
wind	4.929641217363613	4.9774966005553605	4.898495977050604
bless	5.071540170725886	4.98807677178063	5.016814287601757
destroy	4.873263201721687	5.108224617729657	5.113247643834015
author	5.206291173369944	4.997681903676823	5.291132939283206
sustain	5.038594922710278	5.060120993376592	5.250368144220951
black	4.948161987132264	4.887749581973128	4.859905881971926
event	5.076809364721468	5.09545130139359	5.267067138772777
liberty	5.069499920412183	5.120621282274536	5.314429382233204
negro	4.934239309453448	4.978291209140208	4.980541353505626
little	5.096142449509303	4.914592077446233	5.00698196503605
fortune	5.073755833030806	5.089479424553621	5.168329885925009
touch	5.036620087373682	4.998244563818648	5.021668955611317
kill	4.762475768831284	5.115687652687708	4.905963415015181
feature	5.100170116204999	4.965872070903558	5.101020848213442
happiness	5.1143795616450545	5.082482744788807	5.2247899786878085
assume	5.071631148412866	5.040646748023024	5.211070788744586
notion	5.072989932617991	4.997767293720765	5.1566304268748535
purchase	5.154149938063928	4.885161427161708	5.147845545927752
faithful	5.121507137731353	5.078612916458693	5.233284784515427
soldier	4.898974228043154	5.184623558451281	5.098216037647537
father	4.974551536528193	5.081372036197381	5.058685141315022
narrow	4.997143342090939	4.913769950097989	5.009678803009195
great	5.110621186989852	5.017284195329481	5.238877577185391
tear	4.893794395206485	5.036298586860857	4.8890220239971915
honorable	5.1242984983151985	5.1223442848270455	5.351499418322392
previous	5.093726328228746	4.978596140985251	5.194939265345955
good	5.086936680029377	5.00792790646088	5.122902872866321
domestic	5.144898675521966	4.964328907505531	5.1868050202300315
glory	5.153702027947308	5.032946385225319	5.196822598840395
lay	4.986349299819189	4.925709325753339	4.964972523060184
occasion	5.064338689530224	5.066472415577869	5.203761230523123
guard	4.892399337776692	5.135391600213203	5.087691781565045
whole	5.064343002833307	4.96759128585534	5.1488666230532205
mouth	4.964560520573545	4.905832803100979	4.8651269758679225
receive	5.13234396909558	4.991861033074794	5.21472631274376
take	5.001240764086243	4.994646126369325	5.0585388523032995
simple	5.162563392109572	4.912139680990636	5.150560821661361
error	4.974907000899649	5.105104961337629	5.250431913035243
wisdom	5.096504155820902	5.092327991759241	5.275477059478358
rock	4.957294403956665	4.917000516098526	4.9139373727951785
decide	5.061183157282899	5.081418162870512	5.293458577293476
exclaim	4.894838087412538	5.09224783567587	4.909068596647169
assure	5.058707377790816	5.082418999389967	5.161316778267081
sign	5.030554353953313	4.997732771926621	5.118938431806013
preserve	5.1192843167488356	4.94142576486764	5.168747748461087
commerce	5.130535275780317	4.974101213211739	5.271160096261564
plant	5.106701046572183	4.811141189311812	5.007685708162697
walk	5.114349615488328	4.886742141682782	4.926621596796561
difference	5.084055454157988	4.959465823822176	5.201808447070293
hang	4.93872047990032	4.919360448920671	4.840629596704482
following	5.23682045225267	4.880682031274436	5.229678408138454
employ	5.121712126384463	4.931191645701084	5.195467191793525
