deal	5.0411947974385205	5.000714565655993	5.106798423498558
study	5.275455956635123	4.899147992342629	5.252131051383813
afford	5.17737181849436	4.9376078442965365	5.224349362477236
service	5.1827030834111705	5.011098523823676	5.294828170835799
height	5.068919824848144	4.860952732836769	5.046705686431809
prospect	5.15043173233021	4.98209450235595	5.166351950046543
pleasant	5.237042489225148	4.827043794929969	4.976973151999076
shade	5.128513988384055	4.831359802279314	4.949404475380432
listen	5.015383778558815	5.057331710203977	5.028760186342045
mighty	4.999979092433277	5.02236828906212	5.080682977056954
country	5.118263869115964	5.01223710863871	5.278646571997139
title	5.225989612039663	4.967227146605427	5.355331869551661
choose	5.143666074623411	4.944768031519113	5.213563345404489
village	5.153778882652617	4.894587691029147	5.082088043660735
acquire	5.215507484801287	4.967079564942847	5.308991350972785
rank	5.132334760552206	5.052280392810331	5.2823841063599035
bow	5.051357024344961	4.951658258290454	4.985028138803099
doctor	5.001625678964087	4.97520829491512	4.998447087589358
talent	5.242695820957612	5.0127067014872395	5.328423178718409
source	5.167364335853194	4.9677370651809545	5.2573472855188275
lead	5.050881801185194	5.021646454940142	5.152626206913448
question	5.049268994208001	5.041687332683624	5.264716376585
publish	5.239109693386532	4.93737820870218	5.343212554359964
interest	5.144743096863866	5.03564808829738	5.298253801123516
serve	5.053677315171694	4.957066190630438	5.0994374580754895
divine	5.12590880586816	5.011054417644674	5.2492485222962895
put	4.956621549077864	4.919299002388457	4.94794288123386
shadow	5.043116956198517	4.910113733612381	4.985793660695959
practical	5.174139742587401	4.975194197177076	5.332291586820374
surface	5.060930427363864	4.793207185758888	4.957099326149932
account	5.096265268140498	4.979861297092963	5.202089186866082
loss	4.937670478333955	5.087455540803887	5.127813227113834
indian	4.976510055893949	5.027995466688195	5.127006699815169
vine	5.132079672666428	4.776540478548675	5.007938850937291
certain	5.0431855072561165	5.022098260553437	5.210459144999098
sin	4.854655829028662	5.1214644390040975	5.08232528298831
necessity	4.995993574839068	5.076024214544565	5.258785910786084
lose	4.975819816382305	5.04863190852194	5.0550526044188135
private	5.099460432993507	5.054573556976061	5.286410530375169
gentleman	5.150817619180235	4.950782527536841	5.122203262473408
daughter	5.044317086721689	5.041989962187955	5.074676045336831
drive	4.83784486222666	5.084299356890109	4.9608424738395325
strange	4.959349559330484	5.035625977418495	4.963038141722702
journey	5.141696476555	4.924325599676957	5.054176242487407
uncle	5.11111704535539	4.927913750524642	5.010612866916385
species	5.051836664334912	4.935887741670748	5.140452109775663
think	5.026297470158154	5.021173520687181	5.064708522946621
bed	4.99442072838139	4.82403933895814	4.812342621385067
wind	4.932705294561127	4.943656585954363	4.882463875227348
bless	5.080003351115525	4.955989543564687	5.011600672210639
destroy	4.876077551630709	5.0925030026646185	5.115457075399926
author	5.212644932716934	4.984582919229651	5.29617231146421
sustain	5.03425728921026	5.0506770089627855	5.255391279867489
black	4.963871613027052	4.854928956312332	4.853671005877828
event	5.072839583256571	5.082345557322174	5.2705019979083145
liberty	5.065745195866026	5.112761438539712	5.3228968831312145
negro	4.9481304344891175	4.957864719935555	4.9836285163305565
little	5.10513114078676	4.8887424667840875	5.003940799024919
fortune	5.082655451328425	5.06639336987986	5.170679792754166
touch	5.041867825400913	4.967026127553186	5.010062539673025
kill	4.7782972322473345	5.0792638627639315	4.902064939488021
feature	5.103001324816242	4.940082826514588	5.092955008544708
happiness	5.11218494225187	5.066369960636121	5.225207279174313
assume	5.072351572065728	5.0245271397853415	5.211653798110932
notion	5.071238289359329	4.983785257159277	5.15296309587464
purchase	5.172284343738042	4.876843265302872	5.165495023263215
faithful	5.129619382436738	5.057246636060389	5.236378887271369
soldier	4.917430881265079	5.148850104400989	5.097489113284753
father	4.985156380318211	5.053035354741737	5.0599756068685835
narrow	5.003758300958058	4.892169302033883	5.006797947708327
great	5.112583214465823	5.003475704473325	5.244248769965267
tear	4.9002561543450645	5.000537549635295	4.877548327960767
honorable	5.129788932204322	5.111180348347556	5.362957256294027
previous	5.092904879777688	4.966512551128119	5.200783308598755
good	5.092265039096094	4.9881578939594595	5.123636438510115
domestic	5.148393558088487	4.95544135751742	5.194782420415718
glory	5.1585651291081005	5.003430009193057	5.190381054387098
lay	4.994106669303302	4.898649882607613	4.960312307783697
occasion	5.065257307038431	5.051644541616391	5.206895348339683
guard	4.906969486720401	5.1080723338811636	5.088523040148414
whole	5.066573180027985	4.9511905015819915	5.1513334929636185
mouth	4.976929560747002	4.870298232054312	4.853098380585128
receive	5.1418846470510795	4.979515886231732	5.226364721586297
take	5.008054697795254	4.973347380758158	5.059929676234214
simple	5.167503829263056	4.894375256581846	5.149141858740473
error	4.967012574892476	5.098357009242006	5.252636966666112
wisdom	5.096549625387159	5.07458139094121	5.2744929584785405
rock	4.965908978755359	4.8851063462074125	4.903285057402374
decide	5.057035496423204	5.072045080174372	5.299156354719817
exclaim	4.910423589855028	5.05002829956836	4.898740057287613
assure	5.064517095163795	5.06099633047429	5.160766308767684
sign	5.039906117625145	4.974387020965196	5.118817305131676
preserve	5.121464829288674	4.925987696962516	5.171452414051081
commerce	5.134031869731853	4.973046521259389	5.284021817359378
plant	5.110703602822634	4.791207137430358	5.00643372162716
walk	5.129383044711711	4.849213635160352	4.919442609915539
difference	5.081174070361769	4.952872055830861	5.208158385016993
hang	4.9545188937704	4.8812651699830605	4.83045702129715
following	5.241329692283219	4.868223813509744	5.2374549609898455
employ	5.134003447505609	4.920563751055153	5.205455709786599
