deal	5.044031526507539	5.004220388061965	5.107771394539207
study	5.272781528987842	4.906350931628406	5.251257399730924
afford	5.174005570020436	4.939749138571968	5.22069881666138
service	5.174122784385271	5.005384729717894	5.279159728180641
height	5.068377236476516	4.865300592127821	5.041139634269359
prospect	5.154432591342888	4.982948890864429	5.164455040260037
pleasant	5.238564228647269	4.838324279020603	4.978368695520365
shade	5.13005237203431	4.842096023316811	4.954646139785572
listen	5.0283795287994	5.062007433709125	5.031861169167087
mighty	5.007468389196922	5.024506086763183	5.0791693124254165
country	5.110259879842793	5.010463792121125	5.272254321898225
title	5.20927788700238	4.964350825549141	5.341186825720262
choose	5.140102630381177	4.941308356736445	5.203086949668164
village	5.14747953877385	4.898123678194008	5.072621621396347
acquire	5.206955319714073	4.969975375416243	5.303908946330367
rank	5.1210203969342185	5.049108988512876	5.2671955658928065
bow	5.053610916319836	4.953672249343108	4.977645447974746
doctor	5.012527153565235	4.981274381460658	5.00212351631785
talent	5.233010084948084	5.016911013930788	5.322919657595101
source	5.167608826590067	4.972151823974523	5.262188742985273
lead	5.054210054808242	5.021212561729302	5.150312597730707
question	5.054563644016564	5.0387393667690406	5.265091872181642
publish	5.228452971683966	4.940264149748407	5.334631528324752
interest	5.143006848638819	5.0346829565977025	5.297887597150798
serve	5.052788080758016	4.959596041502315	5.093975952303333
divine	5.132617902746521	5.012682618781038	5.254885717783431
put	4.963948098912029	4.924515340362261	4.947794360638123
shadow	5.053147248402684	4.916250454046473	4.992899305247711
practical	5.172394258524097	4.977477736654639	5.334432797432852
surface	5.067957928583667	4.8045761406618315	4.966836686166222
account	5.095277984128746	4.98159110090917	5.20101770898881
loss	4.944632605715677	5.085235496706239	5.12922165625733
indian	4.9717487188422655	5.025366297282883	5.118320006626579
vine	5.134023990804666	4.783632551870703	5.011385152236244
certain	5.045408995452576	5.023005902591823	5.212259552028809
sin	4.8716153790419146	5.120950009044648	5.094277035787048
necessity	5.001593122859404	5.072786259733971	5.2608107436366165
lose	4.986070337326124	5.05024900435604	5.057616691516248
private	5.096174281739504	5.051807644677438	5.280546960958781
gentleman	5.144544796412133	4.952981194996087	5.111450906069764
daughter	5.042237526448507	5.0402479152289255	5.064167372972938
drive	4.847009478150297	5.083043934197828	4.958047817926383
strange	4.970069082368476	5.041954262543095	4.96830183216526
journey	5.144672294658554	4.928061870015717	5.047670980529897
uncle	5.115088699269442	4.9308351032459825	5.0075040204242205
species	5.0485834558259235	4.941730031357546	5.144701826828474
think	5.036222177574206	5.0240086785034865	5.068475229189355
bed	5.008012062940286	4.832908912364827	4.818414813432588
wind	4.947289620823004	4.948588197186439	4.888850493947192
bless	5.089379482859253	4.95700254459937	5.011721471100622
destroy	4.879293848820616	5.091172144170215	5.116671380562028
author	5.205476820235719	4.989891796861946	5.294357257244186
sustain	5.035625201093413	5.04871577128572	5.254678618427486
black	4.959914916778607	4.861933686514671	4.848814907932101
event	5.078517110719298	5.082977315614331	5.270399627669428
liberty	5.063880497218227	5.107503864988531	5.317711247673404
negro	4.947991451749133	4.9588338166612465	4.9785964506196185
little	5.107629990926496	4.895535418724653	5.003712490374583
fortune	5.079037579200404	5.0652855660127765	5.161716577670224
touch	5.051108614185699	4.9736264079808175	5.016034009508512
kill	4.787458882348483	5.077665189249197	4.896729850682741
feature	5.101026472028956	4.948180856897852	5.0947913066728105
happiness	5.119187123723997	5.067141898658126	5.230726056128389
assume	5.069911682444207	5.026258961828807	5.209419999801709
notion	5.074553714069623	4.988756641276461	5.160025359122412
purchase	5.160917872864111	4.87498666374322	5.153043703221524
faithful	5.129576278357804	5.0529668046052425	5.229366870540337
soldier	4.914648096668437	5.14415786555954	5.080164055339798
father	4.990763629563108	5.050928289819828	5.055251190622427
narrow	5.009002538401349	4.896936581283676	5.0082094649738345
great	5.110512387532662	5.00492269925711	5.239798635648215
tear	4.915341564888651	5.005656448701005	4.884800846187334
honorable	5.12155734556528	5.104500737231927	5.351449511485089
previous	5.097157395008355	4.968577558353339	5.200415392539528
good	5.093346929629528	4.9891325974079646	5.121015337734421
domestic	5.14297251604245	4.958832549745917	5.196218393125214
glory	5.156327801231692	5.006243257692765	5.184860026608858
lay	5.000435645590175	4.901951279043873	4.959183220758708
occasion	5.068826522866601	5.053619095197848	5.207958441329973
guard	4.911049043046245	5.099837312493852	5.077229344452981
whole	5.06652734179531	4.95529050821299	5.148953761211159
mouth	4.981820603848031	4.880217583384331	4.852941556081728
receive	5.137852508756996	4.977806994021983	5.2182984922995495
take	5.014380999063454	4.974207308239859	5.057605280454207
simple	5.166695510859478	4.903206948557678	5.154513764250528
error	4.97594469792624	5.097484959482371	5.261361287054881
wisdom	5.09917985213054	5.075079848964376	5.2760820106880235
rock	4.975180368769454	4.889638723147854	4.904256994626327
decide	5.06158852630465	5.067868011148162	5.296917665444276
exclaim	4.922265311251472	5.053349880964242	4.895750896175832
assure	5.069699191477981	5.0598461624073705	5.157525595300363
sign	5.045978828698942	4.976229111285323	5.116294863096014
preserve	5.118479466365039	4.931360960984238	5.1707375016925585
commerce	5.123792378422436	4.971105124648113	5.276611329149136
plant	5.111174639324745	4.798853070369705	5.009935276931679
walk	5.135529288238051	4.857286076647083	4.917747773074189
difference	5.08211270390023	4.954565512096831	5.211404546957281
hang	4.96140770816149	4.886351188060139	4.829699276442348
following	5.238944582560812	4.871350590200209	5.234254108770932
employ	5.1258765932333015	4.923352152383637	5.198953288197438
