deal	5.0295514827330114	5.011522009468496	5.111009664077124
study	5.254742417946995	4.9188081421559895	5.255234099439519
afford	5.166997343303566	4.94767322087397	5.223990430938784
service	5.174425051092984	5.0198338754371825	5.297780740267334
height	5.061298718047333	4.864639097180704	5.037173976431104
prospect	5.148308572611543	4.989462175872943	5.166849872991516
pleasant	5.223398221516319	4.845036693870283	4.972972419252997
shade	5.117262231713433	4.844474030499999	4.945016219956963
listen	5.001948640575497	5.074302129425907	5.034524113935836
mighty	4.9954286537757175	5.022857288012539	5.076256236412495
country	5.111465716544984	5.0091128100241695	5.276239387811234
title	5.208517203256683	4.970949531684059	5.355921525644187
choose	5.134447937135017	4.9519207618160594	5.213009787524265
village	5.149906044756853	4.897108603067548	5.0763595711278695
acquire	5.200255534960847	4.9766432584441604	5.308189333436786
rank	5.11952248408099	5.061071228399978	5.282047120618854
bow	5.0390731755910485	4.96678564990034	4.983649904976743
doctor	4.988674555944561	4.998625591374254	5.007965407448284
talent	5.223834068556973	5.028082057352208	5.332971712773413
source	5.155296100017012	4.970357534559636	5.256050878160523
lead	5.04275256472073	5.029893890341033	5.1525119707680584
question	5.039035513479572	5.04853223772025	5.270498802729381
publish	5.224689689832866	4.942785507944224	5.348541038107337
interest	5.1322182360699315	5.041134364771114	5.302394440181522
serve	5.046522182593666	4.969646206364828	5.099496323042297
divine	5.109588173895119	5.020535728038978	5.250387787655638
put	4.951414082540257	4.932757299792832	4.949916440672563
shadow	5.034809306195664	4.920474666933548	4.984473443757861
practical	5.157674408728032	4.984087088144576	5.334650848081269
surface	5.057102610536883	4.798397260648134	4.950090130428148
account	5.08726730307827	4.98646435450639	5.206010038540332
loss	4.941337495534011	5.089472713006386	5.1357069049700605
indian	4.979705102368115	5.021239792192148	5.123833833726521
vine	5.131439173977964	4.782606722908723	5.0032223414757455
certain	5.030328343017986	5.030172277784079	5.2115969645564
sin	4.853040051192828	5.12522323057617	5.09215144432475
necessity	4.991913494598571	5.078605691568452	5.262320712683224
lose	4.972037681159067	5.057590025656979	5.058952041005613
private	5.088356050632554	5.062799368849302	5.2926276222311595
gentleman	5.135006695417114	4.9723526552331965	5.127395714929803
daughter	5.036010656059858	5.058308830188327	5.082939834826702
drive	4.841875941625011	5.084419632481146	4.959933103415802
strange	4.945517233480798	5.052241396510679	4.966711193201194
journey	5.141651711052219	4.932424203026387	5.053443749148514
uncle	5.102953094070933	4.945393989303707	5.018803016691036
species	5.041423517577301	4.93308073838498	5.136566464296059
think	5.015353880839372	5.0373705701708085	5.071784226882918
bed	4.9907572386537	4.8396215878193924	4.811222331002389
wind	4.933854384222441	4.946346824889788	4.879200665140516
bless	5.073978503770868	4.9661262403434865	5.0140717969857675
destroy	4.879930388229734	5.088348468114341	5.116895411370796
author	5.192958731546982	4.9955313668657615	5.301590241154701
sustain	5.030076637050343	5.05348114824079	5.258216312247305
black	4.952702602412409	4.865368663891166	4.848016039055361
event	5.070290052022313	5.087375508178943	5.275452093204004
liberty	5.062533489756654	5.108077465220412	5.3249367804973184
negro	4.945050942693497	4.961508488468131	4.983516105813502
little	5.092268620846037	4.906449454183235	5.003282330218301
fortune	5.077508009850445	5.077467668704105	5.176119145655794
touch	5.02686793427845	4.983690989943119	5.012833755823225
kill	4.789670746544967	5.079044241227173	4.905479372063899
feature	5.081751860722979	4.959013977790269	5.092780903352144
happiness	5.104564796791476	5.075969955970818	5.231383606557944
assume	5.056447127983932	5.0379573409674565	5.213764243496453
notion	5.051227889169183	4.9974450576986085	5.157118169276667
purchase	5.1664579262457675	4.877868675208874	5.162908783207507
faithful	5.119254247783872	5.069157337317429	5.243090174381396
soldier	4.917833750806963	5.153234859555983	5.099262353014241
father	4.9818734004670135	5.0649857766939475	5.066899555527742
narrow	4.996131885745837	4.897936414986536	4.999120085958573
great	5.102072755814961	5.008844824218106	5.241872471041351
tear	4.899608682932949	5.0102408899769095	4.88308221055585
honorable	5.121506909172205	5.119644707148665	5.371280231112547
previous	5.0897108893461045	4.97542707602726	5.2051089072388566
good	5.082035177024644	5.002317065537694	5.126878380904037
domestic	5.135112519093325	4.964340207047719	5.196721038828512
glory	5.148801979416975	5.006753765798782	5.186362225144448
lay	4.991021592829943	4.906317383114491	4.957376750589341
occasion	5.058339668586897	5.0610221932176325	5.212993318832062
guard	4.907068421478048	5.112077603184484	5.091936919672052
whole	5.057664611977701	4.956826353838967	5.14746740612043
mouth	4.968899528016951	4.879211160307247	4.847272752515735
receive	5.132142319287249	4.988485660972382	5.228377470981022
take	5.003189215456039	4.985024995147929	5.063355234467939
simple	5.144211141596243	4.911456372139483	5.148100415165542
error	4.959840486029937	5.10200066656037	5.261618473655944
wisdom	5.082014789295527	5.084588653964735	5.276712024688557
rock	4.969235683338743	4.882758476742738	4.8958252994247955
decide	5.049978171710592	5.079171072284814	5.306367428201346
exclaim	4.902456249236456	5.068075196300058	4.90335853592454
assure	5.056642900730506	5.073475041368809	5.165701763226234
sign	5.0264990868260595	4.988284809367931	5.120117276457726
preserve	5.1129300041092085	4.936142727045835	5.170252081478133
commerce	5.127787151959355	4.965241032936328	5.278498804871244
plant	5.10788019589264	4.795881130693983	4.999947911046289
walk	5.115112793785786	4.869727395835253	4.915996136816194
difference	5.0685019873529145	4.958214787454656	5.208299732851626
hang	4.94474979161458	4.896720681558087	4.829081196172542
following	5.22926792626662	4.877833126920775	5.24002563825715
employ	5.11892275405986	4.927762452597752	5.202978136946644
