deal	5.053520094418476	5.001385064116954	5.114589736451875
study	5.28417467814241	4.906534349764335	5.260323520546817
afford	5.188358462254059	4.941982194152241	5.230775434467303
service	5.195367240829569	5.014325245359663	5.300971232525989
height	5.090544921799525	4.8742217388277105	5.057458918342207
prospect	5.169452528332551	4.988546857073393	5.177222965947741
pleasant	5.245305346238494	4.8385790095639445	4.983317301815195
shade	5.144060965873373	4.845783932620564	4.960746431931348
listen	5.032445266383947	5.067517377242352	5.042272045731945
mighty	5.024098386486654	5.028649437404087	5.090646722140305
country	5.133245409308419	5.010762015092707	5.2827795514486855
title	5.231915009643958	4.969505444111189	5.3568270873863515
choose	5.155791808974566	4.950044379540915	5.219389524909104
village	5.159184749923608	4.905061934293553	5.084409717011478
acquire	5.22855074785691	4.96929744309119	5.3136761051017585
rank	5.149440570329434	5.058507662495533	5.288457479457389
bow	5.0707973064969645	4.965681122810505	4.99535631392784
doctor	5.013268567649132	4.980297297939288	5.00925833155373
talent	5.25464322938581	5.017869552486254	5.3368333160611945
source	5.181880543690094	4.970517310161495	5.266578285421037
lead	5.068749633159396	5.029007416476036	5.162800153742403
question	5.069027513521112	5.039409549135494	5.275473388280046
publish	5.241597252981266	4.940213555144302	5.347271370383829
interest	5.158848232416247	5.03611631720198	5.308157793148041
serve	5.0687884447412355	4.963249805664889	5.106612170778738
divine	5.147769573451758	5.015655988406128	5.263822320758632
put	4.971703087193973	4.924484623329091	4.9556889087715845
shadow	5.065117678019331	4.923129342752908	5.0010485374316636
practical	5.190079500280037	4.974307708953462	5.3409235965474515
surface	5.0824153743160645	4.80382547822288	4.969041620822991
account	5.105486971359865	4.981071543448314	5.208576683032582
loss	4.956409023019408	5.087211677952485	5.139217978251938
indian	4.9918689513743395	5.031001982253654	5.128099147178941
vine	5.1502173516026115	4.785239927152363	5.0180423801270235
certain	5.060303579416494	5.022698839212611	5.2189993617549115
sin	4.881266814031781	5.121233515099201	5.1009924106606865
necessity	5.01999115514295	5.073131238721147	5.270171064820144
lose	4.9964737365216845	5.053896221422927	5.067479700049575
private	5.110917641453582	5.055906426833237	5.2967495389745665
gentleman	5.1566558688130355	4.957727691276966	5.127555574833903
daughter	5.055911911531913	5.0510479605249206	5.085317964660111
drive	4.859885079424421	5.089230232130034	4.969356899886091
strange	4.9736125818446455	5.043377629553244	4.973314618292873
journey	5.149349433960715	4.937747621657839	5.059970574322415
uncle	5.117241117937488	4.936172179202316	5.020700325049771
species	5.062652569411451	4.93530612413974	5.14526104626622
think	5.042613062735911	5.02525575777121	5.0775086515216525
bed	5.007089387463915	4.836505737114251	4.822294183722499
wind	4.958385340390476	4.9515462667208485	4.894379264202924
bless	5.0976933348545	4.963426405269328	5.024768705421481
destroy	4.899835624147492	5.089363416973736	5.1240760156735945
author	5.220259715498221	4.988514776529314	5.303522637967607
sustain	5.058973616709831	5.05117699172253	5.26736850340634
black	4.9748444795930356	4.866525052259236	4.857637271151812
event	5.0936758413105325	5.085274606223207	5.281375364126394
liberty	5.093142315247568	5.109305170382456	5.334123900293064
negro	4.956029788208175	4.960973137140179	4.98549093777275
little	5.115154823975311	4.896934019268559	5.010180969814859
fortune	5.096112224555718	5.071538502247372	5.178883675737199
touch	5.06045679129886	4.976955354680613	5.023462416721998
kill	4.794871702965603	5.084795181515789	4.907544206246058
feature	5.120810287589514	4.951392818542804	5.105004580104978
happiness	5.134946722264296	5.069254751666154	5.242000334530976
assume	5.091980713796281	5.028175091263867	5.221493039592646
notion	5.086390754973593	4.983726671108859	5.162887695910081
purchase	5.171901471665579	4.87780847097831	5.165195203874496
faithful	5.1447137627206345	5.064190573770487	5.247563308992842
soldier	4.938582231339792	5.156892398445522	5.10591702561756
father	5.001500576823137	5.060088330307758	5.071721434823892
narrow	5.023496094340889	4.901586924149532	5.016525061092846
great	5.128689045787604	5.006376396736605	5.250002172307774
tear	4.92214965290588	5.008598631951139	4.891781740951052
honorable	5.1464618964151185	5.111962403307915	5.3727128446710894
previous	5.109444874307381	4.970529546401696	5.209879562349171
good	5.106696945932959	4.989423471175271	5.131279072353732
domestic	5.160476277790472	4.954468791503328	5.201727722794204
glory	5.178548904911624	5.012759508445609	5.199994766500421
lay	5.013027426122735	4.907486788614932	4.968500156568819
occasion	5.082424135234259	5.054070756198595	5.21694861903064
guard	4.928761293367959	5.1151444121614125	5.100196622259132
whole	5.084123519735106	4.955286837359949	5.158693156813506
mouth	4.9916877065214	4.882033760851139	4.860076211255681
receive	5.151257918738678	4.98244330339022	5.231667195129173
take	5.0235393071195045	4.978128240734616	5.0685609803208695
simple	5.180158976255403	4.900452324969442	5.158619787810257
error	4.9908618102893465	5.094590658858936	5.267287927733765
wisdom	5.118674819698873	5.077269432283533	5.286628507327251
rock	4.98762166441698	4.897355590193268	4.913426238304379
decide	5.079679744745869	5.071817419120763	5.311426457522096
exclaim	4.926329693228005	5.061958855569284	4.910283020642912
assure	5.081402541837046	5.065931266598989	5.17214907492751
sign	5.05481587347864	4.982494854659011	5.128295245019454
preserve	5.139675402007762	4.931171040288102	5.179602444054614
commerce	5.14771022347346	4.969032393286522	5.2863460946332435
plant	5.127787245151265	4.798926649987025	5.014107984516195
walk	5.138503102626258	4.86526280521752	4.927868854709754
difference	5.098237703231301	4.9512318239385555	5.215915725488632
hang	4.969349948307525	4.89443857231544	4.839700047970502
following	5.249418285284536	4.874916817905362	5.244408283541492
employ	5.14065268683016	4.923510895195945	5.20809988059898
