deal	5.041930695152631	5.01437896924856	5.112859667677403
study	5.265641143567659	4.916134541458236	5.251069695996571
afford	5.17712861413903	4.9506148766161076	5.226388766133207
service	5.180185216781656	5.0215100517236175	5.2887859006719795
height	5.072657560338097	4.889014643968186	5.063615219186665
prospect	5.159888659397781	4.995565620316174	5.17910079037223
pleasant	5.238243421221385	4.847814644365319	4.992470622290893
shade	5.12851998067386	4.860481338399009	4.9745992332781555
listen	5.021613185524421	5.076318537585393	5.0460024235643886
mighty	5.00809998191904	5.04496216134267	5.101770667704403
country	5.116772583393791	5.0223281326357405	5.279767940695529
title	5.212793888532039	4.980079079340635	5.3476662574035
choose	5.140999838484781	4.960255207702007	5.211719213310976
village	5.152841299810848	4.91285989558778	5.091484275132632
acquire	5.2094486508571896	4.981604775593409	5.307882394771204
rank	5.129312037799169	5.072441224493499	5.286704695649
bow	5.056798920809274	4.976991627965742	5.002904692382209
doctor	5.0040581272039395	4.992160686708582	5.006161310052322
talent	5.23456450912681	5.030172766330087	5.329182479566023
source	5.165384427970014	4.979635735346996	5.264153757933056
lead	5.055808359845514	5.037538692337414	5.162387949015111
question	5.051358515619935	5.049282482569104	5.2615601569216315
publish	5.223830717437832	4.947106402347367	5.3287734989342175
interest	5.142879329265463	5.043526538303653	5.298312654648254
serve	5.055148059421925	4.975562574255671	5.104314797955073
divine	5.124271170195192	5.028331482134784	5.26020296332825
put	4.962156464752347	4.937471018216481	4.954402354005525
shadow	5.048579715985997	4.935493246201787	5.011368161622037
practical	5.1673484880700595	4.985266986898986	5.326736460552814
surface	5.067881101068258	4.818925106286056	4.978359927125266
account	5.095050310153184	4.9874655122129745	5.199823414615507
loss	4.946747406944233	5.096770794249408	5.138442677088489
indian	4.979604770699189	5.039310435218936	5.131875033495721
vine	5.1357822226742815	4.802100420014291	5.024234920620493
certain	5.0427097723343355	5.034223916149783	5.213650018363959
sin	4.863082279968558	5.138455787955697	5.105577290844762
necessity	5.0037305815661055	5.083282408133216	5.2608987440999435
lose	4.985045953415029	5.063663578276516	5.071994003992962
private	5.0972927099457515	5.0633135849294035	5.283162473784691
gentleman	5.147049228967725	4.967262807469417	5.121444491029302
daughter	5.045161564334328	5.063143803285207	5.09043428103458
drive	4.853674198955729	5.100190213480742	4.9808898788663685
strange	4.961672489164877	5.056105107808193	4.983872700550031
journey	5.1474159892271425	4.938310545553246	5.063360032340914
uncle	5.113226890768419	4.943764435547955	5.019980133287418
species	5.046722103725508	4.948751618805471	5.145369264866398
think	5.031379724686609	5.036147601194789	5.0766873805426265
bed	5.003303513401074	4.848146359002354	4.833739572816542
wind	4.9479774149751	4.964178293731074	4.908756543572761
bless	5.084493313124575	4.977359920807718	5.03256322615368
destroy	4.88353834759474	5.1083407737025235	5.131134638232112
author	5.200688936202488	4.99712377614194	5.2930465767664945
sustain	5.03979411028035	5.064065623842761	5.2615746780639325
black	4.961356378707116	4.881740628356189	4.868554334088884
event	5.077936954109018	5.091536366115272	5.273435076455187
liberty	5.07149736261619	5.121666880111846	5.327033980138212
negro	4.9484658929776035	4.972958943475094	4.991792849928719
little	5.107107479652723	4.9085805805991125	5.014976781462286
fortune	5.0861307678283865	5.082364607549487	5.18233861872142
touch	5.0450675739526725	4.989156543674593	5.027892577180568
kill	4.7897463405497955	5.099151184525838	4.920656072796418
feature	5.099857822514747	4.966418317457537	5.10972849446978
happiness	5.118095837540235	5.080079417220364	5.24071557059709
assume	5.072767050171082	5.039132647389782	5.215310769160682
notion	5.0693026019575305	4.996493455536572	5.158035696100413
purchase	5.166801249074815	4.8854868290623665	5.161906826696735
faithful	5.129289625204578	5.071421229451902	5.242581970920895
soldier	4.925549761861956	5.168193207400659	5.108309844172449
father	4.991428110706321	5.072063868373882	5.076955861375247
narrow	5.0108925798377495	4.915202693172498	5.025234544856102
great	5.112930080293153	5.017068433318112	5.245917673693376
tear	4.910577205669065	5.024749075436649	4.90630412786619
honorable	5.128463267862811	5.122057621046142	5.36074789892852
previous	5.096436010635053	4.9754718346892455	5.1988991815390495
good	5.094593607776201	5.001887619225951	5.129485263339799
domestic	5.144733951205348	4.966005422660256	5.198009109785348
glory	5.158668603750788	5.026304382663359	5.20779261325751
lay	5.00235545719574	4.919932072768066	4.976337354088323
occasion	5.069883131240525	5.059903585263148	5.208103092001445
guard	4.918490767312054	5.122319601112822	5.0992594320197435
whole	5.067969375180571	4.968369580751602	5.156623425328144
mouth	4.981584867620054	4.8957646002255855	4.8706367580549745
receive	5.141216894092065	4.988611879132085	5.222357976629443
take	5.014859572509886	4.986903730630031	5.0651827600748005
simple	5.160309507366604	4.914535675365867	5.156609914535108
error	4.969749208790958	5.107952088604909	5.258569977555111
wisdom	5.096288808693686	5.091438413917975	5.283748463947051
rock	4.977749790901756	4.9111928081534675	4.930411631654278
decide	5.061785364231788	5.080310455862903	5.296303957239435
exclaim	4.919798747004951	5.0734099862858795	4.91959248738456
assure	5.072711913509247	5.071263921665705	5.166580465376724
sign	5.039218798038848	4.991703851108874	5.122865653550549
preserve	5.122389064242069	4.944454179104021	5.177941021046897
commerce	5.132341247003306	4.978064194755918	5.279186582068036
plant	5.111666581153195	4.81783660468475	5.023407015931317
walk	5.132494967866513	4.873351057061857	4.9355918815184605
difference	5.078258524366387	4.965026193774963	5.209663720319508
hang	4.958064145025547	4.9096781613953295	4.853078638646819
following	5.234695650726448	4.878205565468351	5.228758852942819
employ	5.126168812402013	4.932823146511049	5.20056170784785
