deal	5.036341562443536	5.020071430715603	5.111663213324727
study	5.271584342899095	4.915127762626299	5.2461169558204865
afford	5.173619682564969	4.95287541527318	5.221850867253738
service	5.180667919319169	5.025646414453658	5.295645187676966
height	5.0622283344063845	4.8863863269591	5.0490525150330265
prospect	5.1480132523641995	5.003927160847507	5.171577381001971
pleasant	5.227310557608164	4.8534357565694615	4.98273972696585
shade	5.120194958210207	4.860900570077179	4.959158676948912
listen	5.010833930105556	5.08532109915086	5.044589544040493
mighty	4.994389175485606	5.0496841619725235	5.090467312419728
country	5.116087190983258	5.025603989724877	5.276129206341444
title	5.220187472926251	4.976539634989818	5.35133476738512
choose	5.138602503131047	4.960332232708738	5.212243282424833
village	5.144115300620485	4.915171390282565	5.085936335946196
acquire	5.212835224295449	4.981685226031868	5.30142439161264
rank	5.129033476163994	5.0687690118318205	5.28274798791227
bow	5.042631031172469	4.980109507063623	4.99603037101726
doctor	4.994983497182043	4.999401948462883	5.0066930278388595
talent	5.240580850745183	5.028171710057762	5.325018045664175
source	5.164507096103664	4.984283912570017	5.255113442779122
lead	5.047052402041101	5.041605578455272	5.157411890569792
question	5.04838369220144	5.054130155110346	5.264553485363024
publish	5.235108258284149	4.945956049988123	5.336736148667763
interest	5.144918163534578	5.048786813000934	5.297324625367759
serve	5.047692022930251	4.978544715624458	5.102328417495328
divine	5.123931774983603	5.030441100919184	5.2512664540516925
put	4.946597497024555	4.943511923471389	4.953835806653993
shadow	5.03696015915962	4.939277526630183	4.997924544426557
practical	5.173340622192639	4.986022952876204	5.323749340607188
surface	5.053378589827141	4.820373380751234	4.9592126584253355
account	5.092496624816389	4.994694893183875	5.202653858045955
loss	4.937158746661361	5.1106191374821215	5.137680139013065
indian	4.970956125032765	5.048076722041821	5.134430840028613
vine	5.125120507119097	4.799962177320994	5.00603211016308
certain	5.040058738128342	5.038629445552479	5.2103904025792005
sin	4.855166116827476	5.1479573090241475	5.098382625074509
necessity	4.997536614728006	5.091258290046163	5.260402556834302
lose	4.972119238410897	5.074564072427713	5.066143105602977
private	5.099309396493382	5.067356086670787	5.289267837227418
gentleman	5.144877599763919	4.967099806462849	5.125692833501178
daughter	5.037904549819652	5.066998708038937	5.08743381243172
drive	4.831028717506437	5.11236272027389	4.9762703395524275
strange	4.951406957844124	5.064648591701968	4.978673966002612
journey	5.134359517501815	4.950062916549438	5.062712373233334
uncle	5.10187563252536	4.951839301806272	5.019759249865353
species	5.045531677592268	4.952409536983036	5.1384024914555235
think	5.021234359275099	5.045164807945218	5.074303497064241
bed	4.983099704664353	4.854996536570941	4.823478638757544
wind	4.924048140266873	4.975638456774757	4.896377166989818
bless	5.072227092119002	4.983487126853596	5.0234256183829356
destroy	4.8730630859368445	5.114826904966717	5.122929845993806
author	5.208326481504111	4.99783163080144	5.292916136404283
sustain	5.035158274295161	5.068828533999026	5.256416784357736
black	4.949119667633057	4.8829742495031425	4.862858487271094
event	5.0748433936028325	5.10048510578174	5.273054635080523
liberty	5.0672259195774645	5.126069750390131	5.3237741857305485
negro	4.937382553459019	4.979002393147241	4.990988659866528
little	5.096532918667517	4.912776760733024	5.008128978402961
fortune	5.077930265685466	5.088626448591113	5.177547566103514
touch	5.03667895042437	4.993772993507051	5.020843298851279
kill	4.768047651604726	5.111942495611799	4.91923679009879
feature	5.098345636354584	4.965669283152025	5.099844880505183
happiness	5.111877190780764	5.086529081564338	5.2301759877778675
assume	5.070279821683611	5.043192213417839	5.214181396765091
notion	5.065374515125542	4.999740759765495	5.153219361569722
purchase	5.163652617090238	4.889066632708375	5.163563289127858
faithful	5.127480449618894	5.076701734955423	5.2430902271369915
soldier	4.910792544516864	5.175426699673337	5.111821351069471
father	4.980326759793696	5.079972602722397	5.0744543166184455
narrow	4.9977547181709046	4.916925120238525	5.01270160834185
great	5.110857556656798	5.020021461253307	5.242431006515302
tear	4.894204980889894	5.035047241202097	4.896462352828359
honorable	5.130438004186949	5.124884436717258	5.36583788724411
previous	5.093311574696128	4.98341678814635	5.201710355986759
good	5.087158355037874	5.007736896127268	5.127384119042372
domestic	5.144828699128671	4.969895549945065	5.192592247521523
glory	5.152578229044741	5.02874224085895	5.196138313063146
lay	4.985862460465052	4.925463748493306	4.96841638730452
occasion	5.065815616820527	5.068930283289805	5.211520929758173
guard	4.900937723073782	5.130674213996378	5.101621222956214
whole	5.0616489058562815	4.970606142410706	5.150858549536927
mouth	4.9644761781465325	4.901237806635507	4.8646879004878505
receive	5.138502355090684	4.993883248926203	5.226627462891984
take	5.002540599677365	4.994040277693047	5.065909695836331
simple	5.16157326310367	4.91340451672939	5.147516621541899
error	4.969883384136674	5.114305541029021	5.255788279861748
wisdom	5.095964849575025	5.0944455052952415	5.277278968363044
rock	4.95577025395135	4.916027875190707	4.914689174980324
decide	5.057869183925679	5.085115981090351	5.299853821211313
exclaim	4.9006890661202895	5.081931519258339	4.917286766345807
assure	5.062094246486378	5.081109453490001	5.168858038809724
sign	5.03379857713076	4.995557220314012	5.123261482859941
preserve	5.118355158126688	4.9458081464300605	5.16991453314546
commerce	5.12854744019062	4.982613869405476	5.2762637627073525
plant	5.103380706084771	4.814408631579765	5.004720351886243
walk	5.119082723827458	4.8774799305930685	4.9297744061267545
difference	5.080366448509034	4.9657823684941995	5.204489714739947
hang	4.940897161882882	4.9131566087975	4.8439159389989435
following	5.238374834972394	4.880498131211854	5.233718370518459
employ	5.126297010343145	4.934590428987107	5.199395123490139
