deal	4.822302	4.2224956	5.005924
study	6.1713715	3.863327	6.3723674
afford	6.274725	4.048532	5.725176
service	5.527444	3.942143	5.8362446
height	5.3540444	4.2397776	5.0830455
prospect	6.8164334	4.333248	6.0260177
pleasant	6.8851347	3.9060059	6.010711
shade	5.1937814	3.6367087	5.2434397
listen	5.0954046	4.1626635	5.4815984
mighty	5.737895	4.4921393	5.5647182
country	5.4867616	3.6029477	5.5441303
title	6.169153	3.698184	5.865877
choose	5.301986	3.6460242	5.803036
village	6.0360346	4.006287	5.461659
acquire	6.4814243	4.48419	6.7178636
rank	5.2421246	3.8767424	5.2159224
bow	5.916395	3.5101867	5.830539
doctor	4.8908067	3.8004131	4.9509077
talent	7.0463614	4.644801	6.6999397
source	5.927592	4.215133	5.4686174
lead	4.8755894	3.955632	5.397456
question	5.3745084	3.6765304	5.501739
publish	5.42054	4.0474052	5.7961154
interest	5.9596596	4.007254	5.6693163
serve	5.1861277	3.364269	5.737007
divine	6.396555	3.9839582	5.7089324
put	5.500201	3.837624	5.7221828
shadow	5.035413	3.467795	5.130492
practical	5.762921	3.947026	6.067152
surface	5.1495085	3.2251122	4.975871
account	5.6727204	3.987337	5.4947314
loss	4.6007986	4.381777	4.554455
indian	5.135892	4.888994	5.336623
vine	6.167191	3.7976723	5.8051043
certain	4.8831778	4.5645695	5.3505635
sin	3.6332893	4.3612056	4.3335657
necessity	4.2660446	4.306212	4.7103844
lose	4.7079983	4.557577	5.139031
private	4.3532443	3.6007242	5.22156
gentleman	5.4518805	3.4775455	5.417396
daughter	5.5578847	4.1880603	5.1356726
drive	4.0151987	4.688732	4.5618877
strange	4.584034	4.842862	4.569217
journey	6.1143365	3.8567932	5.759325
uncle	5.7247176	3.808539	5.836426
species	5.3622103	4.6568017	5.188628
think	5.524827	4.287468	5.4816847
bed	5.362323	3.311779	5.4181905
wind	4.9760075	4.0517435	4.9213448
bless	7.302856	4.029771	6.3857327
destroy	3.876863	5.03461	4.869538
author	5.5998096	4.088647	5.247636
sustain	5.2733083	3.9804692	5.7134733
black	4.3382344	4.5582356	4.372234
event	5.767637	4.3217854	5.0040727
liberty	6.7181635	4.753221	6.0432587
negro	4.3643126	4.228092	4.5853124
little	5.0548167	4.018196	4.932151
fortune	5.8861656	4.1621222	5.448103
touch	5.597706	3.7978363	5.4397216
kill	4.356044	5.2471414	4.733366
feature	5.2587943	4.046455	5.415706
happiness	7.1312323	4.2830305	6.440418
assume	4.14534	3.7563524	4.9590516
notion	5.773407	4.125735	5.468943
purchase	6.0247774	3.7141066	6.3871217
faithful	6.182106	3.5781903	5.993946
soldier	4.525028	4.276235	4.905087
father	5.778729	3.8844051	5.3229074
narrow	3.5474055	3.7819214	4.3959484
great	5.157076	4.145317	5.04973
tear	4.0981283	3.989225	4.46899
honorable	5.5382175	4.272467	5.85817
previous	4.5522585	4.0519967	5.0049644
good	6.2697086	3.6749272	6.1399684
domestic	5.082565	3.7498405	5.0443344
glory	6.768033	4.4137416	6.0063334
lay	4.7944036	3.367907	5.5734015
occasion	5.1217985	4.345051	5.016209
guard	5.0329933	3.756631	5.34545
whole	5.301313	4.0766597	5.241709
mouth	5.061568	4.1151705	5.439731
receive	6.320448	3.701082	6.098407
take	4.948901	3.7870238	5.493006
simple	6.012761	3.6631231	5.8224688
error	3.5261931	4.3264503	4.1580505
wisdom	6.338798	4.1548567	6.221546
rock	5.398313	4.2040205	5.1760974
decide	4.8955045	3.9626892	5.4405246
exclaim	5.786583	4.702994	5.6604853
assure	6.819289	4.026606	6.557085
sign	5.040637	3.5513577	5.290163
preserve	5.8410883	3.4932513	5.9037704
commerce	5.668682	4.3378153	5.663204
plant	4.875311	3.7671738	5.2285895
walk	5.654139	3.7941322	5.84245
difference	5.0477076	3.8715458	5.274497
hang	4.5521917	3.8117695	5.0144634
following	6.5572925	3.4879818	5.9895735
employ	4.889187	3.951017	6.1670094
