deal	5.067772	4.272429	5.275695
study	6.187071	4.0896654	6.4747543
afford	6.219123	3.9142325	5.8111777
service	5.720167	4.0090685	6.092577
height	5.27403	4.321093	5.2117653
prospect	6.795809	4.378382	5.9652233
pleasant	6.865486	3.8575182	6.1377225
shade	5.159951	3.533692	5.222301
listen	5.1041913	4.1860332	5.385351
mighty	5.6702337	4.3721623	5.516174
country	5.5152264	3.627449	5.5385485
title	6.3923783	4.0066857	5.9135714
choose	5.2086377	3.646485	5.695824
village	6.004378	3.9252388	5.5030284
acquire	6.4375725	4.544482	6.6862793
rank	5.2251816	4.1528797	5.093181
bow	5.885421	3.5560505	5.7649145
doctor	4.924265	3.8550181	4.8660383
talent	6.8724184	4.5584044	6.62603
source	6.16107	4.2798743	5.7139015
lead	4.8077693	4.036583	5.455537
question	5.29772	3.9064891	5.6148562
publish	5.588958	4.0361648	5.8087416
interest	5.945072	4.067634	5.746716
serve	5.1974454	3.5409317	5.6684523
divine	6.312249	4.000114	5.564419
put	5.4167457	3.9283051	5.656531
shadow	4.888505	3.4090197	5.0957446
practical	5.572777	3.8919709	5.9243045
surface	5.2128596	3.223162	4.9473205
account	5.6539717	4.076482	5.5695148
loss	4.4361563	4.359558	4.623944
indian	5.0974135	4.92365	5.36123
vine	6.48716	3.7388349	5.7843943
certain	4.8991265	4.429813	5.340467
sin	3.4875221	4.3454742	4.262559
necessity	4.303661	4.262525	4.7372966
lose	4.6389685	4.4539075	5.1684136
private	4.27713	3.6817386	5.2015076
gentleman	5.6252584	3.4940195	5.2118835
daughter	5.696581	4.204703	5.0123982
drive	4.0308905	4.712818	4.668382
strange	4.5697985	4.7695637	4.5485253
journey	6.070607	3.7559078	5.821565
uncle	5.8374825	3.9272304	5.837934
species	5.4471393	4.434968	5.113681
think	5.5473695	4.2303033	5.5172853
bed	5.40237	3.31548	5.393636
wind	5.1848044	4.0614533	4.932783
bless	7.2098866	4.1459537	6.392883
destroy	3.90106	4.9016776	4.679629
author	5.6600637	4.2406583	5.316065
sustain	5.0983906	3.9203243	5.6003714
black	4.6214504	4.4406533	4.6264753
event	5.7957826	4.3343925	5.0821705
liberty	7.045722	4.77318	6.2656755
negro	4.310764	4.32345	4.403074
little	4.9061136	4.1513586	5.0031266
fortune	5.9604363	4.2745442	5.4344864
touch	5.5029125	3.6737235	5.4687896
kill	4.3930025	5.1422954	4.7807317
feature	5.2062416	3.7701406	5.3249426
happiness	7.32982	4.34123	6.5783405
assume	4.230787	3.6479712	4.9965167
notion	5.8818417	4.000926	5.483328
purchase	6.1076183	3.779499	6.301573
faithful	6.1954336	3.608891	6.0784717
soldier	4.422097	4.444909	5.0154243
father	5.655367	4.0477643	5.245979
narrow	3.489526	3.7523496	4.456494
great	5.131187	3.981667	5.2965646
tear	3.8984742	4.0472717	4.480801
honorable	5.5655727	4.34841	5.9434414
previous	4.557128	3.890007	5.0561776
good	6.0232725	3.6727886	6.098394
domestic	5.2368646	3.634709	5.001108
glory	6.8274393	4.500218	6.050241
lay	4.9101086	3.3266673	5.55091
occasion	5.1698294	4.332031	5.0410957
guard	4.930417	3.8642871	5.391735
whole	5.2958636	3.976171	5.2172523
mouth	4.9038568	4.039842	5.3582797
receive	6.3680196	3.671821	6.128929
take	5.2515073	3.8963244	5.7623835
simple	6.0741525	3.6551812	5.949739
error	3.4193115	4.4111185	4.199148
wisdom	6.2247844	4.0771794	6.116627
rock	5.5236835	4.207709	5.2902074
decide	4.817226	3.9328742	5.46284
exclaim	5.7945714	4.867671	5.7125053
assure	6.778591	4.0780454	6.523532
sign	4.9993415	3.438726	5.164904
preserve	5.88378	3.3823276	5.939067
commerce	5.714882	4.3390355	5.617557
plant	4.870866	3.814195	5.0799894
walk	5.5631747	3.8269587	5.8287077
difference	5.028316	4.1564865	5.1116796
hang	4.6178045	3.9330394	5.0108523
following	6.7167177	3.6717775	6.170233
employ	4.897634	4.0594997	6.0819798
