deal	5.0401397	4.324103	5.0427566
study	6.297991	3.9392924	6.5892835
afford	6.3054914	3.9781141	5.838031
service	5.61831	3.9459062	5.9097795
height	5.171857	4.295986	5.21379
prospect	6.7092056	4.3386393	5.922636
pleasant	6.8790536	3.8419757	6.1445827
shade	5.0735836	3.7158127	5.2893796
listen	5.1768856	4.1987033	5.47259
mighty	5.7194467	4.59527	5.6757736
country	5.481193	3.7277784	5.6488957
title	6.2293825	3.7452395	5.9690084
choose	5.3651166	3.4441419	5.7220197
village	5.9354734	3.9132447	5.3889556
acquire	6.366728	4.4682045	6.666801
rank	5.0693803	4.099497	5.1442227
bow	6.0241795	3.5266452	5.9661183
doctor	5.0671453	3.7165356	5.082253
talent	6.9870167	4.6280136	6.6754804
source	6.0079517	4.0944433	5.5319023
lead	4.8669767	3.993186	5.5717607
question	5.294169	3.9862607	5.6451583
publish	5.3827353	4.065743	5.6870875
interest	5.887519	4.033446	5.766929
serve	5.1692276	3.4729598	5.7366858
divine	6.3501573	3.946303	5.6073537
put	5.5929174	3.9984899	5.7390246
shadow	4.9111023	3.5639808	5.149045
practical	5.7348766	3.8824925	6.1048136
surface	5.1495028	3.272672	4.924846
account	5.6090245	3.877583	5.5712757
loss	4.413878	4.393412	4.473504
indian	5.071981	4.923566	5.3963404
vine	6.2905846	3.7767494	5.6732597
certain	4.9215627	4.5377326	5.386945
sin	3.5564184	4.3779697	4.3170853
necessity	4.33965	4.3015475	4.7290854
lose	4.632273	4.487178	5.204589
private	4.4128075	3.6074276	5.3092484
gentleman	5.545574	3.55364	5.343497
daughter	5.5641255	4.263737	5.0502763
drive	4.166405	4.599013	4.6611466
strange	4.578379	4.8283167	4.547992
journey	6.101693	3.6430068	5.833618
uncle	5.7387977	4.0385494	6.10696
species	5.2968836	4.465443	5.0961947
think	5.6131744	4.065617	5.6788583
bed	5.443106	3.406303	5.4420085
wind	5.158086	3.931547	4.7931147
bless	7.162917	4.0716295	6.2273254
destroy	3.820168	4.9306	4.640346
author	5.558194	4.154644	5.22253
sustain	5.181828	3.9319685	5.6844215
black	4.189595	4.6740303	4.4284105
event	5.7698727	4.3574266	4.9943585
liberty	6.981119	4.908928	6.234771
negro	4.3325715	4.223779	4.49005
little	4.981235	4.1338363	4.9819274
fortune	5.7349834	4.156462	5.427754
touch	5.593068	3.6268983	5.5223255
kill	4.416451	5.215523	4.6714163
feature	5.2787933	3.8138425	5.448458
happiness	7.197482	4.406522	6.4573545
assume	4.037484	3.789533	5.0697927
notion	5.822808	3.9246988	5.6336017
purchase	6.2097354	3.7159731	6.38934
faithful	6.2396803	3.543409	5.978321
soldier	4.3080473	4.425361	4.775733
father	5.746116	4.0786214	5.218959
narrow	3.4780042	3.883292	4.4506006
great	5.3112745	4.354329	5.160773
tear	4.014696	3.942422	4.474769
honorable	5.5265117	4.3211155	5.9580927
previous	4.5840106	3.891097	5.014613
good	6.068984	3.6578736	6.1777687
domestic	5.2281585	3.7221673	5.046058
glory	6.6929264	4.4781456	6.0650415
lay	4.7989054	3.5054479	5.638795
occasion	5.150595	4.1845756	4.998457
guard	4.9061027	3.7494578	5.3278227
whole	5.2794294	4.2931204	5.2245626
mouth	4.9716053	4.0978246	5.3535843
receive	6.3730807	3.6968791	6.042702
take	5.206047	3.806706	5.7020125
simple	6.1076984	3.764129	6.0492916
error	3.4868362	4.285535	4.136728
wisdom	6.3340697	3.9608483	6.174013
rock	5.483815	4.3035374	5.2172184
decide	5.0223455	4.0761166	5.6048427
exclaim	5.71734	4.737089	5.532029
assure	6.884584	3.9551835	6.530435
sign	4.9784617	3.441908	5.2030296
preserve	5.7699676	3.4846413	5.875898
commerce	5.5095363	4.391357	5.5165973
plant	4.8284016	3.773491	5.08152
walk	5.773706	3.7217731	5.9716206
difference	5.3053827	3.935741	5.4154305
hang	4.7258267	4.0264835	5.117728
following	6.5354457	3.5430088	5.958444
employ	4.8700404	3.925796	6.0478506
