deal	4.6262	4.3008084	4.7985883
study	6.19856	4.019648	6.500411
afford	6.173329	3.9030166	5.776033
service	5.661845	3.960774	6.038701
height	5.18472	4.305099	5.176762
prospect	6.76775	4.443311	6.0053225
pleasant	6.8378677	3.8767653	6.0081105
shade	5.133505	3.5979197	5.22034
listen	5.3558064	4.213688	5.5320406
mighty	5.6392174	4.5176086	5.4933724
country	5.729952	3.5386565	5.552145
title	6.301237	3.9884562	6.1394467
choose	5.5356827	3.4881973	5.870465
village	6.062464	3.9700534	5.4532943
acquire	6.559924	4.4220643	6.640446
rank	5.23769	4.058376	5.237114
bow	5.987902	3.493437	5.907961
doctor	4.9742713	3.91091	4.867835
talent	6.995987	4.5251656	6.6902866
source	6.024823	4.1971965	5.652487
lead	4.9390454	3.9179878	5.481511
question	5.309247	4.028512	5.6446986
publish	5.4452004	4.010792	5.7262487
interest	6.1685095	4.03029	5.9404607
serve	5.0675845	3.3092647	5.6489954
divine	6.4327555	4.036673	5.5886884
put	5.69462	3.7109492	5.736819
shadow	4.888719	3.3727367	5.1761646
practical	5.6045113	3.9931977	5.9805193
surface	5.2017746	3.2369583	4.929282
account	5.43693	3.9537106	5.457731
loss	4.4737062	4.419709	4.6098213
indian	5.170497	4.916198	5.467462
vine	6.2685547	3.6729558	5.780052
certain	4.9680567	4.4049945	5.334577
sin	3.6088924	4.3563433	4.27604
necessity	4.259501	4.2615066	4.774041
lose	4.9150705	4.434066	5.3684225
private	4.4235826	3.7100515	5.0994887
gentleman	5.514362	3.6344771	5.2261543
daughter	5.5261507	4.259219	4.9564333
drive	4.2101593	4.61557	4.835719
strange	4.572304	4.757344	4.5342007
journey	5.9994106	3.6801934	5.7195454
uncle	5.8196387	3.860291	5.9345603
species	5.375554	4.3391733	5.184042
think	5.528674	4.274204	5.582787
bed	5.223011	3.6035576	5.33193
wind	5.031773	4.1348743	4.853915
bless	7.2585096	4.1138644	6.3108177
destroy	3.9109104	4.8922167	4.799868
author	5.532214	4.1792383	5.290243
sustain	5.216236	3.902647	5.713537
black	4.4448934	4.6110044	4.4871
event	5.921605	4.4053817	5.068941
liberty	6.821705	4.8257895	6.08078
negro	4.2245626	4.332524	4.3762813
little	5.0067277	4.061847	4.969622
fortune	5.7352724	4.1696415	5.3675766
touch	5.6338735	3.693313	5.5802364
kill	4.360301	5.1664805	4.746574
feature	5.2854996	3.808624	5.446762
happiness	7.3097115	4.4017053	6.6235046
assume	4.1512337	3.6310818	5.0438237
notion	5.6048307	4.0726695	5.442789
purchase	6.236861	3.733172	6.399137
faithful	6.0858355	3.6315057	5.927918
soldier	4.628042	4.4601836	4.9786043
father	5.808915	4.0708814	5.2479315
narrow	3.4991603	3.90065	4.279468
great	5.110651	4.1560593	5.04163
tear	4.050412	4.014745	4.643336
honorable	5.5988827	4.220386	5.9801817
previous	4.446074	4.00349	4.981481
good	6.018247	3.5845068	6.0412464
domestic	5.1222486	3.6526406	5.0459104
glory	6.9511404	4.451285	6.1519146
lay	4.642745	3.6307006	5.5106635
occasion	5.1095457	4.2178464	5.030403
guard	5.0121207	3.8426664	5.274228
whole	5.3202143	3.9040961	5.296812
mouth	5.2006407	4.06782	5.442995
receive	6.315675	3.6963778	6.057007
take	5.49018	3.61986	5.92562
simple	6.0184917	3.727272	5.8041067
error	3.5743952	4.445158	4.194989
wisdom	6.3400064	3.9807825	6.0450816
rock	5.39203	4.25461	5.1319265
decide	5.079571	3.9595652	5.5845623
exclaim	5.931341	4.857661	5.7935667
assure	6.77645	3.955654	6.545742
sign	4.831755	3.4525971	5.1637444
preserve	5.927392	3.353983	5.84811
commerce	5.4992037	4.251707	5.577242
plant	4.8912096	3.6717694	5.129906
walk	5.8590455	3.8284175	5.945211
difference	5.020319	4.1220317	5.1534076
hang	4.8330107	3.91462	5.103256
following	6.399348	3.5610402	5.902282
employ	4.9830422	3.8987155	6.0686483
