deal	4.982282	4.2949347	5.1515155
study	6.239633	4.039774	6.469535
afford	5.9340963	4.0557594	5.549276
service	5.649366	3.921181	6.013187
height	5.1382403	4.36611	5.1181207
prospect	6.810155	4.3458247	6.0100474
pleasant	6.7184596	3.9997404	6.0313554
shade	5.071044	3.6433046	5.25719
listen	5.21624	4.215845	5.526886
mighty	5.564451	4.482463	5.4577165
country	5.2901134	3.6777942	5.3715177
title	6.360359	3.8774858	6.1341543
choose	5.4054112	3.5961936	5.939117
village	6.007622	3.9251716	5.6151266
acquire	6.53572	4.489334	6.7204146
rank	5.1728683	4.1932764	5.151823
bow	5.8896117	3.533062	5.842783
doctor	4.7742176	3.9277086	4.6713614
talent	6.8956785	4.626838	6.6552234
source	6.110214	4.1564355	5.7139244
lead	5.036514	4.0357904	5.5945463
question	5.30742	3.840697	5.554434
publish	5.341035	4.122612	5.6611834
interest	6.192892	3.9522376	6.0017967
serve	4.99019	3.5388484	5.6535296
divine	6.293223	3.9385872	5.468479
put	5.6007586	3.7269075	5.606983
shadow	4.914607	3.3050456	5.0865073
practical	5.601461	3.885877	5.9328175
surface	5.085766	3.1445894	4.9024096
account	5.544626	4.080557	5.5147753
loss	4.462738	4.398769	4.7089953
indian	5.0544114	4.8535795	5.3833833
vine	6.203142	3.7348387	5.706501
certain	4.9658947	4.505024	5.392886
sin	3.588211	4.2274275	4.3101306
necessity	4.302574	4.151697	4.761993
lose	4.6474233	4.312519	5.1385355
private	4.4429955	3.6691446	5.308376
gentleman	5.4691305	3.5270402	5.293293
daughter	5.390804	4.2933	4.7864246
drive	4.1212807	4.692604	4.7321515
strange	4.678749	4.9171815	4.6284547
journey	6.1656046	3.6555703	5.91698
uncle	5.811512	3.874251	5.802981
species	5.2191825	4.589437	5.0032344
think	5.5673766	4.4613137	5.555334
bed	5.4181795	3.2931376	5.365694
wind	5.137236	4.2282286	4.8628235
bless	7.186306	4.0344667	6.220981
destroy	3.8054304	4.9869294	4.669934
author	5.609147	4.150859	5.3517523
sustain	5.037037	4.035888	5.5679035
black	4.265171	4.6859055	4.556321
event	5.9457636	4.355847	5.1091456
liberty	6.801112	4.653599	6.139075
negro	4.3572874	4.28116	4.4645686
little	5.1607404	3.9912295	5.101118
fortune	5.9486704	4.3224335	5.599009
touch	5.5740952	3.7448087	5.5877113
kill	4.426876	5.086068	4.826649
feature	5.2629237	3.8566825	5.327984
happiness	7.324051	4.299084	6.629074
assume	4.2911444	3.677789	5.1943
notion	5.6897316	3.981967	5.537991
purchase	6.240644	3.7141664	6.4441614
faithful	6.3193636	3.624651	5.995802
soldier	4.6380057	4.674213	5.081299
father	5.6024704	3.9415581	5.27782
narrow	3.6388462	3.725062	4.4465165
great	5.2825136	4.1326404	5.210733
tear	3.8398938	3.9910626	4.4652367
honorable	5.530769	4.3041177	5.7867913
previous	4.471507	3.896808	5.075265
good	6.0390825	3.8157437	6.0028043
domestic	5.1266184	3.683898	4.9100733
glory	6.687279	4.4779677	5.9185214
lay	4.8102584	3.358888	5.5139837
occasion	4.943266	4.26696	4.8711557
guard	5.045629	3.878264	5.375535
whole	5.1582756	4.0753107	5.162848
mouth	5.1113834	4.1193676	5.439144
receive	6.2255936	3.8101535	5.9481206
take	5.2977643	3.63564	5.7316422
simple	6.0813727	3.7149646	5.903393
error	3.7082572	4.3385015	4.4165516
wisdom	6.241863	4.0114713	6.0844355
rock	5.3808374	4.1874294	5.146456
decide	5.039694	3.954694	5.5682917
exclaim	5.714657	4.875294	5.6382313
assure	6.9008303	3.997776	6.6441183
sign	5.000428	3.4416313	5.1639585
preserve	5.839299	3.421574	5.827285
commerce	5.4484596	4.3440228	5.4913874
plant	4.835661	3.8700364	5.094411
walk	5.7149487	3.6800058	5.7840986
difference	5.1397877	3.952244	5.227012
hang	4.752022	3.9275937	5.0677223
following	6.4547806	3.6266925	5.8450956
employ	4.9264402	4.0641785	6.0762625
