deal	4.8246207	4.5117807	5.057364
study	6.2292585	3.9161549	6.6273212
afford	6.09472	4.04683	5.677948
service	5.548367	3.9597273	5.860649
height	5.10742	4.250537	5.0788417
prospect	6.828104	4.350955	5.937286
pleasant	6.887318	4.0221066	6.0380054
shade	5.0910587	3.5782356	5.1719475
listen	5.351863	4.346685	5.490111
mighty	5.4763904	4.394629	5.4224772
country	5.360392	3.5519505	5.5280137
title	6.2142587	3.784376	5.9786296
choose	5.430891	3.4671955	5.848833
village	5.9259834	4.0271883	5.477361
acquire	6.46322	4.5058007	6.6368623
rank	5.0399904	3.9652615	5.0880127
bow	5.8898306	3.2861931	5.876656
doctor	5.061226	3.8735778	5.0344987
talent	6.944206	4.5702214	6.6883135
source	6.0630975	4.223802	5.7182403
lead	4.9883337	3.9551024	5.5536675
question	5.2382913	3.8141584	5.3797283
publish	5.5550594	4.158923	5.923935
interest	5.973752	4.140151	5.6300187
serve	5.266335	3.441276	5.649721
divine	6.4371166	3.9843502	5.6399517
put	5.706987	3.9215107	5.7114215
shadow	4.8316927	3.3709912	5.061805
practical	5.6288176	3.9914112	6.0094943
surface	5.0680914	3.1929593	4.7913976
account	5.56971	3.9974759	5.577818
loss	4.3381505	4.491576	4.3698425
indian	4.842592	4.998942	5.2622347
vine	6.1883297	3.6248927	5.638336
certain	4.854691	4.4682198	5.3672943
sin	3.4705682	4.3387237	4.2225313
necessity	4.2011776	4.269271	4.715094
lose	4.8132553	4.4820724	5.1971664
private	4.533524	3.8163	5.2874165
gentleman	5.3343105	3.5165439	5.2251053
daughter	5.5170302	4.0878706	4.9754496
drive	4.2145667	4.775028	4.7383213
strange	4.8003635	4.858619	4.6393795
journey	6.269405	3.8327575	5.8723216
uncle	5.5795135	3.9032261	5.7919483
species	5.328622	4.557378	5.044519
think	5.503558	4.157774	5.408481
bed	5.2400675	3.387096	5.3917456
wind	5.0691648	4.1743903	4.9356737
bless	7.306444	4.0907416	6.296205
destroy	3.9229457	5.072939	4.7511973
author	5.541162	4.208356	5.349688
sustain	5.116624	3.9905689	5.64775
black	4.273998	4.429159	4.3535566
event	5.8665404	4.508519	5.007836
liberty	6.9051514	4.8122015	6.0946236
negro	4.364641	4.243153	4.4346647
little	5.0725803	4.195021	5.2083254
fortune	5.833535	4.162945	5.3520656
touch	5.5424733	3.759058	5.467022
kill	4.385687	5.0932856	4.7431684
feature	5.243263	3.850717	5.5520782
happiness	7.0623913	4.2227974	6.331746
assume	3.987039	3.6407819	4.9361067
notion	5.583991	3.9648023	5.4671745
purchase	6.17264	3.819999	6.353848
faithful	6.3377924	3.8220484	6.0278325
soldier	4.4313335	4.3640866	5.0023727
father	5.632702	3.9734006	5.196061
narrow	3.5581923	3.8181224	4.4746957
great	5.2736473	4.239984	5.151589
tear	3.8371587	4.013299	4.5282326
honorable	5.7058907	4.253047	5.929826
previous	4.555179	3.9521167	5.05649
good	6.02024	3.7832656	6.046226
domestic	5.314551	3.5492034	5.1370096
glory	6.785404	4.503104	6.081707
lay	4.627583	3.441282	5.556239
occasion	5.1319094	4.324803	5.1080365
guard	4.831621	3.901989	5.279361
whole	5.300709	3.8787527	5.2964025
mouth	5.0710087	4.204475	5.4850855
receive	6.3079042	3.7607315	6.0928116
take	5.509528	3.8990037	5.8501477
simple	6.0436273	3.7599738	5.8679547
error	3.4555008	4.424894	4.2277417
wisdom	6.2963233	4.1141624	6.071239
rock	5.30159	4.2784038	5.0685387
decide	5.063785	4.035803	5.576296
exclaim	5.6958337	4.6923633	5.61559
assure	6.8903055	3.9939613	6.5572066
sign	4.95717	3.4293456	5.3492856
preserve	6.06483	3.5587397	5.9498005
commerce	5.6774006	4.2411714	5.7086306
plant	4.829484	3.8504746	5.171119
walk	5.6050725	3.8078778	5.7692585
difference	4.9864526	4.165567	5.2035513
hang	4.729644	3.8529701	5.077986
following	6.7122765	3.531991	6.2122436
employ	4.8821774	3.9158974	6.162727
