deal	5.0165186	4.247395	5.179619
study	6.363966	4.0255437	6.6181097
afford	6.115162	3.9924273	5.754387
service	5.6261215	3.9197817	5.981662
height	5.114719	4.161047	5.1410747
prospect	6.917263	4.309766	6.120211
pleasant	6.802655	3.957025	6.105877
shade	5.1635633	3.6151695	5.2889233
listen	5.162502	4.332037	5.4537687
mighty	5.745555	4.4997096	5.573922
country	5.4827976	3.716189	5.3992825
title	6.4130254	3.7214673	6.083953
choose	5.3142834	3.585896	5.7744427
village	6.0918365	3.9051106	5.542166
acquire	6.488576	4.4331293	6.733588
rank	5.1374288	3.9677157	5.0867267
bow	5.9432	3.3380237	5.9153824
doctor	4.850191	3.928494	4.88725
talent	6.980955	4.5614305	6.7728586
source	5.8830686	4.2125483	5.665287
lead	5.0803685	4.114277	5.608585
question	5.479943	3.9097435	5.6341815
publish	5.4144983	4.1871424	5.7691283
interest	5.9219246	4.1316786	5.7034607
serve	5.0632963	3.4958673	5.6546574
divine	6.491618	3.9123256	5.7745185
put	5.5832853	3.9057608	5.6815467
shadow	4.9178867	3.4952278	5.147056
practical	5.6639566	3.84556	5.976841
surface	5.22943	3.1787596	4.901259
account	5.7007694	4.0100126	5.466621
loss	4.6771235	4.3403993	4.654236
indian	5.1059394	4.86662	5.3951397
vine	6.324915	3.6566088	5.735394
certain	4.9221215	4.5385633	5.3135104
sin	3.5639768	4.3131347	4.3312626
necessity	4.313746	4.1961837	4.7164035
lose	4.697656	4.448771	5.2422185
private	4.3824787	3.7186217	5.239973
gentleman	5.3756104	3.6706655	5.152462
daughter	5.5743747	4.237328	5.046629
drive	4.1282115	4.777971	4.6428146
strange	4.756457	5.031432	4.64723
journey	6.129287	3.7985117	5.826976
uncle	5.823228	3.7750213	5.904383
species	5.2952657	4.685828	5.1520243
think	5.375785	4.2024846	5.4896946
bed	5.4135346	3.3547704	5.4054823
wind	5.2079954	4.1104264	4.9729505
bless	7.3558655	4.0759315	6.467403
destroy	3.824081	4.9525466	4.6908755
author	5.50345	4.3788943	5.1426926
sustain	5.272115	3.9103262	5.662094
black	4.33762	4.500513	4.5957994
event	6.070772	4.599885	5.151305
liberty	6.8574476	4.858065	6.0311394
negro	4.3053007	4.472197	4.4653525
little	5.1031775	4.078547	4.988452
fortune	5.8611403	4.182129	5.309826
touch	5.673193	3.664194	5.4925294
kill	4.4874754	4.960078	4.8266597
feature	5.432108	3.860968	5.5347376
happiness	7.314705	4.1772943	6.4702463
assume	4.1532493	3.6721597	4.9851193
notion	5.687044	4.0237594	5.493097
purchase	6.219758	3.826357	6.411089
faithful	6.3228693	3.7399914	6.0189714
soldier	4.5173473	4.460705	4.951698
father	5.8918257	3.9483566	5.280947
narrow	3.4480045	3.7673817	4.3191037
great	5.347352	4.1913037	5.2841806
tear	3.940462	3.8019738	4.450605
honorable	5.535891	4.3398633	5.9142714
previous	4.533048	3.9148204	5.0334654
good	6.306161	3.8261948	6.2316904
domestic	5.0683784	3.7501574	4.8857074
glory	6.865445	4.4612565	6.1113462
lay	4.8001685	3.5093145	5.5856814
occasion	5.187743	4.203059	4.9591527
guard	4.7664404	3.999671	5.1754284
whole	5.2589045	4.0832806	5.2397866
mouth	5.0594716	4.144532	5.5228224
receive	6.251225	3.7098348	6.0653944
take	5.5178657	3.855551	5.6752634
simple	5.998293	3.6404538	5.8580174
error	3.5222073	4.397439	4.231104
wisdom	6.2691054	4.081216	6.179563
rock	5.5038843	4.344173	5.219379
decide	5.1903515	3.913218	5.6090293
exclaim	5.8497505	4.6993713	5.7569
assure	6.774911	4.128142	6.614522
sign	5.023326	3.4412918	5.2119207
preserve	5.918802	3.5756211	5.9491367
commerce	5.562927	4.43622	5.5256786
plant	4.9723167	3.6598892	5.288511
walk	5.6540737	3.8396087	5.9010725
difference	5.2713466	4.026694	5.296001
hang	4.864989	3.905835	5.1619043
following	6.561692	3.7017426	5.9898133
employ	4.89749	3.9932253	6.063409
