deal	4.8670144	4.214535	5.0371656
study	6.2173424	3.9031024	6.494775
afford	6.2565503	4.0782943	5.8204317
service	5.6427913	3.974534	5.842738
height	5.118715	4.320566	5.1573057
prospect	6.745871	4.322747	5.858441
pleasant	6.898441	3.9219136	6.092013
shade	5.162323	3.5738697	5.3323455
listen	5.298821	4.313773	5.5617056
mighty	5.7533264	4.335009	5.594751
country	5.3710213	3.7023098	5.4300165
title	6.2848516	3.6750894	6.002865
choose	5.527136	3.5273914	5.863298
village	6.058507	3.9917126	5.516565
acquire	6.446164	4.4095535	6.7309523
rank	5.222801	4.021118	5.1381145
bow	5.844995	3.4360561	5.7725906
doctor	4.895006	3.783782	5.0064645
talent	6.982517	4.5530267	6.696062
source	6.0278597	4.204745	5.6378255
lead	4.879205	3.99114	5.4710464
question	5.2395806	3.820061	5.5562944
publish	5.4171467	3.9504976	5.670564
interest	6.10832	3.999814	5.837664
serve	5.135657	3.457838	5.757069
divine	6.399634	4.013927	5.5755153
put	5.551509	3.8410583	5.675307
shadow	5.055374	3.3521636	5.1825366
practical	5.676549	3.9531686	6.0130434
surface	5.1658297	3.14008	4.909898
account	5.6822596	4.013071	5.5603027
loss	4.3639755	4.408628	4.4184003
indian	4.904868	4.8509836	5.324483
vine	6.0947413	3.7508678	5.742342
certain	4.9219127	4.5857434	5.317838
sin	3.5563397	4.3765793	4.3166623
necessity	4.3058414	4.2078934	4.6866264
lose	4.7739334	4.5627174	5.2302556
private	4.2823296	3.5763996	5.149968
gentleman	5.55948	3.5001974	5.2439637
daughter	5.4764957	4.1934586	5.1067114
drive	4.092874	4.652358	4.7408733
strange	4.6615143	4.859691	4.5209045
journey	6.030801	3.657127	5.782282
uncle	5.7587147	4.0514917	5.867805
species	5.508384	4.530026	5.1770434
think	5.4980054	4.162671	5.5466475
bed	5.4042516	3.2966871	5.403543
wind	5.069734	4.0420094	4.8587146
bless	7.2919645	4.2175894	6.32169
destroy	3.8947256	4.991959	4.7408752
author	5.63045	4.224106	5.231654
sustain	5.143007	3.9482975	5.5588727
black	4.4843388	4.544126	4.4981956
event	5.779154	4.367461	4.99549
liberty	6.9826984	4.888466	6.1727777
negro	4.2751927	4.312065	4.5146427
little	5.1133094	4.1441994	4.976409
fortune	5.8347545	4.254004	5.3351855
touch	5.568044	3.7238615	5.550063
kill	4.3427725	5.091662	4.7768946
feature	5.2744064	3.791046	5.535989
happiness	7.2479315	4.4366446	6.4798594
assume	4.0866294	3.6406512	5.0057244
notion	5.8570085	3.9026542	5.5724163
purchase	6.15983	3.7908242	6.338596
faithful	6.262094	3.6594374	6.007928
soldier	4.4062343	4.3987727	4.8812947
father	5.4394717	4.079882	5.1174073
narrow	3.5200887	3.7545533	4.27644
great	5.2630663	4.3600097	5.1855516
tear	3.902136	3.9344726	4.5440807
honorable	5.663043	4.301509	5.917823
previous	4.6212945	3.8777983	5.10867
good	6.150692	3.7107732	6.1835575
domestic	5.1185837	3.7337966	4.9836707
glory	6.829463	4.462306	6.09226
lay	4.787697	3.4864295	5.4401064
occasion	5.173139	4.224673	5.0108843
guard	5.0243807	3.8258011	5.352162
whole	5.2439957	4.0866413	5.262555
mouth	5.0597963	4.070176	5.4468317
receive	6.1733274	3.8081408	5.9596825
take	5.3835254	3.7563157	5.688505
simple	6.027117	3.7532156	5.963621
error	3.5928874	4.460214	4.272569
wisdom	6.2355795	4.12141	6.0691805
rock	5.4162097	4.1840324	5.1684637
decide	5.0582333	4.0356574	5.5466805
exclaim	5.8461456	4.7509	5.587982
assure	6.7233973	4.1437297	6.4251285
sign	4.9859943	3.4546137	5.204274
preserve	5.901208	3.4272504	5.9247875
commerce	5.528814	4.288461	5.544574
plant	4.7857995	3.7965603	5.219607
walk	5.808709	3.6633506	5.977086
difference	5.116107	4.0236125	5.186304
hang	4.7922053	3.9267344	5.008347
following	6.6238484	3.480596	6.068445
employ	5.0142574	4.0856915	6.2313633
