deal	4.968271	4.3967333	5.277079
study	6.131495	4.025314	6.3244486
afford	6.1710796	4.0850654	5.6363544
service	5.518511	3.9806333	5.9478855
height	5.196772	4.2736015	5.1107116
prospect	6.697818	4.2591796	5.9622383
pleasant	6.8879976	4.0604105	6.154481
shade	5.05371	3.5613284	5.2847757
listen	5.199039	4.076399	5.506217
mighty	5.69168	4.4922757	5.6917305
country	5.340232	3.4867492	5.5456743
title	6.325614	3.8102496	5.905632
choose	5.216738	3.558084	5.804169
village	6.090568	4.146748	5.5210967
acquire	6.5321302	4.5705023	6.689767
rank	5.039185	4.1054697	5.286993
bow	6.0002527	3.4688506	5.9435344
doctor	4.9461517	4.072651	4.9687276
talent	6.813926	4.6450887	6.6767664
source	6.0932083	4.1420803	5.505316
lead	4.9910455	4.007837	5.61799
question	5.320068	3.5740838	5.657714
publish	5.308592	4.2415605	5.56742
interest	5.8617387	3.870113	5.723873
serve	5.1920233	3.34612	5.5658317
divine	6.510842	3.9643216	5.803296
put	5.568908	4.009534	5.841648
shadow	4.8530426	3.290905	5.0299983
practical	5.561056	3.931969	5.925743
surface	5.2438726	3.2504258	4.8824472
account	5.617831	3.9433854	5.56886
loss	4.3123736	4.497118	4.5228457
indian	5.0227537	4.844297	5.2840548
vine	6.176318	3.7613492	5.7608123
certain	4.971569	4.5330405	5.372491
sin	3.5150633	4.3155594	4.2819743
necessity	4.261545	4.2712684	4.675067
lose	4.830634	4.72583	5.1879454
private	4.450298	3.5889173	5.3367157
gentleman	5.7902093	3.610526	5.5565367
daughter	5.475832	4.295331	5.0076103
drive	4.084211	4.6641083	4.709404
strange	4.601953	4.896558	4.5482955
journey	6.2101746	3.6805167	5.822922
uncle	6.174455	3.6713922	6.1331577
species	5.3179	4.603406	5.1476555
think	5.5271807	4.17943	5.4885964
bed	5.309215	3.3294277	5.365196
wind	5.1351113	4.0566435	4.9546585
bless	7.252459	4.1311464	6.337447
destroy	3.7856328	5.1227093	4.6848526
author	5.699427	4.317064	5.312465
sustain	5.0750117	4.0196905	5.733187
black	4.369274	4.3121247	4.51193
event	5.926695	4.2919526	5.1535788
liberty	6.858095	4.8401537	6.0301948
negro	4.364845	4.2837987	4.696962
little	4.9132004	4.0911036	4.9926596
fortune	5.928941	4.310469	5.447171
touch	5.704727	3.7492027	5.581843
kill	4.4046974	5.1008244	4.8309097
feature	5.325833	3.8203187	5.4908423
happiness	7.257415	4.3745193	6.5433187
assume	4.1186986	3.80702	5.119674
notion	5.696763	4.0888906	5.461113
purchase	5.9933624	3.7506385	6.2880044
faithful	6.261216	3.5587852	6.0814843
soldier	4.617212	4.3483167	5.168179
father	5.765697	4.1346693	5.356188
narrow	3.5859275	3.8883502	4.466898
great	5.173046	4.183799	5.379664
tear	4.016294	4.097551	4.4901915
honorable	5.6416597	4.1950035	6.0366964
previous	4.419882	3.8615227	4.939105
good	6.2351465	3.7723498	6.1417065
domestic	5.002227	3.5710406	4.9891148
glory	6.719938	4.4035034	6.0519595
lay	4.6658936	3.305286	5.5722523
occasion	5.12678	4.2850804	5.0585523
guard	4.837244	3.9268212	5.1265316
whole	5.1269865	3.9363122	5.1560087
mouth	5.219449	4.0465007	5.4861975
receive	6.3450766	3.810717	6.159197
take	5.1290836	3.8460927	5.547368
simple	5.9271073	3.7313316	5.9027863
error	3.4083958	4.387892	4.178208
wisdom	6.484027	4.1776853	6.3105183
rock	5.55702	4.303468	5.1924148
decide	4.9955935	3.916231	5.6183677
exclaim	5.7136292	4.782931	5.6989017
assure	6.8448896	4.1180286	6.5395136
sign	5.096073	3.562063	5.2528105
preserve	5.8203616	3.5385554	5.9103284
commerce	5.4376965	4.2349706	5.5624757
plant	4.8290825	3.709254	5.1879063
walk	5.646207	3.72928	5.8632503
difference	5.0828	4.0191007	5.226297
hang	4.683217	3.8684466	5.012929
following	6.6435127	3.410531	6.0566335
employ	4.928293	3.8687034	6.0485506
