deal	5.02187	4.163733	5.1904716
study	6.117633	3.9501579	6.3887577
afford	6.3292317	3.9514792	5.715786
service	5.5900736	4.0457263	5.8944454
height	5.1516075	4.1907907	5.1130056
prospect	6.7785826	4.416996	6.0735855
pleasant	6.7892203	3.9752188	6.097846
shade	5.103466	3.7522545	5.301296
listen	5.4055777	4.1450396	5.584123
mighty	5.6705847	4.451849	5.6514063
country	5.572312	3.6847339	5.619599
title	6.1073747	3.6028907	5.844692
choose	5.4915614	3.6594753	5.887038
village	6.0528374	3.9690812	5.532145
acquire	6.5000486	4.5028296	6.708
rank	5.1239605	4.0372405	5.141391
bow	5.8020077	3.4312167	5.7993193
doctor	5.021086	3.855928	4.971079
talent	6.918561	4.599676	6.7005887
source	6.0262766	4.2277656	5.5338993
lead	4.811365	4.021882	5.4944124
question	5.325768	3.9236016	5.5419846
publish	5.3520756	3.9343047	5.7407746
interest	5.9110384	3.9488752	5.6722946
serve	5.065916	3.4722822	5.565888
divine	6.446982	3.9275854	5.63839
put	5.5025826	3.9186366	5.6514516
shadow	4.857792	3.4261677	5.09199
practical	5.623021	4.0363884	6.0017915
surface	5.303614	3.172637	5.016084
account	5.7555428	3.8874607	5.6821756
loss	4.4879904	4.410951	4.6041646
indian	5.032808	4.796527	5.3934984
vine	6.374713	3.7495441	5.7412577
certain	4.958993	4.442013	5.3653007
sin	3.5564907	4.345342	4.289736
necessity	4.1612954	4.33269	4.695782
lose	4.5418363	4.566523	5.008623
private	4.578683	3.6915357	5.3121862
gentleman	5.6819744	3.578759	5.419979
daughter	5.543791	4.2103662	4.991362
drive	4.1595736	4.8186307	4.684398
strange	4.5624957	4.8197126	4.53045
journey	5.9787207	3.8508787	5.814338
uncle	5.9917326	4.0388184	5.9509125
species	5.363357	4.520715	5.1495113
think	5.672986	4.187728	5.616616
bed	5.3315244	3.268969	5.3667974
wind	5.072216	3.975629	4.8853426
bless	7.292751	3.963169	6.3947563
destroy	3.9320493	4.881549	4.7929034
author	5.4667816	4.1516433	5.1571345
sustain	5.129657	3.902476	5.681239
black	4.6425624	4.5497904	4.658679
event	6.06701	4.4909344	5.1568384
liberty	6.9501443	4.8840427	6.260561
negro	4.5502396	4.375284	4.7031093
little	4.969281	3.95494	5.0176854
fortune	5.8679023	4.2585607	5.4522734
touch	5.7520027	3.5321372	5.60995
kill	4.596601	5.0933285	4.7921367
feature	5.3404975	3.7442546	5.4986978
happiness	7.252823	4.3564725	6.501013
assume	4.3213606	3.7117462	5.1569815
notion	5.649618	3.9723966	5.445032
purchase	6.1258135	3.8061104	6.4847307
faithful	6.25247	3.6734889	5.949031
soldier	4.5250816	4.421121	5.0188284
father	5.6046257	4.0608006	5.0980144
narrow	3.4901588	3.889752	4.3849154
great	4.992431	4.24028	5.118031
tear	3.9012737	4.09954	4.384714
honorable	5.5073695	4.319415	5.955348
previous	4.4215097	3.8700519	4.957593
good	6.2349725	3.659274	6.260198
domestic	5.151832	3.753761	4.9315834
glory	6.781899	4.5315604	6.0590663
lay	4.7542973	3.2544653	5.5561714
occasion	5.0665784	4.1660933	5.0348096
guard	4.9167147	3.7957606	5.2272534
whole	5.321334	3.9011948	5.244422
mouth	5.2488174	4.01369	5.4870872
receive	6.339626	3.6724946	6.1049786
take	5.158334	3.8087258	5.604844
simple	6.2187123	3.7335107	6.006488
error	3.5042076	4.283684	4.0585957
wisdom	6.142432	4.144347	6.0090046
rock	5.363299	4.1721983	5.1901736
decide	4.981222	3.9554267	5.574697
exclaim	5.852354	4.726712	5.775822
assure	6.7223544	3.9721606	6.475148
sign	4.983846	3.4508314	5.141193
preserve	6.026496	3.5272498	5.9392586
commerce	5.636343	4.367098	5.6056848
plant	4.977457	3.801646	5.1062346
walk	5.5880737	3.7552443	5.7572823
difference	5.100039	3.9667373	5.2298894
hang	4.641145	3.7888331	5.0567026
following	6.6623173	3.4978414	6.0073066
employ	4.970498	3.9504497	6.0573874
