deal	5.05892	4.358018	5.071725
study	6.243328	3.9489832	6.530226
afford	6.1640825	3.8484702	5.747983
service	5.6233916	3.9638548	5.987496
height	5.204427	4.364392	5.0968113
prospect	6.743508	4.289958	5.9979935
pleasant	6.928704	3.9186368	6.1202435
shade	5.061757	3.655058	5.290935
listen	5.172652	4.2517557	5.3796086
mighty	5.6572394	4.426544	5.5072045
country	5.3255444	3.604816	5.412081
title	6.3003483	3.8573573	6.0394754
choose	5.209437	3.590752	5.644843
village	6.0189686	4.1407824	5.5520353
acquire	6.5750823	4.4743423	6.794485
rank	5.162572	3.969486	5.0731416
bow	5.8788714	3.3896341	5.931617
doctor	4.869992	3.900926	4.9136963
talent	6.8676157	4.5440764	6.5825343
source	5.845812	4.140826	5.5607743
lead	4.904688	3.9444213	5.4368095
question	5.2541175	4.06642	5.5951796
publish	5.5653086	4.1337476	5.849352
interest	5.776586	4.1691284	5.5978937
serve	5.0845556	3.2339215	5.5745816
divine	6.2807827	3.85608	5.514572
put	5.383865	3.8146684	5.5760064
shadow	4.9379406	3.4827983	5.1480355
practical	5.6167088	3.9028633	5.9818006
surface	5.155986	3.1935558	4.908392
account	5.455196	4.128758	5.450464
loss	4.608037	4.5619483	4.648496
indian	4.9390078	4.9472127	5.344372
vine	6.280857	3.7043858	5.811751
certain	4.9351	4.436898	5.391386
sin	3.5202136	4.195702	4.2734065
necessity	4.19906	4.2845325	4.6748466
lose	4.7499638	4.6118364	5.3479285
private	4.5235367	3.6085107	5.348527
gentleman	5.562247	3.5429444	5.341877
daughter	5.456002	4.2330704	4.8703756
drive	4.1091213	4.6859307	4.518372
strange	4.535267	4.9656396	4.4558954
journey	6.163225	3.839592	5.834746
uncle	5.791303	3.7259097	5.9361863
species	5.121079	4.4710107	5.0036554
think	5.5481505	4.298989	5.6043825
bed	5.199477	3.2886415	5.282863
wind	5.192834	4.0348406	4.8675203
bless	7.184347	3.935337	6.2057962
destroy	3.8424177	5.032155	4.7171893
author	5.5525837	4.317061	5.329508
sustain	5.1475463	3.9481442	5.629556
black	4.6142893	4.5678554	4.6989284
event	5.8743315	4.4793606	5.1232505
liberty	7.1508946	4.873274	6.320675
negro	4.4587765	4.42903	4.57054
little	4.8767543	4.05937	4.8417983
fortune	5.9508862	4.3104105	5.509874
touch	5.5811977	3.6723046	5.5902987
kill	4.5754457	5.1520247	4.867673
feature	5.1900306	3.8228602	5.350113
happiness	7.293706	4.2910914	6.518058
assume	4.256154	3.8237567	5.038986
notion	5.742801	4.0532937	5.511151
purchase	6.1818485	3.8157213	6.354977
faithful	6.2972646	3.6865141	5.974887
soldier	4.6017995	4.50404	5.1231565
father	5.5246787	4.081499	5.0190787
narrow	3.772794	3.7069817	4.5961947
great	5.2792473	4.277639	5.152119
tear	3.9533985	3.9579945	4.4908934
honorable	5.60801	4.191338	5.947005
previous	4.466959	3.9968941	5.0401454
good	6.235328	3.5878084	6.2303324
domestic	5.0408864	3.7274337	4.910331
glory	6.668593	4.4826384	6.027369
lay	4.682199	3.3775482	5.5941997
occasion	5.004129	4.221506	5.023828
guard	5.024895	3.8743155	5.3658495
whole	5.290546	4.0680933	5.227807
mouth	4.998123	4.0272985	5.475313
receive	6.426323	3.7087636	6.182832
take	5.1824703	3.7194543	5.65567
simple	6.1117516	3.7566729	5.8920765
error	3.3732314	4.41079	4.1057963
wisdom	6.3308535	4.0814195	6.1980963
rock	5.3877053	4.3287053	5.1209455
decide	4.9722414	4.0593567	5.5929837
exclaim	5.6914253	4.7303014	5.539831
assure	6.8145547	4.0263863	6.597297
sign	5.0218754	3.3164837	5.410804
preserve	6.077808	3.489038	5.969138
commerce	5.410285	4.321614	5.4674397
plant	4.962677	3.7994556	5.1070614
walk	5.7380443	3.8375487	5.9089355
difference	5.089876	4.003096	5.2254453
hang	4.8187995	3.8503315	5.072817
following	6.668041	3.563561	6.2031913
employ	4.7647676	3.8943014	5.9883585
