deal	5.0889616	4.414984	5.149678
study	6.0538177	3.938295	6.313916
afford	6.214923	3.95923	5.7815485
service	5.5996537	4.0070167	5.9015265
height	5.003543	4.224471	5.044347
prospect	6.8780365	4.25669	6.0422087
pleasant	6.769587	3.9732976	6.0272207
shade	5.001117	3.6692846	5.2700005
listen	5.252516	4.2367206	5.4973826
mighty	5.754222	4.4274826	5.7183256
country	5.587451	3.718466	5.6310334
title	6.433817	3.7698255	6.0491886
choose	5.262648	3.6348379	5.7759123
village	5.8734274	3.9530313	5.37171
acquire	6.376696	4.583915	6.449292
rank	5.1134133	3.9924278	5.1231127
bow	5.85437	3.3480806	5.8605747
doctor	5.0032935	3.781788	4.9065456
talent	6.9931774	4.4780617	6.7204647
source	5.9401917	4.2936306	5.5570817
lead	4.9322953	3.9151802	5.5394382
question	5.3896327	3.9807427	5.751445
publish	5.4780207	4.154507	5.734271
interest	5.7642612	3.9340591	5.7213507
serve	5.0836396	3.4666753	5.6163974
divine	6.644772	3.989385	5.7260957
put	5.62704	3.8119721	5.861767
shadow	4.7871723	3.5937326	5.090435
practical	5.4306464	4.01832	5.8356457
surface	5.093848	3.214339	4.907631
account	5.6871657	3.9380403	5.529423
loss	4.2695675	4.384671	4.3941393
indian	4.9222627	5.0374894	5.2306037
vine	6.0733595	3.773665	5.7492533
certain	5.0383368	4.445262	5.4195013
sin	3.4523916	4.2997007	4.2286654
necessity	4.3382387	4.1920357	4.6903386
lose	4.7554784	4.570099	5.1826744
private	4.4244275	3.7414546	5.2363153
gentleman	5.8378468	3.4984093	5.5024357
daughter	5.4673424	4.3434963	5.0558767
drive	4.2281218	4.5955157	4.7827578
strange	4.570097	4.804374	4.586879
journey	6.018696	3.8349497	5.774483
uncle	6.085783	3.8015075	6.040497
species	5.3041654	4.4351273	5.1528
think	5.4116206	4.240055	5.5653095
bed	5.202341	3.4120936	5.274338
wind	5.073427	4.0975814	4.8618455
bless	7.3458357	4.0430694	6.475879
destroy	3.878584	4.9365	4.754151
author	5.6952133	4.304248	5.2768936
sustain	5.075095	3.9386902	5.546889
black	4.4815025	4.73229	4.5897694
event	5.9801717	4.3831754	5.121804
liberty	6.966514	4.7389507	6.227606
negro	4.56547	4.292566	4.6912766
little	5.119483	4.1406426	4.9473343
fortune	5.9865546	4.2296066	5.4573145
touch	5.609946	3.685618	5.5392194
kill	4.3825645	5.123225	4.81431
feature	5.2488604	3.9518578	5.4551163
happiness	7.2759824	4.273183	6.5115805
assume	4.0706253	3.9746132	5.073366
notion	5.710263	4.017302	5.5141478
purchase	6.227806	3.7617095	6.332346
faithful	6.2898855	3.7464437	6.1056905
soldier	4.467968	4.399646	4.9432397
father	5.7573934	4.021129	5.155636
narrow	3.4567127	3.909768	4.2550926
great	5.2351217	4.066544	5.1596584
tear	3.9197369	3.9560976	4.4918923
honorable	5.5090995	4.196855	5.859462
previous	4.4666853	4.089084	4.9917974
good	6.1739645	3.651014	6.120185
domestic	5.0719547	3.8227751	5.03947
glory	6.832796	4.476808	6.0946064
lay	4.767046	3.368605	5.5730176
occasion	5.1744795	4.1373706	4.9848924
guard	4.993294	3.8732457	5.371987
whole	5.2443647	4.0565467	5.2649994
mouth	5.1466336	4.1648526	5.5297785
receive	6.2022023	3.650464	6.08513
take	5.30446	3.7880168	5.8485885
simple	5.8612814	3.8566067	5.8689055
error	3.4671593	4.460064	4.183082
wisdom	6.08907	4.1269484	5.9738655
rock	5.3974476	4.1357055	5.0974636
decide	5.1352115	4.0152316	5.6345778
exclaim	5.809866	4.7513175	5.7302284
assure	6.7525015	4.070922	6.6346254
sign	5.1546736	3.504015	5.265483
preserve	5.8259277	3.4766788	5.912807
commerce	5.501849	4.343177	5.4875655
plant	4.676017	3.726782	5.223932
walk	5.7509108	3.7565496	5.863351
difference	5.252839	3.9609046	5.2582526
hang	4.6823826	3.7925322	4.9968057
following	6.540969	3.5999408	6.0812464
employ	4.834412	3.8549476	6.0346727
