deal	4.986445	4.331179	5.1726894
study	6.288729	3.9512148	6.433634
afford	6.1624403	4.013158	5.684018
service	5.656017	3.9669025	5.957451
height	5.2194195	4.2913246	5.204057
prospect	6.830271	4.4783278	6.161767
pleasant	6.8052425	3.9812765	6.1414595
shade	5.104202	3.5705233	5.183893
listen	5.2596908	4.2177815	5.5895996
mighty	5.7962046	4.3601055	5.5753646
country	5.3871965	3.6258314	5.547527
title	6.44525	3.8777652	6.0900726
choose	5.250258	3.5426302	5.784696
village	5.976348	4.0124226	5.4940395
acquire	6.642339	4.613495	6.727915
rank	5.059519	4.009234	5.069106
bow	5.8012934	3.4789286	5.8112288
doctor	4.8720026	3.7610426	4.903218
talent	7.0317817	4.649257	6.7483177
source	5.968588	4.2629776	5.6677866
lead	4.9442196	3.922563	5.4968934
question	5.3425264	3.7800565	5.5508404
publish	5.504838	4.215745	5.9007688
interest	6.0787325	3.9878724	5.8716574
serve	5.166113	3.186304	5.598177
divine	6.4638143	3.9065294	5.6522593
put	5.5768895	3.7932124	5.7279816
shadow	5.06994	3.4175913	5.1762276
practical	5.695916	3.9686556	6.02605
surface	5.144862	3.217136	4.905306
account	5.559441	3.9177566	5.4541836
loss	4.5279965	4.4712324	4.6495523
indian	5.1092067	4.888309	5.335915
vine	6.127984	3.7952864	5.7306533
certain	4.9817214	4.482958	5.3836656
sin	3.641861	4.315877	4.3072815
necessity	4.362818	4.29497	4.7084665
lose	4.8331294	4.70034	5.2207108
private	4.418425	3.6241727	5.259805
gentleman	5.525782	3.5546637	5.3440356
daughter	5.4321394	4.3378577	5.0627103
drive	4.124525	4.710344	4.723794
strange	4.7211103	4.859754	4.5743794
journey	6.1219754	3.7842696	5.8591413
uncle	5.683534	3.805204	5.9716263
species	5.468848	4.418779	5.197173
think	5.6271076	4.2109394	5.5164285
bed	5.439057	3.362911	5.465488
wind	5.1792765	4.097432	5.018657
bless	7.2287817	4.0312285	6.385132
destroy	3.8925102	5.0155683	4.8123946
author	5.4570384	4.155299	5.246947
sustain	5.1793447	3.8562348	5.6993227
black	4.3492293	4.5677404	4.535446
event	5.817086	4.3989573	5.039652
liberty	7.0204353	4.876149	6.2059784
negro	4.22761	4.2673287	4.4474807
little	5.1606793	4.123371	5.0838723
fortune	5.858572	4.1766663	5.413168
touch	5.601762	3.6892948	5.4780087
kill	4.3948717	5.117991	4.719703
feature	5.2828903	3.8754108	5.448543
happiness	7.242555	4.3277426	6.5596385
assume	4.188461	3.7468557	4.978958
notion	5.7247305	4.030656	5.494921
purchase	6.246455	3.6719456	6.419686
faithful	6.2007837	3.5764427	6.0643597
soldier	4.3577585	4.3767962	4.875676
father	5.761299	4.0155945	5.3412576
narrow	3.6811976	3.725848	4.4587717
great	5.2979064	4.170441	5.203481
tear	4.016668	3.9152691	4.53101
honorable	5.60356	4.355243	5.885599
previous	4.5083017	3.9463348	5.007553
good	6.034237	3.7545402	6.0819488
domestic	4.869189	3.7114255	4.963651
glory	6.8497634	4.5291567	6.050756
lay	4.8474965	3.4028697	5.6735177
occasion	5.0971794	4.276487	5.135586
guard	4.8376384	3.706695	5.283399
whole	5.17216	4.039653	5.1043034
mouth	5.1284323	4.1090484	5.503121
receive	6.360181	3.78447	6.09736
take	5.4258213	3.5992937	5.6609864
simple	6.0069985	3.670236	5.800088
error	3.4289823	4.4719234	4.1767445
wisdom	6.4042487	4.1517787	6.221245
rock	5.645242	4.1749635	5.330832
decide	5.1101117	4.0614057	5.6156406
exclaim	5.7614317	4.7747865	5.672451
assure	6.907276	4.139476	6.55172
sign	4.9742126	3.5312197	5.2173166
preserve	5.893491	3.575293	5.8692207
commerce	5.429328	4.3634896	5.52021
plant	4.9563875	3.8174813	5.279683
walk	5.6422863	3.7481163	5.840115
difference	5.2856727	4.071798	5.303869
hang	4.7292094	3.8223054	5.1398916
following	6.4861784	3.5339656	5.997596
employ	4.8366218	3.9682722	6.065744
