deal	4.984494	4.214105	5.0673456
study	6.0745726	3.9694536	6.37225
afford	6.1583576	3.9969172	5.6574244
service	5.563014	3.9530916	5.927868
height	5.0466676	4.245727	5.048593
prospect	6.755262	4.4627867	5.996985
pleasant	6.8304873	3.9405472	6.096251
shade	5.030074	3.7266521	5.2567534
listen	5.3582754	4.1836286	5.614117
mighty	5.7169223	4.5057	5.548947
country	5.486752	3.548576	5.60415
title	6.3679914	3.6745758	5.9518466
choose	5.3221297	3.71875	5.8124733
village	6.063061	4.0053735	5.5830464
acquire	6.517416	4.3845735	6.6323156
rank	5.1733947	4.0428057	5.2513857
bow	5.9509716	3.4838767	5.974638
doctor	4.88856	3.8444703	4.96807
talent	6.9106607	4.5594983	6.692244
source	5.977024	4.2622294	5.510486
lead	4.9404373	4.0511923	5.5723495
question	5.3049192	3.8249228	5.555624
publish	5.466253	3.994424	5.704758
interest	5.913481	3.9546618	5.7267985
serve	5.0347733	3.3883839	5.6678305
divine	6.4203606	4.102696	5.7094383
put	5.772581	3.9261267	5.7982826
shadow	4.825772	3.536828	5.1104035
practical	5.733483	3.8416781	6.040248
surface	5.157312	3.1736755	4.941519
account	5.4496098	4.0154533	5.4660025
loss	4.353811	4.6326256	4.4895425
indian	4.9586906	4.7952857	5.22552
vine	6.27387	3.6072426	5.805492
certain	4.9533987	4.511482	5.4018793
sin	3.465354	4.425901	4.2437525
necessity	4.248494	4.4155393	4.7690434
lose	4.520577	4.6487727	4.9788
private	4.4225125	3.749861	5.204885
gentleman	5.9193625	3.482038	5.5618935
daughter	5.352023	4.235792	4.969731
drive	4.2117395	4.708582	4.7039294
strange	4.64414	4.731146	4.589457
journey	6.038904	3.6363363	5.836732
uncle	5.717233	3.8827198	5.946245
species	5.3822703	4.4626536	5.1620617
think	5.372154	4.1923075	5.535157
bed	5.3355207	3.3430479	5.4865446
wind	5.1215205	3.9910684	4.8869877
bless	7.1468287	4.140059	6.296792
destroy	3.8892016	5.059458	4.7121897
author	5.5087056	4.229113	5.233534
sustain	5.2162623	4.00391	5.819244
black	4.1810303	4.572587	4.44494
event	5.951028	4.3482795	4.993193
liberty	6.9155054	4.898387	6.030742
negro	4.3439465	4.330134	4.5732737
little	4.829028	4.1476235	4.95614
fortune	5.995284	4.2952123	5.527543
touch	5.5661793	3.7657588	5.45866
kill	4.530098	5.0492973	4.817101
feature	5.302254	3.8482301	5.431745
happiness	7.2664948	4.4198575	6.6443205
assume	4.023532	3.7689326	4.904239
notion	5.488879	4.0702696	5.466224
purchase	6.3146896	3.7856407	6.448975
faithful	6.393264	3.6993196	6.0626316
soldier	4.500805	4.495474	4.975071
father	5.8278036	3.9424589	5.33357
narrow	3.4748547	3.9443135	4.349351
great	5.3414664	3.9868462	5.1767755
tear	3.7018094	4.0738316	4.4116936
honorable	5.6461945	4.256911	5.9583197
previous	4.40941	3.9321942	5.011638
good	6.0610037	3.7430706	6.011178
domestic	5.12747	3.797206	5.0753665
glory	6.9019346	4.4680924	6.1281843
lay	4.787461	3.3429124	5.483988
occasion	5.2008386	4.255665	5.275435
guard	4.7620797	3.981419	5.25478
whole	5.1996684	4.094413	5.099759
mouth	5.3015614	4.191165	5.526078
receive	6.3948026	3.752469	6.0894465
take	5.424626	3.8299572	5.687601
simple	5.9307175	3.7515855	5.7565293
error	3.3195906	4.392461	4.1270933
wisdom	6.252882	4.0345645	6.1592846
rock	5.419778	4.294144	5.1278577
decide	5.0738206	3.9816387	5.584712
exclaim	5.718782	4.875221	5.649684
assure	6.714395	4.11103	6.464739
sign	4.99729	3.5761063	5.185724
preserve	5.8450828	3.4392142	5.8891807
commerce	5.6782064	4.3035874	5.5963316
plant	4.8129	3.5821905	5.223351
walk	5.775819	3.7895842	5.9049783
difference	5.073879	4.1614313	5.2166996
hang	4.7612605	3.8865771	5.1192274
following	6.471396	3.5759945	5.8794174
employ	4.8580875	3.9672935	6.048572
