deal	4.8666654	4.293125	5.114681
study	6.017392	3.8508835	6.3485312
afford	6.125704	4.0163503	5.764245
service	5.5116806	3.794489	5.9611535
height	5.2679377	4.413895	5.175541
prospect	6.78554	4.261221	5.9569125
pleasant	6.84074	4.002029	5.9974384
shade	5.0059867	3.5340147	5.166976
listen	5.284486	4.2360086	5.584538
mighty	5.822194	4.442626	5.5208316
country	5.547927	3.5945973	5.5373473
title	6.4634085	3.76507	6.199894
choose	5.2480984	3.496533	5.6894684
village	5.9035096	3.9022079	5.4344864
acquire	6.583138	4.5325203	6.7723384
rank	5.193362	4.0790534	5.1491413
bow	5.8971505	3.394116	5.7858615
doctor	4.972818	3.943386	4.8773184
talent	6.890765	4.560319	6.6177063
source	5.8272953	4.2522526	5.629737
lead	5.088662	4.073505	5.666707
question	5.1892066	3.946496	5.539053
publish	5.362459	4.095769	5.7027516
interest	5.73608	3.938075	5.82292
serve	5.1231947	3.2862415	5.7396264
divine	6.3732224	3.9910212	5.6410995
put	5.5864964	3.8933191	5.533958
shadow	4.890524	3.3671756	5.063892
practical	5.659013	3.9758153	5.9786963
surface	5.18677	3.2099688	4.953876
account	5.658942	4.1050415	5.5888033
loss	4.3710804	4.3725753	4.5516562
indian	4.948981	4.885204	5.3751965
vine	6.2079625	3.727466	5.8052363
certain	4.838186	4.510006	5.3652945
sin	3.369729	4.1545305	4.098231
necessity	4.2363305	4.3041863	4.7497697
lose	4.7675695	4.528273	5.1271687
private	4.4351797	3.6670341	5.30836
gentleman	5.639853	3.5872943	5.258332
daughter	5.4264083	4.2026453	5.011256
drive	4.102175	4.73313	4.708247
strange	4.6585007	4.8548713	4.5703382
journey	6.1090565	3.7215836	5.782409
uncle	5.889638	4.0704584	5.9204006
species	5.3307085	4.6670747	5.0862484
think	5.5232944	4.3490868	5.4649205
bed	5.431076	3.2744815	5.3124967
wind	5.075493	4.14516	4.9381113
bless	7.2708244	4.047386	6.3121786
destroy	3.9788833	4.984109	4.7152915
author	5.529793	4.2032866	5.203294
sustain	5.1660657	4.0695496	5.6764073
black	4.4811015	4.4365788	4.5854316
event	5.9636126	4.200206	5.126338
liberty	6.9481688	4.9193625	6.215845
negro	4.361349	4.34789	4.4111643
little	5.1328654	4.050156	5.1372676
fortune	5.9073105	4.2660275	5.511081
touch	5.590622	3.6881664	5.592358
kill	4.3186936	5.060199	4.7375326
feature	5.376382	3.7884517	5.4831533
happiness	7.197728	4.2946787	6.515476
assume	4.2442703	3.7019668	5.0277386
notion	5.734764	3.9626594	5.4679413
purchase	6.2395725	3.8984368	6.3417854
faithful	6.25467	3.6418023	6.0729513
soldier	4.54776	4.404622	5.041068
father	5.633762	4.067187	5.2056985
narrow	3.570104	3.8348765	4.375128
great	5.110635	4.0214562	5.095347
tear	3.9930463	3.9020925	4.5360622
honorable	5.6471467	4.261901	5.8852453
previous	4.489458	3.8557932	4.9470406
good	6.077799	3.598607	6.135126
domestic	5.288516	3.6378708	5.0977817
glory	6.8542333	4.356428	5.9948187
lay	4.9471493	3.3139997	5.5491524
occasion	5.1950617	4.2373815	5.0378737
guard	4.7661486	3.9592578	5.3202314
whole	5.058659	3.9818778	5.0924125
mouth	5.2287703	4.127123	5.483097
receive	6.285567	3.8061152	6.055504
take	5.253757	3.6036234	5.71042
simple	5.931196	3.699743	5.8449183
error	3.4904935	4.2954473	4.2223115
wisdom	6.143299	4.0975947	6.0109787
rock	5.5033226	4.3243375	5.1330338
decide	4.9190407	4.0328097	5.522514
exclaim	5.666316	4.894326	5.558964
assure	6.824362	4.0024858	6.537073
sign	4.939722	3.4885905	5.286014
preserve	5.962453	3.4433656	5.876278
commerce	5.683815	4.369611	5.6405473
plant	4.782877	3.7478607	5.073848
walk	5.6568737	3.8275034	5.83153
difference	5.136802	4.1099577	5.3007956
hang	4.6817775	3.8530917	5.1092267
following	6.6486864	3.544173	6.03444
employ	4.9252872	3.9640114	6.1166306
