deal	4.8863964	4.3988805	5.2696085
study	6.237058	3.853994	6.484036
afford	6.2254915	3.999936	5.6399684
service	5.590473	3.900713	5.87884
height	5.1283855	4.291845	5.1079364
prospect	6.718771	4.244769	5.887108
pleasant	6.897142	3.9719195	6.115082
shade	5.035142	3.5174522	5.1980968
listen	5.268327	4.2387266	5.5386257
mighty	5.6111975	4.5124655	5.5377684
country	5.3297853	3.7458394	5.371112
title	6.285068	3.993741	5.999437
choose	5.2209244	3.5265534	5.8093433
village	6.10165	4.0356874	5.577592
acquire	6.5934916	4.576703	6.7292013
rank	5.053057	4.098813	5.0559874
bow	5.9151983	3.5149486	5.897814
doctor	4.7122087	3.9277399	4.80304
talent	6.914239	4.523336	6.617416
source	6.255965	4.301265	5.6369743
lead	4.9002438	3.8827348	5.4749403
question	5.1794972	3.8796415	5.568734
publish	5.330381	4.078056	5.721893
interest	6.0904274	4.0049314	5.784479
serve	5.0754976	3.4476957	5.6342974
divine	6.31003	3.9809074	5.6479406
put	5.6136117	3.8569314	5.588964
shadow	4.935582	3.364401	5.122753
practical	5.526351	3.81421	5.950492
surface	5.316944	3.2272089	4.985339
account	5.411929	3.9344964	5.3969297
loss	4.442093	4.390864	4.5882387
indian	5.1328793	4.896872	5.4340763
vine	6.2901516	3.6487346	5.7423644
certain	4.945547	4.41068	5.4144235
sin	3.4489481	4.3414683	4.272444
necessity	4.2744155	4.260546	4.687672
lose	4.5716105	4.5995374	5.164454
private	4.523067	3.6465614	5.317504
gentleman	5.503994	3.5546112	5.3221364
daughter	5.45145	4.27531	4.919989
drive	4.03229	4.8484573	4.641062
strange	4.5309267	4.893876	4.5476093
journey	6.110549	3.8353958	5.841746
uncle	6.011753	3.7340984	5.789218
species	5.289664	4.5375724	5.15301
think	5.443076	4.2218857	5.448898
bed	5.4592338	3.3580723	5.305176
wind	5.1375313	4.034338	4.944356
bless	7.267803	4.0200953	6.3289347
destroy	3.8079147	5.099781	4.691148
author	5.6039667	4.269797	5.287371
sustain	5.057733	3.939962	5.5300136
black	4.39047	4.754372	4.487662
event	5.944715	4.3511667	5.055112
liberty	7.0141397	5.0650277	6.1787257
negro	4.348464	4.4166355	4.606208
little	5.105587	4.046623	5.0976806
fortune	5.790306	4.221066	5.436398
touch	5.676198	3.657502	5.531844
kill	4.225175	5.158774	4.7362223
feature	5.122831	3.8047538	5.330282
happiness	7.261957	4.3181944	6.428206
assume	3.9957893	3.754757	4.9752545
notion	5.556889	4.119062	5.4561696
purchase	6.2433558	3.8564544	6.315701
faithful	6.141715	3.5673726	6.0088186
soldier	4.48286	4.3264384	4.9634886
father	5.719054	3.9711015	5.1668973
narrow	3.6860132	3.786818	4.47463
great	5.1708117	4.196282	5.3397436
tear	3.9498909	3.9189472	4.4811354
honorable	5.617092	4.388403	5.8373613
previous	4.4728885	4.019694	5.0609818
good	6.224162	3.6733675	6.248929
domestic	5.0058603	3.6481967	4.888219
glory	6.6743584	4.5682592	5.986148
lay	4.802752	3.2543063	5.504039
occasion	5.0791197	4.241611	4.9874706
guard	4.8697515	3.8141513	5.341981
whole	5.1325455	4.060162	5.176517
mouth	5.2829103	4.087292	5.5219088
receive	6.37146	3.7279153	6.1465693
take	5.2396126	3.7985296	5.632468
simple	6.048467	3.7728236	5.826991
error	3.50629	4.1854625	4.244887
wisdom	6.2344265	4.021049	6.1909757
rock	5.5512857	4.3135095	5.2120466
decide	4.9613814	4.008894	5.524084
exclaim	5.8748226	4.8426323	5.7541494
assure	6.9129086	4.07068	6.5777187
sign	5.055271	3.4865038	5.346412
preserve	5.8771205	3.535141	5.951564
commerce	5.584152	4.228839	5.546748
plant	4.855658	3.7347944	5.153169
walk	5.6206045	3.8196228	5.780751
difference	5.1924086	3.9068415	5.400743
hang	4.6715045	3.7301555	4.928026
following	6.654333	3.5791159	6.1019278
employ	4.9215617	3.8404636	6.108492
