deal	4.961869	4.4426017	5.084707
study	6.1767874	3.95856	6.436823
afford	6.1242504	4.068451	5.7488627
service	5.803084	3.9581518	6.068303
height	5.1622696	4.39647	5.208626
prospect	6.7845507	4.435126	6.0847874
pleasant	6.8604736	3.9115334	6.0987453
shade	5.0169516	3.6050344	5.15777
listen	5.269842	4.2461176	5.4317102
mighty	5.7545857	4.457142	5.4951825
country	5.4359713	3.9272225	5.499592
title	6.3543715	3.7646532	6.041255
choose	5.522884	3.6461284	5.85989
village	6.1060514	4.0186353	5.447703
acquire	6.6173854	4.459204	6.7056293
rank	5.0950346	3.9065437	5.1295977
bow	5.771111	3.3325663	5.827027
doctor	4.7944927	3.98042	4.7986007
talent	6.912663	4.690385	6.623933
source	5.9057875	4.241585	5.6009817
lead	5.085233	4.0719357	5.6486616
question	5.2691116	3.9989057	5.469062
publish	5.3842793	3.945835	5.708119
interest	6.097348	4.06259	5.8336163
serve	5.027429	3.4281726	5.621905
divine	6.5127945	3.9019408	5.728138
put	5.610979	3.7206547	5.662877
shadow	4.8878245	3.3869758	5.081386
practical	5.601912	3.9618595	5.9608674
surface	5.1824884	3.303328	4.9293385
account	5.693186	4.017231	5.679083
loss	4.590498	4.3527966	4.687986
indian	5.0006127	5.02601	5.224695
vine	6.316042	3.7589068	5.691424
certain	4.971933	4.5760627	5.3619256
sin	3.5489624	4.2913904	4.321452
necessity	4.348578	4.3033137	4.860036
lose	4.828332	4.3737326	5.1884704
private	4.3873606	3.6038187	5.1317163
gentleman	5.5637984	3.6003911	5.3425317
daughter	5.4109707	4.3098984	5.07224
drive	4.1891418	4.6272264	4.720016
strange	4.7687116	4.783452	4.623435
journey	6.130934	3.6739686	5.8797646
uncle	5.7955375	4.0325623	5.8625746
species	5.2470818	4.64171	5.024705
think	5.6330214	4.2207294	5.6017756
bed	5.3580837	3.2384825	5.4985995
wind	5.2367725	4.093627	4.9790053
bless	7.275696	4.0642242	6.342794
destroy	3.9202974	4.9655395	4.723873
author	5.4455757	4.281291	5.2490964
sustain	5.2375255	3.9687319	5.769355
black	4.3376007	4.5681276	4.4691715
event	6.0356593	4.4486284	5.0369477
liberty	6.878159	4.9356956	6.173396
negro	4.296044	4.393076	4.475924
little	4.980585	4.2871647	5.060671
fortune	5.8701878	4.2758746	5.468931
touch	5.64417	3.7108293	5.6416087
kill	4.34692	5.0479317	4.6741896
feature	5.1375957	3.974202	5.4166036
happiness	7.1802745	4.2610903	6.4974546
assume	4.2791653	3.6569788	5.210452
notion	5.7684717	3.943002	5.5806212
purchase	6.357477	3.6710434	6.4132924
faithful	6.3708277	3.6435807	6.1749716
soldier	4.691624	4.516426	4.9895024
father	5.6305766	4.1572447	5.2488775
narrow	3.723796	3.9028795	4.39859
great	5.1926928	4.0108385	5.0587716
tear	3.6019473	4.0295835	4.3538566
honorable	5.606453	4.19396	5.857081
previous	4.503212	3.8677032	4.9924355
good	6.0623326	3.7067292	6.1149216
domestic	5.138296	3.720151	5.021454
glory	6.884092	4.3395386	6.1080713
lay	4.8397007	3.3801723	5.4609156
occasion	5.096638	4.2188287	5.0508895
guard	5.065023	3.8816667	5.323802
whole	5.1385865	4.0968466	5.1905155
mouth	5.3008695	4.044159	5.5277047
receive	6.3677416	3.5733428	6.1028237
take	5.4559655	3.6176236	5.73689
simple	6.0954323	3.729174	5.9242764
error	3.4546065	4.449812	4.2464643
wisdom	6.3287687	3.9104314	6.165892
rock	5.5352945	4.187585	5.2207847
decide	5.0119963	3.952849	5.523613
exclaim	5.895801	4.7355976	5.652
assure	6.860759	3.9763517	6.5442033
sign	4.9215326	3.4974744	5.303142
preserve	6.015801	3.4099689	5.861754
commerce	5.5870986	4.2946997	5.559874
plant	4.839094	3.7412128	5.172851
walk	5.8754897	3.6409106	5.9085264
difference	4.971132	3.9276125	5.099617
hang	4.711335	3.7137327	5.0022287
following	6.5838366	3.4905171	6.041812
employ	5.091571	3.9209728	6.0653076
