deal	5.0229697	4.4146037	5.099225
study	6.1524515	4.054461	6.620592
afford	5.991368	3.974187	5.703459
service	5.5191283	3.9612331	5.9246716
height	5.1545115	4.3246055	5.1372275
prospect	6.727104	4.3147764	5.9448338
pleasant	6.727029	3.9230988	6.100393
shade	5.009751	3.628474	5.2528524
listen	5.1966677	4.2307963	5.5941525
mighty	5.623427	4.5978193	5.5250716
country	5.4128566	3.5913484	5.536952
title	6.5305157	3.8853774	6.0521297
choose	5.2260227	3.6636925	5.683393
village	6.1376934	3.916626	5.536761
acquire	6.5153475	4.491769	6.6922674
rank	4.980594	4.0496187	5.117486
bow	5.703015	3.4437847	5.8999896
doctor	4.767831	3.9084969	4.9120636
talent	7.028466	4.516437	6.718815
source	5.9204226	4.2504935	5.6969466
lead	4.9094214	3.997958	5.482376
question	5.2972155	3.8116293	5.4622145
publish	5.7057476	4.097192	5.884136
interest	5.8494105	4.047835	5.7918673
serve	5.0422974	3.5399983	5.563168
divine	6.381907	4.001854	5.624599
put	5.351064	3.825647	5.490925
shadow	4.861024	3.5095713	5.0780897
practical	5.523819	3.9473639	5.9177694
surface	5.0020094	3.2305555	4.8418145
account	5.78642	3.9509192	5.650641
loss	4.364732	4.3708234	4.625398
indian	5.2024345	4.919527	5.383403
vine	6.2750053	3.7170815	5.7530575
certain	5.0234222	4.5266256	5.387657
sin	3.6591563	4.3673773	4.2361894
necessity	4.2040167	4.2836165	4.7205815
lose	4.5607653	4.5526514	5.038554
private	4.422684	3.660606	5.2057576
gentleman	5.4660153	3.5318642	5.2692966
daughter	5.459985	4.222196	4.9945526
drive	4.0913806	4.6974974	4.7275133
strange	4.5833764	4.846865	4.5783925
journey	6.076445	3.767339	5.794908
uncle	5.846051	3.8452196	5.890063
species	5.376816	4.4698114	5.1080937
think	5.474597	4.314979	5.562833
bed	5.52041	3.491609	5.5683217
wind	5.0029287	4.1593585	4.8849883
bless	7.253938	4.0085573	6.291596
destroy	3.8213463	5.0227823	4.619424
author	5.6840515	4.2961884	5.3426447
sustain	5.15161	3.8350124	5.6583047
black	4.335166	4.4496355	4.3949857
event	5.888229	4.4691963	5.0415287
liberty	7.0040016	4.775891	6.2624187
negro	4.4545856	4.3131895	4.4872456
little	5.008994	4.1566496	5.162105
fortune	5.9278827	4.2591424	5.4200683
touch	5.6425853	3.6781979	5.5349236
kill	4.5699844	5.085884	4.852348
feature	5.3458567	3.8792949	5.4875927
happiness	7.1699057	4.437869	6.5277424
assume	4.1631145	3.8028686	5.0416265
notion	5.7200937	4.034199	5.474367
purchase	6.3996344	3.778061	6.3937254
faithful	6.211302	3.7381938	6.0314674
soldier	4.360449	4.3195834	4.9084387
father	5.6074896	4.112098	5.2170973
narrow	3.552881	3.8212032	4.405924
great	5.3714647	4.2303114	5.2757807
tear	4.0636163	3.8679106	4.655812
honorable	5.605076	4.236202	5.8777494
previous	4.422988	3.9457011	5.0387883
good	6.321816	3.6512427	6.193857
domestic	5.067232	3.6683304	4.946279
glory	6.7160068	4.50169	5.971349
lay	4.9741607	3.3079252	5.611595
occasion	5.134571	4.1508355	5.053001
guard	4.7685704	3.7505774	5.2218847
whole	5.2475753	4.0245094	5.21572
mouth	5.0782714	4.247475	5.4388633
receive	6.141158	3.8060842	5.9715147
take	5.07337	3.9856522	5.6117983
simple	6.0420933	3.7400737	5.8777485
error	3.3867626	4.4118366	4.193925
wisdom	6.0865817	4.1859956	6.0527463
rock	5.474119	4.2967834	5.198703
decide	4.972479	3.990579	5.540315
exclaim	5.725946	4.7795987	5.6239853
assure	6.8154073	4.018128	6.603836
sign	5.2141333	3.5729523	5.209608
preserve	5.75025	3.5077364	5.7944627
commerce	5.7999105	4.2934656	5.60069
plant	4.903719	3.727048	5.192457
walk	5.676533	3.681927	5.87976
difference	5.3908806	4.038335	5.447085
hang	4.670454	3.8199065	5.134539
following	6.673756	3.5862224	6.0275598
employ	4.928199	3.8476114	6.0515804
