deal	4.848869	4.280497	5.0935864
study	6.2621174	4.043892	6.508517
afford	6.155753	4.046205	5.7076693
service	5.5744863	4.050719	6.0201406
height	5.0901856	4.193369	5.0761356
prospect	6.6279144	4.282319	6.013486
pleasant	6.7269287	3.876002	6.080881
shade	5.116917	3.6706033	5.301149
listen	5.3328648	4.240765	5.6184487
mighty	5.7149067	4.4517226	5.571667
country	5.131523	3.6880898	5.4645457
title	6.343834	3.7771087	6.0535035
choose	5.3361554	3.6467063	5.692048
village	6.011132	3.9598153	5.5416465
acquire	6.4273815	4.4886727	6.742257
rank	5.109741	4.050693	5.1327515
bow	5.850822	3.53711	5.7958174
doctor	5.1106024	3.8334355	5.0200076
talent	6.893791	4.537276	6.7271824
source	6.040501	4.1750145	5.6826887
lead	4.8491592	4.0544786	5.393199
question	5.5010533	3.991202	5.6907015
publish	5.377462	4.069052	5.678184
interest	5.9812226	4.083106	5.8149166
serve	5.1268153	3.4620519	5.7262397
divine	6.565814	3.9158041	5.715078
put	5.760348	3.8901782	5.789209
shadow	4.962357	3.477148	5.1539874
practical	5.650693	3.9561539	5.9502115
surface	5.293009	3.2397246	5.0730968
account	5.5828056	3.94858	5.5208764
loss	4.293474	4.4357696	4.573575
indian	5.0135965	4.9724135	5.425662
vine	6.2092443	3.672904	5.8136196
certain	4.8451147	4.3796344	5.316271
sin	3.4975455	4.262885	4.231136
necessity	4.407068	4.2469344	4.7826614
lose	4.5822887	4.5244303	5.172861
private	4.295323	3.7853537	5.109702
gentleman	5.6215057	3.5999513	5.3607016
daughter	5.3730955	4.222672	4.9844074
drive	3.9697464	4.7732453	4.5670238
strange	4.636431	4.8091955	4.5710726
journey	6.077632	3.7156663	5.8029356
uncle	5.9515686	3.7145336	5.9697266
species	5.4577775	4.502371	5.226613
think	5.4538097	4.2340097	5.3710794
bed	5.4378395	3.4282966	5.3399982
wind	5.1062326	4.0124044	4.8167853
bless	7.1134562	4.085056	6.2302723
destroy	3.8690171	5.0417666	4.675673
author	5.624628	4.192605	5.2785845
sustain	5.1118255	3.9649818	5.5574255
black	4.5416026	4.3612876	4.6486373
event	5.9084005	4.490034	5.10266
liberty	6.9097376	4.988058	6.180581
negro	4.4475517	4.288777	4.582448
little	4.955987	4.0469785	4.9929
fortune	5.7943683	4.222854	5.340271
touch	5.538589	3.6995358	5.5320206
kill	4.3791337	5.200191	4.8422194
feature	5.242915	3.8735056	5.416718
happiness	7.087492	4.3013997	6.439889
assume	4.1495075	3.6698666	5.0647097
notion	5.6456537	3.96068	5.4360266
purchase	6.195157	3.8153331	6.3311744
faithful	6.305504	3.739445	5.987525
soldier	4.504047	4.2985353	5.0319223
father	5.6286087	4.103922	5.383684
narrow	3.489002	3.83504	4.3630033
great	5.1103287	4.2079926	5.174416
tear	3.7827818	4.071733	4.3406496
honorable	5.5622597	4.385422	5.915521
previous	4.552187	3.9469886	5.0477366
good	6.0053654	3.5813456	6.1440663
domestic	5.028034	3.7897542	4.782352
glory	6.752076	4.5393696	5.9587765
lay	5.0313683	3.4177878	5.57431
occasion	5.076585	4.220319	5.0413713
guard	4.969469	3.7487133	5.2949615
whole	5.145488	3.936376	5.19673
mouth	5.1384745	4.1487217	5.5168314
receive	6.441086	3.818361	6.1330795
take	5.3145404	3.8759384	5.716802
simple	6.189953	3.8036063	5.9983115
error	3.4187346	4.298881	4.1526237
wisdom	6.213995	4.007368	6.068401
rock	5.605708	4.2894645	5.2575893
decide	5.1212697	4.0444794	5.633502
exclaim	5.643573	4.775365	5.706629
assure	6.7424455	4.0610175	6.4391294
sign	5.1588583	3.5139062	5.3921223
preserve	5.8698363	3.5217576	5.814136
commerce	5.5746975	4.271477	5.544982
plant	4.9133296	3.835246	5.1694756
walk	5.762404	3.6847634	5.894025
difference	5.0418544	4.1087112	5.152235
hang	4.6495175	3.8703375	5.067634
following	6.6444187	3.5956159	6.075003
employ	4.8573155	3.8617806	5.920715
