deal	5.039728	4.4114685	5.134284
study	6.224201	3.9641697	6.4834204
afford	6.0222597	3.9592273	5.627652
service	5.75483	3.8654757	6.0266833
height	5.1964498	4.3481283	5.103997
prospect	6.650626	4.2457466	5.913355
pleasant	6.6395035	3.9224393	5.881775
shade	4.9911246	3.6376257	5.1714644
listen	5.138511	4.1984468	5.465618
mighty	5.654051	4.5181065	5.563687
country	5.283424	3.53081	5.4590473
title	6.5351973	3.906886	6.229405
choose	5.4183693	3.5766816	5.9068103
village	6.13941	4.074546	5.6856384
acquire	6.675174	4.467793	6.8335958
rank	5.1245584	4.0464754	5.203456
bow	5.9315333	3.4848185	5.952513
doctor	4.8733215	3.961734	4.941776
talent	6.9973993	4.669031	6.785666
source	6.0279284	4.3041644	5.674352
lead	4.944014	3.9406607	5.4969654
question	5.26471	3.8058941	5.4386144
publish	5.521683	4.1855755	5.839784
interest	6.0704465	3.97822	5.893018
serve	5.1172147	3.4003935	5.6243114
divine	6.333749	3.836862	5.5456805
put	5.4257298	3.8062093	5.5239177
shadow	4.8833823	3.510542	5.1890283
practical	5.581912	3.8187194	5.9734883
surface	5.23188	3.1677742	5.0355487
account	5.6470785	3.9992614	5.512209
loss	4.3725324	4.4428225	4.480486
indian	5.136072	5.0137215	5.5469537
vine	6.404333	3.8209147	5.775645
certain	4.981438	4.408854	5.3689723
sin	3.5724456	4.3269973	4.334033
necessity	4.245116	4.327004	4.706259
lose	4.661697	4.464457	5.105238
private	4.4610157	3.504103	5.2544055
gentleman	5.6925173	3.5179896	5.418721
daughter	5.6298766	4.4179087	5.012193
drive	4.1421795	4.593602	4.7091427
strange	4.6216226	4.867317	4.5714307
journey	6.037492	3.7123108	5.7423315
uncle	5.546971	3.8654375	5.836908
species	5.213148	4.4322777	5.02638
think	5.5821724	4.302108	5.6047077
bed	5.4898944	3.3166502	5.4212165
wind	5.1733413	4.152855	4.9167333
bless	7.341936	3.9815316	6.2650347
destroy	3.9416203	5.075645	4.827407
author	5.582034	4.3147717	5.289298
sustain	5.1622334	4.0907454	5.6697464
black	4.541402	4.627481	4.6005187
event	5.880329	4.504831	4.998677
liberty	6.8589506	4.743039	6.274442
negro	4.3289123	4.2775	4.520779
little	4.841033	4.1224284	4.923054
fortune	5.8951964	4.25468	5.3955474
touch	5.5527167	3.6460023	5.5272765
kill	4.571742	5.020368	4.9757624
feature	5.125526	3.8816104	5.3720417
happiness	7.3037972	4.2116866	6.5267334
assume	4.1934605	3.6670709	5.0263505
notion	5.725831	4.096765	5.592968
purchase	6.2483983	3.688767	6.489641
faithful	6.2789774	3.6560175	5.991879
soldier	4.4364557	4.454301	4.870343
father	5.725873	4.035877	5.17634
narrow	3.4175491	3.7499044	4.3030787
great	5.190092	4.095852	5.063047
tear	3.8188312	4.0253196	4.4254723
honorable	5.5922127	4.2707157	5.8747864
previous	4.585675	4.032301	5.083723
good	5.966078	3.7290971	5.979873
domestic	5.150129	3.6261468	5.084811
glory	6.620775	4.424239	5.9245763
lay	4.7016354	3.5055132	5.495244
occasion	5.167178	4.122714	5.0790367
guard	5.0777545	4.0216823	5.3071795
whole	5.081556	4.0266485	5.1101255
mouth	5.0653486	4.0755925	5.5124135
receive	6.257104	3.6912453	6.0914526
take	5.1876335	3.6910481	5.6502256
simple	6.134145	3.6619172	5.9643
error	3.6262302	4.464006	4.306272
wisdom	6.1537995	4.0248194	6.0250263
rock	5.488886	4.353442	5.1970577
decide	4.9435616	3.9543886	5.558155
exclaim	5.73108	4.8384805	5.6739516
assure	6.899214	4.1230426	6.5612254
sign	4.9944	3.4648888	5.3255005
preserve	5.8605123	3.45971	5.8357882
commerce	5.549923	4.344644	5.5998044
plant	4.9060135	3.7731857	5.183459
walk	5.637241	3.8710423	5.6964326
difference	5.241309	4.006237	5.390923
hang	4.9165297	3.9147153	5.2152095
following	6.616789	3.5470386	6.05257
employ	5.083165	3.92338	6.0990553
