deal	5.1156683	4.2301025	5.1531806
study	6.1648107	3.8902578	6.53089
afford	6.18191	4.0255613	5.722727
service	5.4959307	3.9538167	5.878499
height	5.0616274	4.31239	5.145727
prospect	6.8777304	4.4385095	6.076989
pleasant	6.767753	3.9789424	6.0174513
shade	5.0535784	3.655729	5.2528286
listen	5.3551364	4.166068	5.618093
mighty	5.5265903	4.4859037	5.4346275
country	5.3264575	3.6033592	5.383006
title	6.4799542	3.796178	6.1195455
choose	5.267631	3.6255193	5.710348
village	6.120036	3.8596444	5.623343
acquire	6.484146	4.4002066	6.7115574
rank	5.0399876	4.0183587	5.11149
bow	5.7797728	3.4587004	5.6927958
doctor	5.035747	3.858974	4.892925
talent	6.927164	4.5283947	6.68122
source	6.003108	4.2623644	5.666452
lead	4.642844	4.0470576	5.359783
question	5.3227067	3.8564048	5.602613
publish	5.4645805	3.9542139	5.74189
interest	5.9311566	4.1280704	5.7241983
serve	4.990199	3.3514156	5.534765
divine	6.4117193	4.0356827	5.678577
put	5.586007	3.8521173	5.656387
shadow	4.996617	3.3937473	5.1627607
practical	5.6209803	3.8094087	6.063148
surface	5.1960325	3.2553809	4.93359
account	5.6283464	4.0590987	5.5275307
loss	4.498546	4.5283237	4.622527
indian	5.2445054	4.897953	5.460277
vine	6.414215	3.6378517	5.8272476
certain	5.034563	4.5590925	5.4083533
sin	3.472728	4.3000135	4.2941146
necessity	4.204432	4.244328	4.678217
lose	4.6096497	4.4779744	5.1687737
private	4.425203	3.832528	5.1349297
gentleman	5.7004747	3.5475864	5.448911
daughter	5.643558	4.282333	4.939575
drive	4.039292	4.5448313	4.673725
strange	4.5371323	4.828095	4.580602
journey	6.091224	3.7198217	5.8071995
uncle	5.971612	4.1912394	6.0396786
species	5.4955716	4.597103	5.262295
think	5.4153223	4.3373337	5.488794
bed	5.4552317	3.295205	5.435612
wind	5.0845275	4.15122	4.8639574
bless	7.510233	3.9961414	6.502846
destroy	3.9416518	4.9041734	4.780193
author	5.711545	4.2387915	5.369746
sustain	5.242095	4.051534	5.6660504
black	4.533162	4.513605	4.502541
event	6.0088234	4.5116076	5.062227
liberty	6.921031	4.8809547	6.1833115
negro	4.536441	4.3397217	4.736297
little	4.9117947	4.095827	4.93587
fortune	5.96961	4.4011536	5.521413
touch	5.4592314	3.740092	5.4108143
kill	4.4271126	5.009621	4.831136
feature	5.3831816	3.8810565	5.5553885
happiness	7.237849	4.375282	6.5982504
assume	4.1264086	3.7843108	5.0061007
notion	5.833911	3.9325395	5.6583843
purchase	6.1526804	3.8134835	6.4748955
faithful	6.2213736	3.6120532	5.927801
soldier	4.365311	4.4256735	4.7774606
father	5.840024	3.9548354	5.291674
narrow	3.4397368	3.7899354	4.3624363
great	5.3320875	4.090615	5.1982512
tear	3.8337665	3.9961438	4.376008
honorable	5.454638	4.307469	5.8701215
previous	4.5529647	3.9518168	5.113874
good	6.1535215	3.6848407	6.035855
domestic	5.14651	3.682897	4.8904505
glory	6.8214693	4.4485726	6.0676956
lay	4.9065485	3.293406	5.5465155
occasion	5.226862	4.3132157	5.113637
guard	5.1103935	3.8459406	5.395955
whole	5.189316	4.044449	5.1294208
mouth	5.1718345	4.179137	5.502795
receive	6.1056547	3.7291813	5.9382486
take	5.079424	3.7238514	5.670558
simple	5.904514	3.7402112	5.8367777
error	3.52736	4.2624025	4.2613754
wisdom	6.379338	4.0769057	6.2090225
rock	5.42258	4.2744584	5.145148
decide	4.9773154	4.0384965	5.565356
exclaim	5.834431	4.6908317	5.7102137
assure	6.8865347	4.0753703	6.5411444
sign	5.1770067	3.5719867	5.280734
preserve	5.9617577	3.5325456	5.844363
commerce	5.6113925	4.3528295	5.4627924
plant	4.92687	3.8037748	5.164589
walk	5.621788	3.660825	5.872067
difference	5.1885424	4.039392	5.272557
hang	4.893745	3.7201145	5.2566414
following	6.6092577	3.4847832	5.9744425
employ	4.815188	3.8923464	5.948369
