deal	5.027127	4.271772	5.2550936
study	6.2108192	4.023585	6.459861
afford	6.2137322	3.9177256	5.723183
service	5.5814466	4.07435	5.9757786
height	5.1744184	4.274266	5.1826177
prospect	6.919305	4.4190636	6.053975
pleasant	6.941936	3.9541433	6.1376286
shade	5.1698194	3.6269326	5.2753253
listen	5.356601	4.332471	5.572356
mighty	5.664396	4.4874496	5.551556
country	5.419247	3.6601224	5.576866
title	6.3025093	3.5931797	6.14255
choose	5.2366595	3.646643	5.7491674
village	6.0450206	3.8893313	5.519698
acquire	6.5144677	4.4585834	6.7316895
rank	5.141451	4.0380793	5.229293
bow	5.760089	3.4672527	5.7930574
doctor	4.8533297	3.813706	5.010974
talent	6.9783792	4.569691	6.8144703
source	5.866275	4.1553907	5.5844636
lead	4.8394327	4.156947	5.342822
question	5.181198	3.944726	5.326526
publish	5.586461	4.0523996	5.9995565
interest	6.2038198	4.1425405	5.813635
serve	5.1054664	3.4114425	5.656006
divine	6.1700706	3.9057543	5.519739
put	5.6155977	3.8324103	5.6738033
shadow	5.0310946	3.540292	5.172293
practical	5.7415266	3.8909032	6.039326
surface	5.112137	3.2140384	4.9749665
account	5.3440185	4.002043	5.365816
loss	4.3993483	4.4440885	4.509984
indian	4.975009	4.9312654	5.3339615
vine	6.2220397	3.7475247	5.692023
certain	4.8272123	4.5018263	5.2748404
sin	3.5976071	4.290293	4.311621
necessity	4.203276	4.325806	4.679424
lose	4.524371	4.4357047	5.0300484
private	4.2756305	3.7977233	5.023786
gentleman	5.6044736	3.5050359	5.404718
daughter	5.485644	4.2786713	5.0105457
drive	4.065376	4.7345266	4.6327553
strange	4.7260184	4.8832664	4.6343174
journey	6.2470055	3.900424	5.9191623
uncle	5.75317	4.0010304	5.6561966
species	5.4557486	4.508523	5.2020025
think	5.567117	4.3159966	5.548822
bed	5.294621	3.35276	5.4704742
wind	5.033225	4.1008034	4.8414383
bless	7.26768	4.033099	6.295947
destroy	3.8197932	4.891632	4.622588
author	5.635981	4.104828	5.398236
sustain	5.053568	3.9772215	5.5374656
black	4.3403373	4.5146074	4.5352817
event	5.936075	4.413998	4.9829426
liberty	6.9314814	4.7362456	6.1673074
negro	4.481091	4.3079467	4.578956
little	4.9946175	4.146455	5.0977006
fortune	6.04888	4.241848	5.4723296
touch	5.6403823	3.6532555	5.5163045
kill	4.250426	5.037728	4.71483
feature	5.2522855	3.9623876	5.508188
happiness	7.1695156	4.23609	6.4110947
assume	4.023413	3.8182366	4.9311213
notion	5.6199517	3.9863117	5.504998
purchase	6.2522326	3.7126665	6.359197
faithful	6.2555637	3.6254058	6.013858
soldier	4.4743977	4.607741	4.9576173
father	5.732835	4.0628133	5.2674465
narrow	3.5570545	3.7679968	4.4150395
great	5.1145372	4.1348476	5.2685895
tear	3.9357035	4.0742135	4.5837364
honorable	5.6472025	4.287387	5.8828354
previous	4.483493	3.9870408	5.0802984
good	6.221616	3.5670109	6.1554646
domestic	5.062399	3.7304168	4.841521
glory	6.7635393	4.4619613	6.06106
lay	4.842574	3.385866	5.576062
occasion	5.1075215	4.281722	5.035947
guard	4.9809937	3.8816476	5.2552695
whole	5.190493	4.1079416	5.1799707
mouth	5.0875616	4.0903854	5.3683867
receive	6.3375287	3.6923416	6.0932164
take	5.3868	3.8593774	5.734167
simple	5.9065113	3.7763152	5.752833
error	3.549058	4.313885	4.2854786
wisdom	6.3928432	4.076314	6.1351337
rock	5.4277935	4.1822352	5.150351
decide	5.014938	4.004374	5.5776043
exclaim	5.78412	4.679044	5.6068053
assure	6.826224	4.0533857	6.508258
sign	4.9474664	3.2376509	5.2676525
preserve	5.7715054	3.4797733	5.715788
commerce	5.6022873	4.364357	5.5686884
plant	4.845525	3.7864654	5.1068125
walk	5.8369284	3.651338	5.911081
difference	4.819662	4.0332737	5.1010394
hang	4.900685	3.8106012	5.092062
following	6.516872	3.718964	5.9389887
employ	4.9032764	4.062954	5.976032
