deal	4.891782	4.4159236	5.092674
study	6.1884584	3.9704533	6.4083652
afford	6.2854824	3.8322763	5.813683
service	5.6226435	3.9552546	5.892895
height	5.167218	4.249712	5.091845
prospect	6.8842764	4.345112	6.0677357
pleasant	6.81719	3.9333868	6.004486
shade	5.0097485	3.6949646	5.1979733
listen	5.1818404	4.1929483	5.4731083
mighty	5.7555394	4.459609	5.6563745
country	5.5117145	3.6595724	5.6064415
title	6.324968	3.8038757	5.9706974
choose	5.3857174	3.624995	5.90695
village	5.9697323	3.922973	5.395293
acquire	6.42801	4.4519935	6.563652
rank	5.271648	4.0062237	5.302565
bow	6.0506315	3.5139012	6.02947
doctor	4.8815036	3.8896694	4.941465
talent	6.984701	4.562279	6.6996107
source	5.9490647	4.212943	5.6280093
lead	4.9409556	3.972575	5.578335
question	5.4200454	3.8088703	5.5553875
publish	5.5481186	3.9333923	5.735597
interest	5.780239	3.9730663	5.809091
serve	5.114137	3.445389	5.6731825
divine	6.417324	4.0141478	5.70789
put	5.594054	3.7261071	5.7757177
shadow	4.8192286	3.4744554	5.0728908
practical	5.6349916	3.983899	6.0379868
surface	5.1048136	3.201947	4.89139
account	5.453189	3.882634	5.5412493
loss	4.3385425	4.46599	4.5819917
indian	4.753564	4.918412	5.1246862
vine	6.3214073	3.725148	5.773042
certain	4.8895216	4.3809414	5.3490453
sin	3.5362906	4.3947945	4.371041
necessity	4.2534766	4.1571956	4.7031913
lose	4.646624	4.453831	5.1202164
private	4.4914365	3.6639898	5.2352853
gentleman	5.782392	3.569994	5.502114
daughter	5.3458505	4.226801	5.0112786
drive	4.1282434	4.586737	4.6773634
strange	4.692774	4.7910905	4.656768
journey	6.0933604	3.8390214	5.8539147
uncle	5.6798453	4.0135937	5.920103
species	5.3442726	4.499188	5.158238
think	5.592014	4.186218	5.6965103
bed	5.329656	3.3960457	5.3369503
wind	5.151107	4.1201105	4.897932
bless	7.2347536	4.129676	6.351435
destroy	3.993971	4.920963	4.7466183
author	5.6993732	4.2201653	5.3043313
sustain	5.171053	3.9314108	5.7129765
black	4.3016987	4.567925	4.5015545
event	5.732053	4.4104495	5.0895786
liberty	6.834505	4.805094	6.1152086
negro	4.2681355	4.4405565	4.4899836
little	4.9608016	4.0322256	5.0815454
fortune	5.872981	4.247695	5.524753
touch	5.5223966	3.8076532	5.4640136
kill	4.494149	5.084907	4.8392982
feature	5.219558	3.8868732	5.3704014
happiness	7.17597	4.2876825	6.5677624
assume	4.1224656	3.7204733	5.0304236
notion	5.8033824	3.9359806	5.5760403
purchase	6.179673	3.7995331	6.33436
faithful	6.2470818	3.698257	6.0325255
soldier	4.4742155	4.3741345	4.9100647
father	5.6371794	4.0891504	5.3041377
narrow	3.4986084	3.7015052	4.4098086
great	5.136139	4.094586	5.157809
tear	3.9141092	3.9975271	4.4899645
honorable	5.782624	4.268732	6.0138264
previous	4.531462	3.9681044	5.014361
good	6.0828605	3.7030516	5.9880533
domestic	5.070359	3.7833748	4.9359136
glory	6.8436203	4.46355	6.1751347
lay	4.895367	3.4202776	5.60901
occasion	5.1203213	4.2386017	5.02075
guard	4.8584003	3.6583378	5.2951
whole	5.267465	4.080679	5.219627
mouth	5.0685587	4.156038	5.4612904
receive	6.4011087	3.707651	6.089335
take	5.257641	3.6552095	5.633752
simple	5.979046	3.7359052	5.7942495
error	3.4481328	4.4530816	4.2486267
wisdom	6.144572	4.142975	6.143233
rock	5.484931	4.2158318	5.1405725
decide	4.9892044	3.99603	5.5833406
exclaim	5.8466053	4.692407	5.73112
assure	6.9418516	4.029747	6.607829
sign	5.0988317	3.3543017	5.3148737
preserve	5.7838025	3.554693	5.8664026
commerce	5.592504	4.375299	5.5806828
plant	5.070812	3.873345	5.278553
walk	5.7211647	3.7516775	5.942565
difference	4.9683285	4.0304165	5.1749167
hang	4.7551656	3.900826	5.067791
following	6.376218	3.511195	5.8523736
employ	4.8199897	4.059982	5.883127
