deal	4.930835	4.4760456	4.9224577
study	6.2378416	3.91208	6.4584656
afford	6.202648	4.0294795	5.6726
service	5.658617	3.855534	5.9317646
height	5.159734	4.450327	5.179474
prospect	6.7809887	4.309605	5.9057775
pleasant	6.8965397	3.9512668	6.065627
shade	5.1826067	3.556908	5.346892
listen	5.1008177	4.3254156	5.521908
mighty	5.633739	4.6178546	5.645465
country	5.6130543	3.563839	5.723113
title	6.2311068	3.981005	5.9910107
choose	5.4982104	3.5811777	5.9725165
village	6.0085654	4.0366063	5.5267196
acquire	6.286719	4.6093683	6.552723
rank	5.143269	3.9691007	5.197502
bow	5.6701465	3.5170684	5.727333
doctor	4.9165406	4.021715	4.7975087
talent	7.024171	4.604399	6.7105556
source	5.987311	4.162708	5.4662604
lead	4.9484053	3.9548364	5.5247173
question	5.2897577	3.9643312	5.6343575
publish	5.4135294	4.0009913	5.652914
interest	6.1411314	3.9778428	5.8982463
serve	5.1747932	3.5030375	5.756586
divine	6.302644	4.0173163	5.577976
put	5.6656456	3.7241964	5.6762743
shadow	4.927047	3.4091873	5.161393
practical	5.7468667	3.9093764	6.0121055
surface	5.0082583	3.2571821	4.8815594
account	5.6659727	3.910059	5.651225
loss	4.41356	4.200492	4.6042137
indian	4.920019	5.1102276	5.300713
vine	6.154547	3.9666893	5.87416
certain	4.979883	4.5074286	5.350967
sin	3.5803585	4.322965	4.3530526
necessity	4.2161355	4.3256474	4.585232
lose	4.841395	4.3510833	5.1645
private	4.4081554	3.7299402	5.196909
gentleman	5.481927	3.7770114	5.3455787
daughter	5.51663	4.3376575	5.0646663
drive	4.0515914	4.6959596	4.6308174
strange	4.674973	4.6623206	4.633765
journey	6.0337243	3.836859	5.7281966
uncle	5.93709	3.9059947	5.7718887
species	5.438661	4.5254025	5.347621
think	5.476516	4.0049815	5.4692206
bed	5.3720593	3.3943985	5.4314995
wind	5.101241	4.1020355	4.902344
bless	7.1521397	3.9988344	6.2461286
destroy	3.973443	4.9495177	4.7919617
author	5.580267	4.190061	5.325387
sustain	5.2116957	3.873702	5.6727195
black	4.463567	4.379065	4.574335
event	5.8714676	4.405885	5.0398316
liberty	6.819993	5.0193043	6.111738
negro	4.092485	4.3932824	4.4538383
little	5.147034	3.966733	5.0846353
fortune	5.9815636	4.255516	5.562959
touch	5.4666033	3.7217214	5.4304285
kill	4.3518763	5.117254	4.829946
feature	5.324496	3.8313906	5.4879894
happiness	7.2358627	4.482965	6.5995593
assume	4.100747	3.70484	5.0236845
notion	5.597827	4.1092834	5.406437
purchase	6.190197	3.753955	6.443717
faithful	6.338479	3.7031648	6.112257
soldier	4.327531	4.518534	4.8580627
father	5.8706636	4.2381124	5.2911696
narrow	3.576213	3.8118646	4.32513
great	5.320121	4.324596	5.1870313
tear	3.8759394	3.9859643	4.3725414
honorable	5.588767	4.416979	5.915598
previous	4.3586884	3.9328818	5.0025835
good	6.179882	3.626015	6.143998
domestic	5.360878	3.6333106	5.1651015
glory	6.842372	4.589658	6.186993
lay	4.7565475	3.4440997	5.559245
occasion	5.123989	4.213319	4.9472528
guard	4.895762	3.849185	5.145563
whole	5.198271	4.138237	5.2818336
mouth	5.024223	4.0948467	5.469136
receive	6.1491785	3.925155	5.948033
take	5.379956	3.5824575	5.620041
simple	5.97478	3.7944865	5.8891554
error	3.428153	4.346472	4.3442345
wisdom	6.3806663	4.000371	6.128284
rock	5.6014314	4.221274	5.2643704
decide	5.1175003	3.9387817	5.608183
exclaim	5.804282	4.821615	5.6270876
assure	6.773129	3.9542992	6.5096416
sign	5.0761685	3.5750864	5.216528
preserve	6.057025	3.5293274	5.9258623
commerce	5.712343	4.400912	5.6370893
plant	4.9041557	3.7926896	5.211145
walk	5.670968	3.9078074	5.8201685
difference	5.280916	3.8403661	5.329648
hang	4.8014555	3.8540797	5.081869
following	6.404188	3.6589828	6.010608
employ	5.028763	3.9846084	6.1098204
