deal	5.01118	4.3438363	5.1469946
study	6.07307	3.9715252	6.4165993
afford	6.2228208	3.9391887	5.7074957
service	5.4916406	3.9510736	5.909668
height	5.1938014	4.2322555	5.1923723
prospect	6.8927917	4.3770075	6.0698647
pleasant	6.8642287	3.8861723	6.1060753
shade	4.981325	3.630172	5.2123475
listen	5.301026	4.3189983	5.521869
mighty	5.608894	4.3967905	5.49305
country	5.4000435	3.6534657	5.5364237
title	6.314211	3.833417	5.854245
choose	5.35478	3.4968038	5.8689775
village	5.9589977	4.060127	5.5088425
acquire	6.5839486	4.5266237	6.781181
rank	4.9801903	4.0279784	5.0501275
bow	5.711218	3.3122196	5.8171115
doctor	4.8862715	3.9577932	4.7962246
talent	6.992858	4.5888834	6.7862
source	5.8504167	4.213348	5.5078917
lead	4.725116	4.097074	5.403447
question	5.6096926	3.904534	5.726773
publish	5.402398	4.1194234	5.784741
interest	6.0386	4.044593	5.7683134
serve	5.0249915	3.4660401	5.528142
divine	6.4292493	4.0572753	5.7095394
put	5.6611304	3.8885891	5.7500777
shadow	4.870711	3.3180466	5.157002
practical	5.514985	3.8819516	6.0010834
surface	5.0062075	3.137333	4.862435
account	5.564146	4.048001	5.467432
loss	4.560873	4.481814	4.6989675
indian	5.1469707	4.945951	5.417355
vine	6.441811	3.6686416	5.8311024
certain	5.116429	4.410688	5.4893875
sin	3.5057907	4.324465	4.398144
necessity	4.2218246	4.214812	4.695148
lose	4.673258	4.4858985	5.206985
private	4.375477	3.7395418	5.287507
gentleman	5.6126633	3.3609326	5.2898626
daughter	5.458057	4.29186	4.9743977
drive	4.2132564	4.590918	4.652798
strange	4.7362857	4.8903956	4.672487
journey	6.0990257	3.769033	5.795142
uncle	5.7514076	3.943153	5.9715557
species	5.5800323	4.447593	5.2649946
think	5.5158086	4.237279	5.515837
bed	5.380673	3.3170362	5.32264
wind	5.120648	4.0580387	4.9116607
bless	7.3755884	4.1518927	6.411502
destroy	3.9067428	4.889611	4.68469
author	5.54147	4.259793	5.19284
sustain	5.276469	3.9802468	5.7481914
black	4.4345903	4.567819	4.5608993
event	5.970284	4.4674306	5.0882277
liberty	6.958642	4.8860245	6.2220063
negro	4.391281	4.4193993	4.466867
little	4.995661	4.068178	4.980763
fortune	5.814708	4.3047333	5.438285
touch	5.690418	3.7461767	5.50328
kill	4.4790387	5.115819	4.825445
feature	5.44981	3.8986056	5.508296
happiness	7.158166	4.2269526	6.5643115
assume	4.0831914	3.6899283	4.9820967
notion	5.7149525	3.9920657	5.492207
purchase	6.275632	3.8898463	6.421179
faithful	6.1980925	3.6129847	5.9632735
soldier	4.2710776	4.621827	4.8271494
father	5.7971077	4.132615	5.2970786
narrow	3.4038997	3.9259098	4.403044
great	5.4526496	4.1897388	5.4793406
tear	4.000979	4.1107793	4.4622383
honorable	5.64296	4.267303	5.951637
previous	4.5614986	3.9565058	5.056701
good	6.3132324	3.8443916	6.3526006
domestic	5.055695	3.672307	5.0628304
glory	6.714221	4.4787064	6.043127
lay	4.9547467	3.218863	5.557836
occasion	5.1918907	4.242113	5.043341
guard	4.6376414	4.0091777	5.1816015
whole	5.3549185	4.133137	5.31038
mouth	5.032438	4.29266	5.4468403
receive	6.371603	3.618177	6.112649
take	5.4478483	3.7252045	5.7408934
simple	6.027135	3.7582383	5.959239
error	3.289755	4.418019	4.1539745
wisdom	6.3535337	4.089863	6.2555532
rock	5.5735655	4.250021	5.211445
decide	5.2617483	3.9909215	5.637115
exclaim	5.838311	4.7714486	5.62604
assure	6.8829665	4.046016	6.602791
sign	5.064783	3.602458	5.3022346
preserve	5.863771	3.395409	5.9332523
commerce	5.6204157	4.2449107	5.623479
plant	4.913476	3.7637634	5.162797
walk	5.669282	3.6632907	5.883407
difference	5.0902157	3.967721	5.267926
hang	4.755979	3.8339524	5.111611
following	6.6901073	3.5319462	6.057008
employ	4.934159	3.9482596	6.117431
