deal	4.9437885	4.412168	4.9215455
study	6.108966	3.8587148	6.4083886
afford	6.3405285	3.8325765	5.8071995
service	5.6535463	3.8204398	5.9300756
height	5.151618	4.213219	5.1632576
prospect	6.970527	4.306347	6.128778
pleasant	6.8900914	3.9474616	6.0592504
shade	5.213099	3.5789008	5.3868213
listen	5.2347574	4.3332825	5.493311
mighty	5.7717094	4.601416	5.5702233
country	5.352539	3.8227475	5.529641
title	6.412318	3.6594393	6.034747
choose	5.4076643	3.555885	5.938611
village	5.897975	3.9132428	5.402666
acquire	6.3991685	4.497539	6.6010585
rank	5.046745	4.050935	5.183792
bow	5.735536	3.4699645	5.815418
doctor	4.7177386	3.9244394	4.9236116
talent	7.033491	4.5942955	6.7564945
source	5.9482946	4.121826	5.5630426
lead	4.776379	4.017986	5.3727665
question	5.1449184	3.8585038	5.506612
publish	5.5273924	4.1731873	5.732111
interest	5.885865	4.027626	5.7512507
serve	5.25811	3.349691	5.662351
divine	6.4107695	3.953434	5.6092534
put	5.5767193	3.9941208	5.7321377
shadow	4.9223366	3.3367128	5.159312
practical	5.7296524	3.9730601	5.9417253
surface	5.1066475	3.1932907	4.8836384
account	5.71673	3.954556	5.582247
loss	4.38721	4.4041038	4.639867
indian	4.9464507	4.9681015	5.33638
vine	6.3061957	3.7482944	5.700741
certain	5.041908	4.4672375	5.4413548
sin	3.6212132	4.392125	4.261441
necessity	4.450788	4.2512064	4.8209515
lose	4.63712	4.554744	5.035067
private	4.579659	3.7758396	5.325311
gentleman	5.5683365	3.555686	5.259696
daughter	5.4069986	4.23717	5.0053725
drive	4.055323	4.7533665	4.654394
strange	4.7269053	4.9311585	4.661866
journey	6.106817	3.8117676	5.79227
uncle	6.022686	3.7823014	6.100461
species	5.418261	4.58392	5.266752
think	5.5399714	4.208379	5.511221
bed	5.5121355	3.2680573	5.4908404
wind	4.957326	4.067875	4.8150587
bless	7.251438	3.9824593	6.210301
destroy	3.9034965	5.021163	4.750888
author	5.627305	4.224722	5.2551537
sustain	5.0906916	4.0648966	5.637556
black	4.5667973	4.425932	4.4648104
event	5.9105353	4.453547	5.032034
liberty	6.8638177	4.8370824	6.101809
negro	4.434952	4.480598	4.5597854
little	5.12383	4.0158753	5.1112256
fortune	5.8969655	4.2417197	5.402561
touch	5.516188	3.630097	5.4952044
kill	4.334525	5.1610928	4.713293
feature	5.2390723	3.809025	5.453917
happiness	7.204829	4.309042	6.4470177
assume	4.193498	3.7459605	5.076234
notion	5.7523274	3.9624019	5.568828
purchase	6.2517633	3.7744415	6.4587965
faithful	6.281916	3.7302477	5.9868035
soldier	4.2973733	4.458376	4.837518
father	5.7057147	3.8796396	5.371893
narrow	3.625639	3.8069222	4.3820343
great	5.4443054	4.3460712	5.172673
tear	4.0563307	3.9411392	4.47102
honorable	5.6338677	4.2733927	5.9638734
previous	4.5391207	3.9478369	5.039703
good	6.0166736	3.763669	5.972919
domestic	5.1466284	3.7364645	5.088185
glory	6.713782	4.5224423	6.0954494
lay	4.869802	3.39746	5.483989
occasion	5.1513343	4.198002	4.961051
guard	4.874219	3.9445057	5.234584
whole	5.3396745	4.045354	5.24207
mouth	4.9026318	4.0851502	5.360427
receive	6.066672	3.6794868	5.9744616
take	5.2213035	3.8424144	5.801079
simple	6.0548224	3.6672177	5.887507
error	3.4283576	4.362852	4.048402
wisdom	6.13893	3.9540868	5.9929104
rock	5.541802	4.2157335	5.147335
decide	5.044473	3.8436375	5.622556
exclaim	5.6422606	4.7647257	5.6082287
assure	6.9174356	3.9173613	6.5778785
sign	5.1685038	3.5265164	5.331988
preserve	5.89573	3.4915614	5.86932
commerce	5.5184584	4.4153686	5.507436
plant	4.888512	3.824856	5.0461755
walk	5.7111588	3.807753	5.879365
difference	5.2707834	4.01982	5.193325
hang	4.778438	3.8231363	5.156073
following	6.6595497	3.4313998	6.065174
employ	4.968019	4.0192723	6.0583887
