deal	4.82672	4.2408385	5.07758
study	6.1938596	3.840547	6.528406
afford	6.3388567	4.136825	5.7892513
service	5.500661	3.976425	5.7920904
height	5.200166	4.311091	5.092131
prospect	6.728589	4.450618	5.954367
pleasant	6.9062576	3.9367452	6.0839405
shade	5.1748495	3.6814103	5.2820926
listen	5.1982265	4.2288384	5.5023026
mighty	5.6491256	4.3740726	5.571194
country	5.3756514	3.5647068	5.422542
title	6.2638063	3.629253	6.0701594
choose	5.421762	3.688699	5.806921
village	6.1961813	3.9383368	5.577923
acquire	6.3507795	4.480101	6.6496363
rank	5.120007	3.9428408	5.047757
bow	5.797714	3.3723261	5.825759
doctor	4.769986	3.8423672	4.928617
talent	6.9941654	4.5354104	6.647773
source	6.1599	4.2632422	5.696499
lead	4.9556127	3.9779787	5.4729195
question	5.184859	3.9531355	5.458803
publish	5.564638	3.8151593	5.8254232
interest	6.0663085	4.066852	5.911434
serve	5.2173524	3.4331813	5.665429
divine	6.509845	4.007395	5.652633
put	5.653668	3.7110496	5.656926
shadow	4.698497	3.4932802	4.9914126
practical	5.62677	3.8714714	6.016781
surface	5.1497726	3.2445817	4.9278235
account	5.606449	4.1053586	5.585928
loss	4.416873	4.493214	4.437323
indian	4.869908	4.8948197	5.3145514
vine	6.1965895	3.782188	5.751451
certain	5.1279416	4.458206	5.5114617
sin	3.6936665	4.316283	4.311541
necessity	4.2494607	4.1941204	4.791515
lose	4.705259	4.4218564	5.062258
private	4.2694774	3.865218	5.198209
gentleman	5.67146	3.6114674	5.2531495
daughter	5.4234886	4.266848	4.87861
drive	4.1665864	4.7457356	4.7048993
strange	4.698639	4.7331014	4.6707687
journey	6.149274	3.7309496	5.8708572
uncle	5.8462353	4.038107	5.9322405
species	5.5038414	4.4259605	5.158683
think	5.5381866	4.283627	5.6497107
bed	5.4531527	3.2780745	5.5712347
wind	5.0961943	4.0010495	4.977778
bless	7.3135777	4.185832	6.2321806
destroy	4.0385804	4.8721724	4.789783
author	5.6525893	4.177101	5.3075695
sustain	5.2594624	3.9183478	5.7365546
black	4.389498	4.6083426	4.5857167
event	5.9123764	4.475804	5.060651
liberty	6.9781513	4.863272	6.212866
negro	4.499674	4.28003	4.5667014
little	4.9898477	3.9667556	5.0752597
fortune	5.92294	4.2892733	5.417673
touch	5.7219176	3.6968207	5.565681
kill	4.41843	5.165947	4.7925596
feature	5.182022	3.9341755	5.52122
happiness	7.3100224	4.417154	6.640625
assume	4.2253685	3.713014	5.026832
notion	5.700868	3.9581363	5.5057054
purchase	6.2800364	3.7920532	6.4560537
faithful	6.2639565	3.678134	6.0488214
soldier	4.2780876	4.4779906	4.9337296
father	5.6137104	4.1575904	5.099046
narrow	3.437314	3.6809707	4.3649983
great	5.2300773	3.9493513	5.2307343
tear	4.006462	3.9720345	4.583269
honorable	5.4587913	4.2906585	5.8223753
previous	4.495367	3.9216046	4.9865403
good	6.0805063	3.6410375	6.0953774
domestic	5.0820837	3.6857762	4.945243
glory	6.7532883	4.4373264	5.985892
lay	4.6461096	3.2337291	5.379527
occasion	5.340023	4.1825786	5.0917993
guard	4.7856307	3.9208205	5.2793436
whole	5.305355	4.065044	5.290105
mouth	5.0642433	4.113579	5.476913
receive	6.4208293	3.816074	6.0672703
take	5.2466455	3.4986725	5.6309896
simple	6.0799932	3.7938352	5.9839516
error	3.4681487	4.3511724	4.1472654
wisdom	6.377441	4.0852118	6.207169
rock	5.5887084	4.247558	5.188307
decide	5.1311674	3.957659	5.663664
exclaim	5.6118517	4.916838	5.5280666
assure	6.9846826	4.0779567	6.5465856
sign	5.000618	3.3879566	5.2697453
preserve	5.917391	3.5359657	5.8260283
commerce	5.4338827	4.29466	5.55266
plant	4.9834633	3.7911897	5.2624965
walk	5.6213803	3.7531009	5.777258
difference	4.992621	3.973848	5.1028376
hang	4.7116284	3.8827457	4.9997563
following	6.637171	3.6279478	5.9714694
employ	5.0848823	3.9952638	6.141864
