deal	4.932099	4.347344	4.965462
study	6.283734	3.8987072	6.49737
afford	6.045643	4.0295796	5.7700176
service	5.482844	3.9857163	5.724139
height	5.163586	4.24526	5.1484094
prospect	6.6627445	4.3913426	5.79408
pleasant	6.76525	3.920282	6.019987
shade	5.0548778	3.5786612	5.2025385
listen	5.3519588	4.1524196	5.6967983
mighty	5.6454754	4.4106083	5.5599804
country	5.3091044	3.648777	5.379837
title	6.1901436	3.9352493	6.033073
choose	5.4260864	3.52701	5.771404
village	6.0965295	3.9762812	5.4773865
acquire	6.4108715	4.4937935	6.7477627
rank	4.9912353	4.042662	5.082951
bow	5.8435144	3.2880814	5.8208294
doctor	4.853607	3.8748593	4.8995733
talent	6.7965727	4.569173	6.54107
source	6.0402327	4.1194286	5.6429243
lead	4.894526	3.9286094	5.4790688
question	4.9881687	3.822113	5.244885
publish	5.4845757	4.093903	5.734257
interest	5.983204	3.8917656	5.7297163
serve	5.1909637	3.3828118	5.7830276
divine	6.4925537	4.0133796	5.7105637
put	5.6738687	3.832627	5.7999983
shadow	4.949678	3.3858435	5.0597863
practical	5.6863756	3.923856	5.907641
surface	5.13242	3.2004108	4.8929524
account	5.676035	4.0147915	5.630072
loss	4.438438	4.596154	4.3748536
indian	5.0684037	5.016486	5.342152
vine	5.993326	3.7009254	5.6908464
certain	4.819379	4.4556146	5.375908
sin	3.778563	4.3464046	4.36417
necessity	4.3290896	4.292112	4.7488117
lose	4.655108	4.5524354	5.0944014
private	4.5575495	3.8175793	5.216051
gentleman	5.446999	3.5220819	5.293502
daughter	5.429356	4.282549	5.007553
drive	4.118944	4.5816517	4.6456046
strange	4.530273	4.888887	4.524393
journey	6.0592027	3.8666406	5.823171
uncle	6.0181594	3.8247552	6.1555476
species	5.4560456	4.472988	5.333357
think	5.3410907	4.3891816	5.3252378
bed	5.2812014	3.37883	5.276033
wind	4.990652	4.096348	4.879383
bless	7.2260585	3.9860282	6.273907
destroy	3.8607686	4.938245	4.647812
author	5.5861464	4.138374	5.332707
sustain	5.232075	4.038026	5.690747
black	4.4296308	4.476599	4.436459
event	5.8428807	4.3316164	5.026439
liberty	6.8881097	4.871833	6.116551
negro	4.3714213	4.388815	4.4657893
little	4.964017	3.912965	4.834321
fortune	5.8409925	4.3243685	5.353086
touch	5.4519267	3.6575117	5.458868
kill	4.407738	5.1394715	4.776102
feature	5.225674	3.8980193	5.338435
happiness	7.305765	4.2852206	6.5318785
assume	4.025781	3.695994	4.954469
notion	5.641428	3.9441075	5.518188
purchase	6.31585	3.8000138	6.4598665
faithful	6.1053295	3.607937	5.866644
soldier	4.3395987	4.586939	4.848185
father	5.642907	3.9362524	5.1620836
narrow	3.5009768	3.8873463	4.3735585
great	5.406353	4.1632857	5.255042
tear	3.8350105	3.9421105	4.4470716
honorable	5.584564	4.2810116	5.8840446
previous	4.517997	4.04561	5.0016665
good	6.0024843	3.872291	5.982387
domestic	5.173802	3.8291614	4.9542236
glory	6.812028	4.4541974	6.1214533
lay	4.8006234	3.2765398	5.5403347
occasion	5.083832	4.3317704	5.024614
guard	4.798453	3.7954924	5.290869
whole	5.316052	4.1209726	5.2505226
mouth	5.1719317	4.1660023	5.4589977
receive	6.1841135	3.6409018	6.018568
take	5.0189133	3.7650337	5.4806256
simple	5.95421	3.7297668	5.9546466
error	3.5951324	4.3025064	4.2467585
wisdom	6.354431	4.0458803	6.172686
rock	5.4898996	4.117469	5.239648
decide	4.834886	3.9383557	5.425166
exclaim	5.709713	4.7613916	5.5350823
assure	6.8867264	3.9418826	6.5540113
sign	4.959233	3.4923782	5.2078586
preserve	5.9925485	3.4765396	5.9740534
commerce	5.6532755	4.30139	5.5955443
plant	4.766022	3.8427854	5.096219
walk	5.6841865	3.7232661	5.8040533
difference	5.2667894	4.091396	5.2852664
hang	4.7026687	3.6677547	5.067636
following	6.5515924	3.507496	6.1550694
employ	5.0781965	3.92366	6.2009716
