deal	5.0086555	4.2536383	5.155365
study	6.255622	4.008046	6.471945
afford	6.045941	3.9686248	5.583754
service	5.621273	3.9820557	5.9814935
height	5.225835	4.194929	5.171475
prospect	6.694398	4.3648424	6.0041833
pleasant	6.8558273	3.9162958	6.0616045
shade	5.137807	3.6554322	5.2396817
listen	5.2135115	4.2376766	5.503178
mighty	5.6506643	4.4814353	5.50277
country	5.3489876	3.5980575	5.527598
title	6.3144007	3.7381523	5.915144
choose	5.3079357	3.5052538	5.7188616
village	5.9884396	3.9048636	5.541662
acquire	6.4634533	4.4374194	6.7048516
rank	5.124797	3.9044876	5.147397
bow	5.786124	3.457467	5.9090014
doctor	4.766584	3.9052067	4.778545
talent	6.964605	4.5109253	6.673315
source	6.040747	4.1268086	5.645237
lead	4.828726	3.9581504	5.491946
question	5.251787	3.737103	5.5017967
publish	5.5014825	4.0247426	5.7594976
interest	6.2363586	4.14494	5.886978
serve	5.208351	3.5891683	5.6544876
divine	6.3790693	3.9600472	5.5854993
put	5.444877	3.8410378	5.623693
shadow	4.9471626	3.472262	5.169945
practical	5.599972	3.8955069	5.965472
surface	5.109447	3.186258	4.8811016
account	5.6119647	3.9817634	5.5335417
loss	4.4221783	4.4529133	4.5424166
indian	5.054056	4.8738313	5.4186125
vine	6.3662386	3.5916734	5.8983016
certain	4.842515	4.4334226	5.2084293
sin	3.7295103	4.3806086	4.410384
necessity	4.1945724	4.3549023	4.5598397
lose	4.502564	4.435321	4.998002
private	4.5396285	3.682907	5.3046813
gentleman	5.569378	3.5206203	5.2845893
daughter	5.6907268	4.22376	4.9976225
drive	3.9941983	4.597377	4.5930247
strange	4.485676	4.8534126	4.504735
journey	6.0113173	3.807807	5.7725644
uncle	5.9044523	3.862516	5.9584346
species	5.287174	4.4088006	5.154222
think	5.4950876	4.2717986	5.526254
bed	5.3777905	3.4069538	5.364611
wind	5.081309	4.0005965	4.855986
bless	7.316988	4.0156083	6.384205
destroy	3.7301474	4.862152	4.6354365
author	5.578742	4.237014	5.224294
sustain	5.007932	3.9215755	5.57786
black	4.626836	4.5490108	4.6604834
event	6.018987	4.486016	5.206152
liberty	6.7162867	4.865112	6.0087366
negro	4.5333877	4.390785	4.654932
little	4.801157	4.024933	4.8080034
fortune	6.0269823	4.330174	5.515078
touch	5.5603175	3.7307901	5.5695686
kill	4.3427005	5.0071535	4.8706307
feature	5.2659965	3.8233166	5.511717
happiness	7.325081	4.277531	6.6653447
assume	4.0791216	3.7018032	4.893359
notion	5.5600905	3.9819076	5.353622
purchase	6.2065063	3.6788015	6.415756
faithful	6.272087	3.65158	6.0461526
soldier	4.673964	4.475147	5.1114163
father	5.8203497	4.0437193	5.194438
narrow	3.4771838	3.916242	4.35629
great	5.2890005	4.2386312	5.1577373
tear	3.985342	3.8857946	4.554372
honorable	5.614216	4.270639	6.0289783
previous	4.460111	3.955915	4.94028
good	6.242518	3.6236143	6.100479
domestic	5.1275897	3.8747458	4.9423976
glory	6.7792025	4.488492	6.017992
lay	4.749769	3.4416842	5.5202575
occasion	5.139346	4.2822504	5.029571
guard	4.8580165	3.72086	5.2883673
whole	5.1902113	4.2616076	5.2116146
mouth	5.087893	4.0254226	5.515893
receive	6.2931404	3.6410341	6.0389557
take	4.9266853	3.7350192	5.5054955
simple	6.053583	3.7471056	5.885936
error	3.5835123	4.4050746	4.297615
wisdom	6.3672476	3.991347	6.1552157
rock	5.448594	4.2744293	5.150485
decide	4.920652	3.9873118	5.418606
exclaim	5.8192635	4.5105677	5.648716
assure	6.8582296	3.9727194	6.5591946
sign	5.03187	3.3334646	5.2343326
preserve	5.67222	3.3699884	5.7696276
commerce	5.5545077	4.23764	5.5670276
plant	4.9691086	3.6342213	5.2214637
walk	5.519416	3.626765	5.7207303
difference	5.1714873	3.9727225	5.289848
hang	4.7866454	3.9105098	5.1853304
following	6.6233644	3.6759539	6.1132455
employ	4.965603	3.953442	6.1248393
