deal	4.8206573	4.1875873	4.9222665
study	6.3345184	3.9806724	6.598636
afford	6.1550803	4.0113378	5.6757936
service	5.652947	3.9285636	5.8994226
height	5.1031413	4.2322693	5.127704
prospect	6.866871	4.379764	6.1180773
pleasant	6.8099327	3.9452293	6.0325
shade	5.0920506	3.729116	5.2423625
listen	5.2910156	4.392957	5.5294657
mighty	5.73068	4.4700694	5.5445137
country	5.5691442	3.5471842	5.5617313
title	6.064336	3.8603892	5.8862963
choose	5.2261844	3.6138153	5.7458205
village	6.0390534	4.0631785	5.5863113
acquire	6.4377604	4.621348	6.718319
rank	5.207451	4.0788403	5.1268315
bow	6.01178	3.2885413	5.95038
doctor	4.952715	3.8804636	4.9899025
talent	6.958516	4.60088	6.68925
source	6.112871	4.284777	5.7232146
lead	4.8452625	4.0277457	5.4863706
question	5.132942	4.050327	5.515944
publish	5.496167	3.9279997	5.7067776
interest	6.246394	3.9464045	5.8379416
serve	4.9707065	3.501924	5.4411926
divine	6.3897333	3.9732618	5.617709
put	5.5695963	3.892737	5.5865173
shadow	4.8981934	3.5117178	5.0276837
practical	5.6776986	3.836387	6.036468
surface	5.203511	3.2358484	4.981427
account	5.7554684	3.9667225	5.6460137
loss	4.5177264	4.271444	4.6140065
indian	5.051448	4.9987855	5.4465857
vine	6.154681	3.7091208	5.808255
certain	4.811692	4.4441056	5.2512445
sin	3.6957421	4.328406	4.2977643
necessity	4.150958	4.2127094	4.670227
lose	4.844491	4.4709697	5.1561947
private	4.3209176	3.7270226	5.1580677
gentleman	5.3746185	3.5632484	5.27159
daughter	5.5339937	4.219083	5.2179613
drive	4.021097	4.6913214	4.575813
strange	4.5918913	4.773795	4.520077
journey	6.107191	3.7535896	5.8991184
uncle	5.8554196	3.88287	6.3326297
species	5.418499	4.479272	5.1975093
think	5.466467	4.1345615	5.4991446
bed	5.2766333	3.3812833	5.46631
wind	5.0701885	3.9805603	4.844864
bless	7.171688	4.1710105	6.2855453
destroy	3.8403425	4.974243	4.6550055
author	5.6222105	4.098883	5.340881
sustain	5.1193795	3.9417908	5.6424274
black	4.169132	4.542207	4.485369
event	6.0143833	4.5374575	5.118325
liberty	7.0729876	4.8503523	6.1860557
negro	4.299364	4.2603717	4.469724
little	5.1645164	4.0378146	5.103814
fortune	5.8357306	4.2245913	5.4704676
touch	5.6564026	3.5563164	5.5531263
kill	4.3845983	4.9931073	4.8050237
feature	5.2411366	3.89459	5.493451
happiness	7.3711586	4.3505454	6.597222
assume	4.1554694	3.8132484	5.0241885
notion	5.731498	3.7913284	5.471922
purchase	6.2350235	3.861909	6.452115
faithful	6.229492	3.6868858	6.0025773
soldier	4.323979	4.420293	4.8612185
father	5.536361	3.9256365	5.20951
narrow	3.676573	3.669559	4.378907
great	5.1017146	4.0974607	5.164399
tear	3.9031634	3.9891868	4.4623656
honorable	5.7464013	4.310926	5.999753
previous	4.503565	3.9059143	5.092785
good	5.9495354	3.6857495	6.0634165
domestic	5.0135384	3.6332784	4.8539557
glory	6.804337	4.60055	6.024228
lay	4.8237276	3.3761654	5.453525
occasion	5.28198	4.189608	5.094982
guard	5.010854	3.8261902	5.3242655
whole	5.2501	3.8528354	5.2150803
mouth	5.077633	4.2429404	5.4965506
receive	6.2222385	3.7219539	5.940997
take	5.314108	3.7829857	5.6186957
simple	6.060811	3.7244585	5.931306
error	3.5723794	4.3229394	4.2917295
wisdom	6.386727	4.03283	6.112631
rock	5.4344707	4.210914	5.1249914
decide	4.9562254	4.1386437	5.5946636
exclaim	5.6377163	4.791305	5.5629945
assure	6.852904	4.002659	6.572785
sign	5.053959	3.3888297	5.303303
preserve	5.7642403	3.4892592	5.810636
commerce	5.6894946	4.353461	5.598111
plant	4.838544	3.7810223	5.1386614
walk	5.5904617	3.7409143	5.7372513
difference	4.98396	4.012388	5.0288677
hang	4.734237	3.8417745	5.084989
following	6.659788	3.48651	6.095589
employ	4.9030004	3.99337	5.9869823
