deal	4.8767033	4.3210597	4.9570684
study	6.2213125	4.0187097	6.481085
afford	6.026977	4.0443034	5.6618686
service	5.6832247	3.9778788	5.913898
height	5.1955657	4.2305193	5.2142363
prospect	6.817214	4.4201674	5.877391
pleasant	6.649612	3.8888698	5.930402
shade	5.1022096	3.6765108	5.2295923
listen	5.2241755	4.2378807	5.550696
mighty	5.6177464	4.394955	5.530801
country	5.459223	3.6928065	5.4494553
title	6.393541	3.75279	6.0277095
choose	5.3752365	3.6520092	5.794563
village	6.0697894	4.0102277	5.5599866
acquire	6.535349	4.4461236	6.808302
rank	5.172405	4.045393	5.2024794
bow	5.900778	3.3498218	5.806823
doctor	4.8905253	3.888431	4.9808836
talent	6.9744186	4.6160655	6.7621155
source	5.9769735	4.202724	5.6285996
lead	4.831396	4.0511665	5.52368
question	5.13361	3.97258	5.533664
publish	5.499722	4.042149	5.753033
interest	5.8332872	3.972582	5.5762534
serve	4.9540534	3.433939	5.6950064
divine	6.4303875	3.9872477	5.6746616
put	5.577481	3.8217504	5.804738
shadow	4.895545	3.5479708	4.998395
practical	5.566163	3.9548194	5.971847
surface	5.035151	3.1896474	4.8853846
account	5.579193	3.951058	5.4371314
loss	4.4839287	4.470255	4.4680037
indian	5.0034204	4.998667	5.440011
vine	6.348883	3.7317774	5.686828
certain	4.8535237	4.3988233	5.3245573
sin	3.6291559	4.336407	4.2434535
necessity	4.293605	4.3438764	4.647573
lose	4.5871124	4.630929	5.150048
private	4.2765393	3.6688318	5.056978
gentleman	5.524979	3.5007846	5.3198724
daughter	5.608676	4.211186	5.0251484
drive	4.2998624	4.6645565	4.7395554
strange	4.5752482	4.8075686	4.5551805
journey	6.0307565	3.7264247	5.76024
uncle	5.66024	3.9762638	5.8130445
species	5.3763027	4.4556155	5.2043185
think	5.451092	4.321822	5.4261217
bed	5.402519	3.3458533	5.3897524
wind	5.122878	4.1375775	4.843929
bless	7.274575	4.0879645	6.3591766
destroy	3.9151697	4.868998	4.804098
author	5.618463	4.1252565	5.3128953
sustain	5.2099004	3.9585764	5.7217436
black	4.3043613	4.5001	4.419002
event	5.764985	4.3741045	5.0029964
liberty	6.986354	4.843863	6.0766993
negro	4.4250045	4.284463	4.4912605
little	4.9228725	4.0698028	4.9170384
fortune	5.9446335	4.1379848	5.493555
touch	5.658479	3.5455127	5.540101
kill	4.359298	5.067497	4.761477
feature	5.270453	3.8700242	5.4233
happiness	7.190463	4.33707	6.4701147
assume	4.177763	3.6684232	5.0650024
notion	5.8725295	3.9905992	5.573868
purchase	6.3786607	3.8110027	6.451221
faithful	6.2528625	3.7072856	5.923115
soldier	4.474975	4.386754	4.868947
father	5.7162914	3.9427304	5.1831875
narrow	3.5440178	3.803732	4.4064484
great	5.1442575	4.227557	5.1365314
tear	3.9639611	3.9327228	4.4510016
honorable	5.4586453	4.381443	5.8807287
previous	4.5259914	4.0409613	5.032223
good	6.088418	3.6925218	6.0884533
domestic	5.0830536	3.8575041	4.8803596
glory	6.875658	4.389254	6.1124907
lay	4.8871355	3.4643564	5.547446
occasion	5.1233845	4.237247	5.081415
guard	5.0639343	3.8947258	5.287181
whole	5.3106627	4.0774484	5.279558
mouth	4.9676056	4.186999	5.4061437
receive	6.233791	3.6987936	6.043166
take	5.5677557	3.6081572	5.888084
simple	6.04673	3.7449412	5.947747
error	3.581548	4.375725	4.2389574
wisdom	6.045229	4.0948277	6.0292974
rock	5.4533257	4.287247	5.1794252
decide	4.929724	4.0721006	5.5877204
exclaim	5.9127502	4.7425165	5.693707
assure	6.8435545	3.9846246	6.533217
sign	5.015086	3.48982	5.2444754
preserve	5.819077	3.488117	5.8329325
commerce	5.5942574	4.475727	5.575164
plant	4.883192	3.6886806	5.090818
walk	5.840606	3.842967	5.9556656
difference	5.116202	4.113936	5.2412815
hang	4.883838	3.8744998	5.109869
following	6.4730678	3.6636827	5.936296
employ	4.8990564	4.0678215	6.0778975
