deal	4.819312	4.336916	5.0920687
study	6.2442093	4.0257587	6.590564
afford	6.1195564	3.930459	5.692382
service	5.6054506	3.976055	5.875323
height	5.2009473	4.2223706	5.1390896
prospect	6.7470493	4.3675556	5.932559
pleasant	6.691757	3.9027438	5.91326
shade	5.099011	3.6201758	5.2361746
listen	5.2424183	4.171376	5.5742426
mighty	5.698304	4.481658	5.5063195
country	5.391828	3.475294	5.6017785
title	6.195495	3.8474364	6.01899
choose	5.3079405	3.7307904	5.8087597
village	6.080886	4.023677	5.6467986
acquire	6.5192842	4.4913726	6.697742
rank	5.1440797	4.056225	5.157166
bow	5.8522935	3.527405	5.7489552
doctor	4.840033	3.786678	4.900047
talent	6.9007225	4.576386	6.6401954
source	5.820244	4.202702	5.6086407
lead	5.0694685	4.124198	5.5574594
question	5.1915355	3.8792534	5.520691
publish	5.5908527	3.9702833	5.8459983
interest	5.9944057	4.131721	5.7758346
serve	4.9617352	3.4098127	5.5840855
divine	6.3663445	4.0522294	5.657956
put	5.49332	3.8231416	5.656442
shadow	4.8671665	3.4209313	5.062314
practical	5.6907964	3.8491826	5.96914
surface	5.078735	3.1491327	4.882756
account	5.7405367	4.0407643	5.5953255
loss	4.5125813	4.500879	4.531804
indian	5.115137	4.931855	5.4408774
vine	6.3666315	3.6300297	5.8316956
certain	4.904877	4.5140123	5.3294554
sin	3.667267	4.2850924	4.3521843
necessity	4.318673	4.244242	4.6922545
lose	4.66636	4.522691	5.1712933
private	4.418993	3.594302	5.253195
gentleman	5.5041647	3.5113602	5.1579084
daughter	5.4430866	4.256067	5.0611005
drive	4.0544615	4.7152734	4.6263905
strange	4.6988273	4.832703	4.607363
journey	6.080717	3.8013034	5.86733
uncle	5.7489667	3.754809	5.9040384
species	5.6023192	4.519417	5.2119045
think	5.49135	4.275115	5.4245567
bed	5.4448614	3.371291	5.450484
wind	4.9496818	4.18906	4.79326
bless	7.2450194	4.106286	6.399841
destroy	3.9315925	4.876742	4.740123
author	5.63041	4.2297916	5.1986837
sustain	5.175381	3.8347206	5.6912727
black	4.3984385	4.5096016	4.4269314
event	5.779147	4.3126764	4.9862065
liberty	6.885692	4.819022	6.1752806
negro	4.4666433	4.4039946	4.5493107
little	5.02392	4.1742616	5.0084987
fortune	5.9377975	4.282894	5.403043
touch	5.548279	3.67023	5.439295
kill	4.401219	5.2096157	4.8595295
feature	5.2912354	3.8112025	5.464564
happiness	7.2412553	4.3391047	6.597522
assume	4.213526	3.860023	5.0052333
notion	5.816127	4.1512556	5.501805
purchase	6.143548	3.8388999	6.4121637
faithful	6.1784086	3.6083188	5.9751506
soldier	4.497899	4.4282384	5.0269036
father	5.623177	4.0053935	5.3510976
narrow	3.3976657	3.7241483	4.1875134
great	5.130442	4.1167135	5.218939
tear	3.952524	4.0625024	4.47649
honorable	5.4499426	4.262679	5.8261375
previous	4.498355	4.044316	5.095669
good	6.1130238	3.4455981	6.0305586
domestic	5.0474315	3.470743	5.0504055
glory	6.695961	4.5465703	6.148059
lay	4.9050574	3.3061702	5.499961
occasion	5.2438884	4.198706	5.1102614
guard	5.09337	3.7776718	5.3542376
whole	5.0530057	4.044028	5.049562
mouth	5.0876646	4.043107	5.491595
receive	6.1911983	3.814507	6.055938
take	5.2000027	3.7540288	5.7289524
simple	5.94325	3.8369439	5.7415524
error	3.496366	4.409372	4.1772227
wisdom	6.2390127	4.0791807	6.144887
rock	5.497089	4.320465	5.0982037
decide	4.807732	4.039099	5.4858017
exclaim	5.74851	4.794221	5.675652
assure	6.8079147	4.210091	6.4844418
sign	5.144576	3.4477515	5.3159814
preserve	5.768849	3.3731818	5.861937
commerce	5.567622	4.1904135	5.6317573
plant	4.8561015	3.813028	5.2130837
walk	5.63686	3.727494	5.7782683
difference	5.083782	4.0355825	5.2829437
hang	4.7735806	3.6979723	5.0952997
following	6.59196	3.5096726	5.929717
employ	4.94057	3.860364	6.1476374
