deal	4.876865	4.3491845	5.0289226
study	6.2161493	4.0461307	6.5521507
afford	6.2040286	4.113183	5.7873173
service	5.458545	3.9496448	5.8076215
height	5.316721	4.193943	5.1564727
prospect	6.730028	4.2584	6.041106
pleasant	6.8065925	3.8703294	6.03052
shade	5.068738	3.5850945	5.181981
listen	5.4156575	4.2501097	5.5753336
mighty	5.7222815	4.4236674	5.589055
country	5.420856	3.584138	5.4560094
title	6.306017	3.7441597	6.1154003
choose	5.437635	3.5873795	5.7943254
village	6.1555357	4.0688972	5.6230135
acquire	6.5536275	4.4515743	6.653558
rank	4.9587803	3.9811077	5.059598
bow	5.7890906	3.5724955	5.8405504
doctor	4.8606257	3.9708898	4.9001737
talent	6.9861565	4.465994	6.6876063
source	6.068344	4.2934237	5.7413526
lead	5.0858893	3.9540389	5.562741
question	5.0593596	4.0933943	5.3011737
publish	5.3824406	4.0525146	5.771379
interest	6.150975	4.0792284	5.9606714
serve	5.0992255	3.4421678	5.5156317
divine	6.3130183	4.055121	5.6128917
put	5.61624	3.811769	5.749119
shadow	4.8156757	3.382814	5.045727
practical	5.5681934	3.959376	5.8483477
surface	5.0859456	3.2142024	4.9046917
account	5.6306796	4.030634	5.5826907
loss	4.26613	4.402755	4.5222807
indian	5.0419664	4.876742	5.373997
vine	6.1171274	3.692621	5.6407633
certain	4.96385	4.478489	5.3897853
sin	3.5968013	4.3011627	4.3075614
necessity	4.350314	4.201341	4.860655
lose	4.735892	4.498451	5.1116343
private	4.4174337	3.805476	5.2170815
gentleman	5.4968324	3.6043384	5.2033234
daughter	5.4222293	4.2563386	4.946081
drive	4.11341	4.6590643	4.747423
strange	4.725594	4.802541	4.7135625
journey	6.0847445	3.826142	5.7739706
uncle	6.00745	3.957814	6.0448604
species	5.3600273	4.4506626	5.0546417
think	5.4298596	4.264946	5.562504
bed	5.3990645	3.2824035	5.4401884
wind	5.024974	4.135873	4.932054
bless	7.1692486	3.9444525	6.279183
destroy	3.8425155	5.0661125	4.7698994
author	5.450209	4.2776685	5.182178
sustain	5.217971	3.9540265	5.706444
black	4.449578	4.4851704	4.581149
event	5.946136	4.5010934	5.1073747
liberty	6.9595537	4.897854	6.238948
negro	4.3522053	4.444247	4.461319
little	4.9198146	3.981636	5.065014
fortune	5.812248	4.337468	5.4508095
touch	5.687511	3.7119284	5.5708594
kill	4.3914194	5.0954804	4.7649565
feature	5.4041886	3.81985	5.477265
happiness	7.2157493	4.240519	6.5340724
assume	4.0915346	3.6603785	4.8746915
notion	5.681508	4.0124125	5.454939
purchase	6.1214104	3.7658148	6.3288517
faithful	6.2571793	3.6005087	6.023207
soldier	4.4426193	4.4418006	4.9354596
father	5.499864	3.98437	5.235103
narrow	3.4152706	3.7784915	4.287517
great	4.916554	4.2788267	5.005952
tear	3.973503	3.9274468	4.473544
honorable	5.464517	4.3759394	5.8490124
previous	4.399999	3.9659944	4.9297915
good	6.0281844	3.7417972	6.0563083
domestic	4.959772	3.6786573	4.957925
glory	6.820047	4.425839	6.074444
lay	4.884015	3.4016664	5.545458
occasion	5.022859	4.3310165	4.9492364
guard	4.9537177	3.734502	5.3550577
whole	5.0922565	4.1089115	5.166445
mouth	5.2460847	4.0238523	5.5264935
receive	6.3218346	3.8775764	6.061814
take	5.469173	3.6648712	5.7927966
simple	6.0541034	3.766718	5.912348
error	3.4855669	4.3445964	4.256706
wisdom	6.1885576	4.1564474	6.048476
rock	5.5985985	4.110541	5.2240725
decide	5.1050425	4.0744967	5.569464
exclaim	5.6428328	4.744377	5.614552
assure	6.7566967	3.9917092	6.552449
sign	5.0637994	3.5158777	5.1953826
preserve	5.9127393	3.5234442	5.930458
commerce	5.6122293	4.276724	5.560264
plant	4.7813354	3.7284276	5.146667
walk	5.692522	3.7542496	5.8267293
difference	5.09539	3.9334645	5.2378793
hang	4.701892	3.7815154	5.09947
following	6.5784526	3.6525893	6.1396847
employ	5.0339174	4.054681	6.1373796
