deal	5.1770315	4.3399396	5.231881
study	6.3265343	3.9195757	6.6060786
afford	6.1294165	3.9294527	5.657719
service	5.4704695	3.9133897	5.854928
height	5.2489367	4.245393	5.2400274
prospect	6.771491	4.226157	5.992756
pleasant	6.7897863	3.9474864	6.0789285
shade	5.0559363	3.507145	5.2559466
listen	5.360011	4.1459575	5.579693
mighty	5.624392	4.4927697	5.4433546
country	5.330687	3.6506212	5.5369487
title	6.3118625	3.7885466	6.0866013
choose	5.4060917	3.636623	5.9071164
village	6.044751	4.0699778	5.531125
acquire	6.6290097	4.4619255	6.8142776
rank	5.0041428	3.9250314	5.1056237
bow	5.740335	3.404378	5.8015566
doctor	4.986042	3.89185	5.045224
talent	6.897115	4.5942087	6.6319337
source	6.1099834	4.2058754	5.634776
lead	4.810918	4.0534034	5.501506
question	5.357454	3.753046	5.518729
publish	5.449786	4.0485477	5.6754456
interest	5.977384	3.8984497	5.708418
serve	5.025534	3.3325307	5.5650682
divine	6.431953	3.9469335	5.6955867
put	5.5816603	3.7803993	5.775368
shadow	4.977878	3.4131308	5.1667385
practical	5.6053863	3.861474	5.950808
surface	5.168311	3.2445145	4.9430876
account	5.668702	4.0088844	5.571355
loss	4.396982	4.391743	4.447951
indian	5.091531	4.9441257	5.4800086
vine	6.1052766	3.6274123	5.787023
certain	4.8915195	4.55318	5.3520875
sin	3.5699205	4.2948565	4.289677
necessity	4.2238183	4.3229313	4.6738963
lose	4.6376762	4.5606155	5.104726
private	4.4229813	3.624378	5.149959
gentleman	5.650308	3.4211273	5.4141073
daughter	5.4139476	4.2553487	4.938808
drive	4.140629	4.756091	4.7444134
strange	4.627543	4.823795	4.591234
journey	5.9846945	3.8720899	5.660054
uncle	5.8644223	3.7489703	6.0407515
species	5.3743687	4.4473257	5.2296333
think	5.4528847	4.2573156	5.4513083
bed	5.418784	3.3298917	5.3856153
wind	5.0573773	4.0740423	4.82026
bless	7.255499	3.9725358	6.3426275
destroy	3.9564362	4.946214	4.879619
author	5.7487154	4.1824813	5.3757486
sustain	5.209794	3.940458	5.7579684
black	4.414382	4.4704266	4.507526
event	5.9115453	4.1867037	4.9549756
liberty	7.0144987	4.8749146	6.1591883
negro	4.3735843	4.1744127	4.578365
little	5.0758114	4.011098	4.9293156
fortune	6.1036935	4.2415705	5.5010977
touch	5.625797	3.6698585	5.4980726
kill	4.5297346	5.0660105	4.877524
feature	5.201228	3.8621902	5.4157352
happiness	7.273361	4.2749367	6.4860024
assume	4.1453075	3.7892046	5.056683
notion	5.625369	4.0383444	5.4508996
purchase	6.2516947	3.8475778	6.4228134
faithful	6.212821	3.6491594	6.023339
soldier	4.4071884	4.3658915	4.8701067
father	5.6938143	3.9746616	5.287507
narrow	3.47898	3.8054178	4.358223
great	5.3073263	4.3115277	5.1429286
tear	3.9616725	4.0205727	4.5534935
honorable	5.536458	4.2185106	5.851538
previous	4.5036764	4.007865	5.0301375
good	6.1202564	3.6079543	6.094884
domestic	4.9657316	3.6629925	4.91276
glory	6.7784805	4.4779587	5.976349
lay	4.9603157	3.397266	5.6291404
occasion	5.1497183	4.3371625	5.030852
guard	4.906607	3.9422617	5.286769
whole	5.212508	4.0311403	5.205292
mouth	5.1536226	4.087087	5.475156
receive	6.2182455	3.8092813	6.104374
take	5.292223	3.7489822	5.701007
simple	5.9811425	3.7749333	5.8287034
error	3.70294	4.339614	4.409329
wisdom	6.268195	4.1287766	5.98857
rock	5.579006	4.288126	5.242475
decide	5.044365	4.0214095	5.546606
exclaim	5.734585	4.721368	5.691087
assure	6.724988	4.0118623	6.4305906
sign	5.168542	3.6071239	5.3735695
preserve	5.9632645	3.414342	5.942795
commerce	5.631091	4.3402224	5.580746
plant	4.8851423	3.6700683	5.2288275
walk	5.708624	3.6841228	5.869114
difference	5.1266704	3.973496	5.2205596
hang	4.7831306	3.6780026	5.088975
following	6.4879637	3.5635066	6.0175834
employ	4.961579	3.9818032	6.114071
