deal	5.115006	4.1606717	5.277568
study	6.2065496	4.0390077	6.5323477
afford	6.0723124	4.0311327	5.672553
service	5.5395265	4.0048647	5.8227544
height	4.953854	4.3291044	5.0923805
prospect	6.7273073	4.3216095	6.016973
pleasant	6.961666	3.934566	6.177986
shade	5.104935	3.6281888	5.298062
listen	5.2109065	4.150016	5.5528097
mighty	5.8061037	4.5390134	5.597638
country	5.4153337	3.6706417	5.4460764
title	6.4105873	3.6323023	5.9611998
choose	5.4116197	3.6231594	5.722494
village	6.04173	3.964644	5.5552526
acquire	6.4847746	4.5066643	6.7248306
rank	4.9971237	3.9860911	5.112575
bow	5.8967743	3.5083668	5.841879
doctor	4.850256	4.069624	4.9549427
talent	6.8524923	4.5989485	6.663398
source	5.863987	4.1424756	5.655917
lead	4.9101315	4.0978484	5.4581957
question	5.2515006	4.015689	5.571947
publish	5.685445	3.9447906	5.8952384
interest	5.8433967	4.1315837	5.721209
serve	4.983699	3.434125	5.5885787
divine	6.449085	4.0771	5.6971498
put	5.5915937	3.8046424	5.5250425
shadow	4.9428935	3.4494996	5.10417
practical	5.5728245	4.0124955	6.0412903
surface	5.158239	3.2919958	4.946106
account	5.6043916	4.0822425	5.525999
loss	4.5501537	4.384029	4.5791335
indian	5.308192	5.0709214	5.4876866
vine	6.0824003	3.7029886	5.774172
certain	4.7950945	4.5705194	5.2718525
sin	3.694257	4.138354	4.2574472
necessity	4.2606106	4.317958	4.6328325
lose	5.022973	4.5506115	5.313449
private	4.2988315	3.715034	5.169835
gentleman	5.5792828	3.5806212	5.46888
daughter	5.4991603	4.2552266	5.113645
drive	4.0932903	4.6623545	4.574156
strange	4.775652	4.791372	4.7085614
journey	6.1079597	3.648666	5.7855377
uncle	5.7095165	3.8108907	5.8621397
species	5.28955	4.421589	5.071659
think	5.653546	4.1360154	5.6607847
bed	5.345196	3.3061333	5.3510118
wind	5.0182896	4.0815673	4.856574
bless	7.3704143	4.1527143	6.4381895
destroy	3.887078	4.959014	4.68154
author	5.6791363	4.194342	5.364561
sustain	5.162816	3.9986324	5.5881267
black	4.793306	4.3724093	4.6426616
event	6.0153418	4.359565	5.2305684
liberty	6.833087	4.943425	6.016403
negro	4.6254587	4.394223	4.731819
little	4.914747	4.169739	4.9839926
fortune	5.857519	4.0827303	5.5214562
touch	5.591321	3.808803	5.4774337
kill	4.4907036	5.0710855	4.8492613
feature	5.2316675	3.9170094	5.5188084
happiness	7.1484327	4.4852242	6.4554334
assume	4.2080936	3.636221	5.001507
notion	5.631644	4.0763855	5.3731837
purchase	6.2881684	3.7616363	6.386979
faithful	6.4702163	3.6927638	6.116129
soldier	4.3098803	4.576383	4.910267
father	5.438467	4.041764	5.1123905
narrow	3.4644012	3.9189804	4.371688
great	5.0367403	3.9614167	5.1842813
tear	3.8638353	4.029352	4.5874367
honorable	5.3846264	4.373651	5.818661
previous	4.568376	3.9341416	5.0719395
good	6.31421	3.6743073	6.322545
domestic	5.160117	3.7892866	5.0106707
glory	6.6744914	4.484877	5.984968
lay	4.8463454	3.1761007	5.596026
occasion	5.098967	4.253196	4.9941874
guard	5.035039	3.798749	5.2555017
whole	5.1859016	4.069164	5.206185
mouth	5.161007	4.093793	5.582754
receive	6.087678	3.6852202	5.8919787
take	5.2266884	3.561409	5.5760117
simple	6.0990124	3.7470968	5.857542
error	3.364992	4.331525	4.2749195
wisdom	6.2355523	4.1328087	6.1922026
rock	5.6834574	4.2123566	5.1491747
decide	4.9421387	4.0824876	5.5626187
exclaim	5.8136787	4.8802743	5.7683897
assure	6.866952	4.093114	6.6464977
sign	4.9430413	3.6503577	5.195574
preserve	5.963582	3.487566	5.839196
commerce	5.6757727	4.3843327	5.715903
plant	4.736276	3.6902719	5.2266088
walk	5.695716	3.701006	5.7710414
difference	5.2377853	4.023842	5.424983
hang	4.642257	3.747611	4.9739776
following	6.6250486	3.5889769	5.9838486
employ	4.756944	3.919539	6.026551
