deal	5.037702	4.3530145	5.1351743
study	6.285111	4.049076	6.4473476
afford	6.17605	4.068633	5.77051
service	5.4992065	3.9116573	5.8891973
height	5.053067	4.1739964	5.162977
prospect	6.6707153	4.357246	5.9522796
pleasant	6.705221	3.9697413	6.074339
shade	4.9702387	3.7566085	5.3123775
listen	5.3174725	4.269775	5.624934
mighty	5.764836	4.5511103	5.5764256
country	5.379392	3.7060285	5.4980807
title	6.1936264	3.8736842	6.0478606
choose	5.3933396	3.5589628	5.870243
village	6.010226	4.034015	5.528062
acquire	6.5186553	4.4643326	6.704334
rank	4.971362	4.009043	5.074227
bow	5.8366785	3.439392	5.8103414
doctor	5.197382	3.917769	4.969716
talent	6.860501	4.539551	6.6458035
source	6.1740675	4.1217375	5.7220674
lead	4.8951855	4.030136	5.3460846
question	5.3454533	3.9816976	5.637754
publish	5.4079623	4.0562906	5.7914085
interest	5.9911046	4.006678	5.825455
serve	5.3216305	3.4001584	5.7721205
divine	6.4070005	4.100879	5.706042
put	5.4729977	3.8377547	5.6204433
shadow	4.7649307	3.443921	5.159216
practical	5.667632	3.8565855	5.9438457
surface	5.1847024	3.236937	4.963948
account	5.8066077	4.0231104	5.580297
loss	4.340399	4.2321315	4.463289
indian	5.0762596	4.9253306	5.390267
vine	6.2087126	3.8342156	5.8320513
certain	4.8962398	4.4730415	5.4156146
sin	3.6354144	4.330483	4.399036
necessity	4.328023	4.2782555	4.6823425
lose	4.4824357	4.562192	4.9130044
private	4.341113	3.662684	5.2168
gentleman	5.525943	3.695054	5.4235063
daughter	5.3749557	4.409643	4.8547745
drive	4.137289	4.6091156	4.694926
strange	4.619595	4.8568544	4.7259307
journey	6.028412	3.8067698	5.6663795
uncle	6.0490417	4.0645866	5.946949
species	5.4535275	4.448216	5.188092
think	5.61464	4.0770884	5.641713
bed	5.5200973	3.3738956	5.4830546
wind	5.086298	3.9165711	4.839099
bless	7.2483406	4.065343	6.3421626
destroy	3.7874217	4.9550343	4.648138
author	5.5874386	4.3061466	5.2842073
sustain	5.2232018	3.907915	5.578212
black	4.3517275	4.5423217	4.578531
event	5.7432814	4.5269303	5.1029296
liberty	6.894885	4.8372273	6.116787
negro	4.365775	4.612155	4.6420236
little	4.948122	4.118441	4.9415674
fortune	5.8770733	4.372961	5.6018233
touch	5.5770025	3.6198072	5.4431543
kill	4.576531	4.9194384	4.7955184
feature	5.283206	3.91112	5.49107
happiness	7.3399897	4.3005304	6.6954784
assume	4.152908	3.9031136	5.086886
notion	5.801692	4.01342	5.5260887
purchase	6.3015447	3.8892472	6.48891
faithful	6.2547574	3.6921556	6.092733
soldier	4.498641	4.446524	5.0258365
father	5.4816914	4.26085	5.070004
narrow	3.4112053	3.6843348	4.3448467
great	5.1365924	4.2632194	5.0750527
tear	3.9876235	4.1565313	4.4389224
honorable	5.54545	4.2371397	5.8953376
previous	4.4823403	3.9456034	5.0597486
good	5.979992	3.7012072	6.058604
domestic	4.8824177	3.6127272	4.8664713
glory	6.7984533	4.592498	6.2550626
lay	5.0248656	3.2995243	5.617145
occasion	5.052813	4.250012	4.872922
guard	4.840974	3.7914093	5.2038584
whole	5.184437	4.0770197	5.1598287
mouth	4.937197	4.1012106	5.4283094
receive	6.285592	3.7211094	6.039174
take	5.1811523	3.7329495	5.6444225
simple	5.969107	3.6978836	5.7754493
error	3.385885	4.374169	4.149587
wisdom	6.21292	4.110448	6.1793804
rock	5.585346	4.2132406	5.25271
decide	5.094989	4.1074066	5.5924215
exclaim	5.7532163	4.7065287	5.621026
assure	6.8179607	4.1204696	6.6312675
sign	4.956798	3.4083748	5.1258926
preserve	5.938596	3.442003	5.936847
commerce	5.5733356	4.231715	5.678208
plant	4.7584753	3.9655666	5.091055
walk	5.638098	3.7908227	5.776034
difference	5.0073876	4.1262875	5.144998
hang	4.714678	3.8382003	5.0670757
following	6.5161886	3.513631	5.9572134
employ	5.105378	3.902506	6.198517
