deal	4.8584375	4.2230916	5.1936626
study	6.0716705	4.107705	6.4942064
afford	6.0157347	4.002526	5.5688767
service	5.5835695	4.0198493	5.9746876
height	5.1397786	4.3874364	5.194639
prospect	6.6721287	4.4204016	5.9898643
pleasant	6.917288	4.016997	6.0369267
shade	5.063422	3.5990498	5.2291374
listen	5.2780185	4.301788	5.493195
mighty	5.6603036	4.486606	5.4954004
country	5.422884	3.7151716	5.5099583
title	6.390094	3.7596388	6.064402
choose	5.3801107	3.48078	5.7542024
village	6.129341	3.9877446	5.5687604
acquire	6.384219	4.585551	6.6859837
rank	5.089745	3.9897852	5.118785
bow	5.9452267	3.4058323	5.828953
doctor	4.971236	4.065314	4.9364915
talent	6.8082247	4.5516114	6.6113462
source	5.8963547	4.243272	5.5585318
lead	4.738765	4.03112	5.420698
question	5.3389935	3.810669	5.5459223
publish	5.524074	3.8689418	5.812378
interest	6.096075	4.17067	5.7459893
serve	5.0945787	3.4018607	5.666808
divine	6.4227037	4.008526	5.649575
put	5.7415133	3.750194	5.6926436
shadow	4.7999763	3.402212	5.028129
practical	5.714441	3.9574094	6.105152
surface	5.1792374	3.2654214	4.976347
account	5.6244006	4.1016626	5.5359783
loss	4.256477	4.4250684	4.5621014
indian	4.876436	5.037884	5.3913207
vine	6.208616	3.7709346	5.806845
certain	4.8574343	4.4844666	5.3695717
sin	3.5238185	4.382225	4.285
necessity	4.150398	4.2910666	4.641479
lose	4.789872	4.5322933	5.3228006
private	4.4283357	3.658524	5.239286
gentleman	5.7058635	3.6291687	5.275304
daughter	5.600121	4.4136963	5.09786
drive	4.054452	4.7190633	4.551718
strange	4.8332634	4.7757754	4.68694
journey	6.1143947	3.8031325	5.838788
uncle	5.6859612	3.971487	5.941002
species	5.557106	4.5292535	5.143792
think	5.5067945	4.226053	5.5521884
bed	5.454592	3.3496635	5.452231
wind	5.0509224	4.038232	4.938225
bless	7.268729	4.06404	6.3678246
destroy	4.0554733	4.907707	4.8172083
author	5.58359	4.187307	5.321583
sustain	5.0291624	4.0373616	5.586668
black	4.4825616	4.360685	4.5031633
event	5.96304	4.422499	5.0089006
liberty	6.847029	4.822544	6.092535
negro	4.363194	4.316971	4.3961964
little	4.996547	4.1446505	4.960893
fortune	5.782669	4.166147	5.486757
touch	5.679968	3.804706	5.514914
kill	4.539611	5.018866	4.850083
feature	5.3033066	3.910683	5.496519
happiness	7.2102823	4.392604	6.5144696
assume	3.9489331	3.843104	4.90306
notion	5.673708	4.039099	5.5208826
purchase	6.3092303	3.6664937	6.411351
faithful	6.254904	3.5788388	5.9776096
soldier	4.583729	4.371515	4.9856095
father	5.830875	4.163172	5.352989
narrow	3.578096	3.7888608	4.439785
great	5.128132	4.1751866	5.091263
tear	3.812511	4.0309668	4.357001
honorable	5.654834	4.276257	5.9067607
previous	4.462379	3.9038801	5.0075564
good	6.0168095	3.6343577	6.0228243
domestic	5.394401	3.6053803	5.0176964
glory	6.840727	4.5063252	6.0549145
lay	4.856485	3.3116226	5.569457
occasion	5.19391	4.2654357	4.9813247
guard	4.95168	3.6997914	5.291328
whole	5.2785215	4.0658393	5.3087177
mouth	5.13023	4.046744	5.4195204
receive	6.345943	3.71005	6.0719438
take	5.2602024	3.5979881	5.6734304
simple	5.9804316	3.7020254	5.9298553
error	3.3271825	4.440234	4.1149163
wisdom	6.4053764	4.0684867	6.2374887
rock	5.5108767	4.2056456	5.223666
decide	5.004883	3.9521737	5.611553
exclaim	5.5950174	4.7353935	5.4775543
assure	6.8231626	4.0301166	6.550449
sign	4.8544927	3.3908644	5.1828
preserve	6.0530353	3.4590306	5.8932424
commerce	5.6764274	4.3885174	5.5772696
plant	4.9761333	3.8504624	5.264711
walk	5.590364	3.7153273	5.7540164
difference	4.7967453	3.931445	5.107785
hang	4.763429	3.8231509	5.09863
following	6.7304325	3.4391627	6.009965
employ	5.026758	3.865377	6.0808554
