deal	5.1316867	4.099434	5.0752516
study	6.0242815	3.9815197	6.2898984
afford	6.1258717	4.105068	5.6935368
service	5.571326	4.0015793	5.9928455
height	5.1308036	4.25646	5.144301
prospect	6.9281073	4.3158226	6.0946627
pleasant	6.833864	3.9502876	6.140257
shade	5.1446257	3.757885	5.2562885
listen	5.27338	4.1690836	5.4848332
mighty	5.602707	4.596157	5.529634
country	5.58678	3.8322582	5.6648974
title	6.412794	3.8119519	6.081175
choose	5.347167	3.5640128	5.7884903
village	6.233322	4.0642467	5.575238
acquire	6.5636406	4.4451284	6.7039766
rank	5.1152587	4.080514	5.234516
bow	5.7203116	3.6176565	5.7659163
doctor	5.00129	3.9732218	4.9882135
talent	7.029925	4.556773	6.708445
source	6.06657	4.1012554	5.6924486
lead	4.7500167	3.8624315	5.369488
question	5.2396536	3.810008	5.4931016
publish	5.3673863	4.018327	5.7392187
interest	5.9185224	3.8637218	5.626082
serve	5.028776	3.3827648	5.649538
divine	6.531106	4.097405	5.7868037
put	5.671953	3.9774795	5.710158
shadow	4.9591475	3.4034035	5.125266
practical	5.6001863	3.807025	5.8927736
surface	5.1467786	3.225604	4.914986
account	5.639401	3.9735188	5.5938897
loss	4.441772	4.348247	4.5819316
indian	5.2728844	4.8885593	5.3764186
vine	6.4668255	3.7604733	5.7990665
certain	4.9854116	4.482478	5.4629283
sin	3.5934963	4.4242063	4.3026466
necessity	4.331064	4.198517	4.7790666
lose	4.8347216	4.566659	5.219542
private	4.4000564	3.5927663	5.2308664
gentleman	5.474189	3.5989084	5.3600645
daughter	5.4945602	4.175562	4.965613
drive	4.008916	4.63052	4.6101003
strange	4.6331863	4.831732	4.6206517
journey	6.212471	3.6942556	5.9091973
uncle	6.001266	3.8803887	6.0468593
species	5.5732274	4.5893364	5.256183
think	5.2844257	4.28531	5.402208
bed	5.268882	3.3586657	5.4591026
wind	5.008601	4.173768	4.9245234
bless	7.3093348	4.1139607	6.362276
destroy	3.8613396	4.9759035	4.735508
author	5.6555166	4.272508	5.2618866
sustain	5.279277	3.976055	5.7446203
black	4.419753	4.5925837	4.5457015
event	5.9372206	4.382235	5.174483
liberty	7.053994	4.954506	6.3048935
negro	4.26485	4.4378715	4.509814
little	5.0339336	3.9170177	5.096268
fortune	5.993999	4.114849	5.5660896
touch	5.5234475	3.5809572	5.4673696
kill	4.3465376	5.235826	4.6432514
feature	5.380493	3.9035902	5.4337797
happiness	7.251378	4.3496714	6.4710565
assume	4.1067567	3.7369673	4.9698057
notion	5.667807	4.0453844	5.4116964
purchase	6.235186	3.7572694	6.4077306
faithful	6.321907	3.5965452	6.0453844
soldier	4.4911375	4.334288	4.940649
father	5.740407	4.058749	5.2884502
narrow	3.736154	3.8282285	4.5541787
great	5.2906365	3.941411	5.1631594
tear	3.7642636	4.0552773	4.323288
honorable	5.59146	4.2520595	5.915003
previous	4.482374	3.921223	4.985344
good	6.333495	3.4595275	6.220328
domestic	5.0540104	3.8071716	4.9831333
glory	6.8713355	4.5939493	6.155413
lay	4.934795	3.496364	5.60647
occasion	5.24397	4.211241	5.075983
guard	4.9412236	3.8548398	5.282138
whole	5.1456017	3.9547946	5.1680756
mouth	5.208998	4.107649	5.5994387
receive	6.210068	3.7687948	6.0366945
take	5.340653	3.685679	5.6901436
simple	6.067601	3.690629	5.894382
error	3.478913	4.3009343	4.220573
wisdom	6.2797008	4.0143504	6.1374044
rock	5.531295	4.239842	5.284187
decide	5.1037555	3.859761	5.57958
exclaim	5.6352673	4.8111005	5.585554
assure	6.718145	4.099651	6.4200573
sign	5.2693915	3.5339298	5.354433
preserve	6.069804	3.47109	5.9865513
commerce	5.6188145	4.3254995	5.613576
plant	4.9123096	3.7930682	5.1887045
walk	5.6892586	3.7482886	5.870174
difference	5.144533	4.1313257	5.2966433
hang	4.8133397	3.9279757	5.121543
following	6.4454603	3.5988417	5.990699
employ	4.7417006	3.8390942	5.9973145
