deal	4.868212	4.274831	5.0695186
study	6.268751	3.8815358	6.504315
afford	6.095257	4.0193067	5.563119
service	5.668708	3.7705193	6.0433064
height	5.1865172	4.205419	5.0476546
prospect	6.8052907	4.4259176	5.948963
pleasant	6.8849087	3.9225874	6.0956807
shade	4.899464	3.5181017	5.260761
listen	5.2392697	4.169449	5.422
mighty	5.6913333	4.449961	5.4976516
country	5.4363823	3.605638	5.501171
title	6.5985355	3.8947415	6.1448445
choose	5.297721	3.612237	5.856992
village	5.891541	4.1657233	5.5510664
acquire	6.493693	4.5724673	6.639381
rank	5.3140764	4.0231547	5.1750937
bow	6.077837	3.296136	5.954455
doctor	4.8803067	3.8163342	4.8801584
talent	6.8868055	4.6008883	6.6712165
source	6.162937	4.2645054	5.714273
lead	4.8717437	4.022705	5.4277153
question	5.099614	4.0772996	5.446814
publish	5.4063926	3.9553318	5.7175155
interest	5.9085464	4.0997925	5.773713
serve	5.222067	3.2990685	5.544976
divine	6.517908	4.075983	5.719415
put	5.545833	4.006822	5.717708
shadow	4.9399004	3.3575568	5.158365
practical	5.5119476	3.796565	5.920797
surface	5.339764	3.2121553	4.8552904
account	5.5233173	4.183938	5.469331
loss	4.3875833	4.535878	4.5079865
indian	4.856369	5.0727267	5.2790117
vine	6.0404797	3.7015226	5.693927
certain	4.8956885	4.5746603	5.404408
sin	3.3468153	4.251732	4.2755566
necessity	4.3131704	4.2917323	4.708123
lose	4.640708	4.5455446	5.2377033
private	4.5850105	3.7084908	5.2925315
gentleman	5.5569835	3.4547188	5.2872157
daughter	5.494747	4.2319784	4.995444
drive	4.2274365	4.631292	4.6504464
strange	4.605697	4.834567	4.554678
journey	6.2188506	3.7065792	5.8805056
uncle	5.9695587	3.8075542	6.064045
species	5.349028	4.495019	5.185822
think	5.31652	4.2561736	5.340429
bed	5.2244287	3.3353324	5.277434
wind	4.99927	4.1061034	4.861248
bless	7.083618	4.14258	6.272906
destroy	3.752169	5.0131664	4.753617
author	5.710564	4.1228333	5.3596196
sustain	4.994377	4.1130004	5.563884
black	4.43128	4.6850343	4.530796
event	5.7290354	4.424288	4.984927
liberty	6.946412	4.7555346	6.2719584
negro	4.101341	4.21761	4.5296783
little	5.1846905	4.0350323	5.04743
fortune	5.984965	4.248222	5.5073357
touch	5.5133967	3.7161973	5.5133557
kill	4.214337	5.1799297	4.7805824
feature	5.2345123	3.898409	5.461024
happiness	7.319522	4.3463664	6.5512505
assume	4.4476643	3.719874	5.2619114
notion	5.7385015	4.0802865	5.5535507
purchase	6.2322917	3.8944507	6.5055046
faithful	6.1330585	3.571428	6.0023713
soldier	4.380274	4.444322	4.8226895
father	5.726775	4.1317368	5.2377334
narrow	3.3412068	3.8708525	4.3753896
great	5.1859555	4.1784234	5.1444135
tear	3.981803	3.9033072	4.5474095
honorable	5.682104	4.2763376	5.9305916
previous	4.489626	3.9765415	5.016027
good	6.0063663	3.6605542	5.963622
domestic	5.089504	3.5646412	5.0916862
glory	6.6915693	4.406057	5.9898667
lay	4.7223115	3.5023549	5.529537
occasion	5.079425	4.3938003	4.9647126
guard	4.733493	3.848549	5.229672
whole	5.2647667	4.025348	5.2495
mouth	5.049421	4.220155	5.532891
receive	6.306754	3.8376124	6.0171304
take	5.0563016	3.670743	5.633145
simple	6.043709	3.7294035	5.8744974
error	3.4127762	4.3621607	4.1810985
wisdom	6.2334585	4.127439	6.1606884
rock	5.53362	4.256869	5.1543803
decide	4.897987	4.0724874	5.5144715
exclaim	5.7642994	4.834683	5.711261
assure	6.81363	4.1540046	6.535073
sign	4.9991965	3.5038676	5.312689
preserve	5.944056	3.4315138	5.978538
commerce	5.426848	4.2504673	5.6071835
plant	4.9015737	3.748229	5.1821938
walk	5.6959376	3.7494397	5.879357
difference	5.1939454	3.9752736	5.1776166
hang	4.7567477	3.823409	5.079961
following	6.603624	3.5267491	6.041801
employ	4.805138	4.0470915	6.1086793
