deal	4.8846307	4.26707	4.9680243
study	6.2008834	3.8689435	6.4349084
afford	6.086232	4.0020895	5.695302
service	5.6289616	3.9637372	5.995784
height	5.1003366	4.304075	5.061383
prospect	6.7201242	4.278201	5.9522724
pleasant	6.6841407	3.9740546	6.0113487
shade	5.068396	3.6732318	5.2688737
listen	5.118921	4.215341	5.4303703
mighty	5.6746683	4.4457355	5.5706077
country	5.4577107	3.7104378	5.452063
title	6.324977	3.7075346	6.053899
choose	5.5261526	3.614545	5.818288
village	6.103168	3.979854	5.4418635
acquire	6.572404	4.4350677	6.7543926
rank	5.178731	4.092545	5.16017
bow	5.732663	3.450041	5.6640773
doctor	4.530717	3.90653	4.7469525
talent	6.90079	4.6160126	6.584221
source	5.8451157	4.295855	5.5600667
lead	4.822888	4.082868	5.547551
question	5.5941753	3.8823123	5.6095123
publish	5.427682	4.179583	5.671137
interest	5.9319696	4.0106153	5.665118
serve	5.035034	3.5266156	5.5729747
divine	6.328695	3.9036984	5.719903
put	5.6411514	3.9991548	5.739916
shadow	5.124568	3.426696	5.3364196
practical	5.5911126	3.9125683	5.9269533
surface	5.0416427	3.2249308	4.8780355
account	5.6623683	3.9641693	5.5287614
loss	4.581607	4.3817596	4.6040316
indian	5.2508664	4.8773265	5.610914
vine	6.1969824	3.7812831	5.6966376
certain	5.02623	4.497269	5.371695
sin	3.4584289	4.371869	4.290673
necessity	4.21274	4.1596837	4.738521
lose	4.781853	4.4628034	5.182844
private	4.4318557	3.6400912	5.2145476
gentleman	5.6104207	3.482287	5.277825
daughter	5.603565	4.322311	4.998702
drive	4.173077	4.7611065	4.6273236
strange	4.7346582	4.9404902	4.633604
journey	5.928781	3.679815	5.7609463
uncle	5.819308	3.829129	5.783613
species	5.24923	4.500595	5.0530353
think	5.59697	4.2286887	5.624508
bed	5.5408044	3.3857522	5.4482217
wind	5.135268	4.0470085	4.9595275
bless	7.3188457	4.1307096	6.340531
destroy	3.8411767	5.111943	4.7290745
author	5.61338	4.234348	5.22407
sustain	5.1308427	3.9140007	5.685074
black	4.6667576	4.5369053	4.64642
event	6.01449	4.445574	5.1735377
liberty	7.055261	4.7861576	6.23221
negro	4.385291	4.3172436	4.526268
little	5.216202	4.0298805	5.155491
fortune	5.9754314	4.1273146	5.37383
touch	5.431696	3.7677603	5.355151
kill	4.400094	5.2200284	4.7675743
feature	5.4126654	3.9066486	5.4690433
happiness	7.2209253	4.296129	6.4926643
assume	4.258999	3.7982466	5.050462
notion	5.782939	4.064248	5.4676323
purchase	6.213692	3.7105138	6.403872
faithful	6.3491063	3.6172352	6.110916
soldier	4.485598	4.340106	4.903092
father	5.7518077	4.142803	5.239544
narrow	3.3129263	3.8255982	4.391862
great	5.238614	4.122574	5.032644
tear	3.9722996	4.023542	4.3616915
honorable	5.6206613	4.193882	5.951156
previous	4.51076	3.9201505	5.0603046
good	6.2457438	3.6501951	6.089995
domestic	5.1591973	3.780882	4.96626
glory	6.910492	4.4649825	6.139599
lay	4.7290134	3.3896136	5.41259
occasion	5.040018	4.2374926	5.0512404
guard	4.863467	3.8749223	5.300856
whole	5.2578053	4.0820975	5.169015
mouth	5.033222	4.232988	5.3941717
receive	6.293649	3.7264028	6.1077323
take	5.4002147	3.9006534	5.7668476
simple	5.988234	3.7310677	5.917138
error	3.4851274	4.347029	4.238358
wisdom	6.188241	4.009665	6.1102486
rock	5.5417624	4.2065353	5.2040133
decide	5.1336637	3.9998899	5.6408987
exclaim	5.8244557	4.7693195	5.6917105
assure	6.805065	4.107048	6.43967
sign	5.0770907	3.5397944	5.2531204
preserve	6.0055523	3.6349473	5.9606247
commerce	5.6081896	4.4667883	5.540678
plant	4.8507237	3.8034272	5.0616345
walk	5.640051	3.7856507	5.8769426
difference	5.11168	3.975128	5.222513
hang	4.673526	3.8727067	5.0818486
following	6.636694	3.507579	6.108831
employ	5.0152736	3.920381	6.045805
