deal	5.1080775	3.9646232	5.1593943
study	6.3725214	3.9401412	6.592779
afford	6.1442714	4.156148	5.8017063
service	5.724724	3.9719973	6.1484566
height	5.1136866	4.3282237	5.1411796
prospect	6.7775707	4.382688	5.980567
pleasant	6.8304863	3.8332567	6.1189866
shade	5.2014084	3.6807132	5.330127
listen	5.1082296	4.222664	5.405069
mighty	5.7163525	4.4379377	5.600103
country	5.567122	3.6038933	5.7263618
title	6.265634	3.9032822	5.940631
choose	5.3186955	3.5909593	5.8612075
village	5.9504647	4.0352955	5.4593353
acquire	6.455381	4.4574013	6.711276
rank	5.2778454	4.0657845	5.2457604
bow	5.8785424	3.35708	5.9705114
doctor	4.9873652	3.8361387	5.011081
talent	7.0175314	4.4945345	6.729084
source	6.0894833	4.212133	5.64183
lead	4.9677277	4.0147986	5.619462
question	5.384952	3.8562217	5.658342
publish	5.402032	4.0449886	5.7166047
interest	5.9559727	4.2267313	5.5917573
serve	5.0843554	3.4165702	5.610758
divine	6.595357	3.846896	5.737524
put	5.4650393	3.8877742	5.608051
shadow	5.022323	3.3941631	5.2419434
practical	5.6875963	3.8725414	5.9869833
surface	5.148673	3.1471744	4.854456
account	5.6368885	4.0407476	5.6212025
loss	4.5056334	4.399758	4.6091285
indian	4.883985	4.9107103	5.177725
vine	6.394617	3.7874246	5.713545
certain	4.9239173	4.4722037	5.3982844
sin	3.7018728	4.216091	4.2744794
necessity	4.1837807	4.265269	4.724395
lose	4.7258325	4.6286235	5.1007743
private	4.3881693	3.6495535	5.1826234
gentleman	5.5690165	3.5155344	5.3992376
daughter	5.5427094	4.2113676	4.9359818
drive	4.254797	4.6402884	4.7022023
strange	4.576793	4.89708	4.700718
journey	6.0799932	3.8021355	5.7900505
uncle	5.899006	4.0992584	5.8790274
species	5.4992576	4.431547	5.303356
think	5.426826	4.3285336	5.512938
bed	5.2531333	3.4043417	5.3865056
wind	5.240587	3.9707947	5.059611
bless	7.302781	4.027718	6.2838655
destroy	3.8490493	5.063165	4.7642503
author	5.548298	4.2180305	5.234458
sustain	5.157991	3.9811132	5.6923122
black	3.987496	4.432937	4.2184916
event	5.853326	4.467946	4.965333
liberty	6.706029	4.791251	6.056411
negro	3.9925802	4.0997252	4.221401
little	4.9728527	4.0377407	5.021406
fortune	5.9028845	4.243527	5.536961
touch	5.635557	3.7072816	5.4962397
kill	4.3330846	5.223727	4.690395
feature	5.4281693	3.9926538	5.555388
happiness	7.2257705	4.3538604	6.4665837
assume	4.194526	3.630009	4.996928
notion	5.667589	3.8749166	5.541006
purchase	6.078393	3.7669883	6.3888803
faithful	6.3802176	3.6948442	6.071412
soldier	4.5164847	4.372906	4.953852
father	5.780933	4.1490855	5.1691604
narrow	3.4113712	3.8270965	4.4123993
great	5.369218	4.0097413	5.1908917
tear	3.9064767	4.024116	4.406954
honorable	5.488453	4.281832	5.955775
previous	4.62157	4.020692	5.0930862
good	6.413685	3.5165236	6.174985
domestic	5.070509	3.679584	4.8566213
glory	6.743315	4.3913927	5.9997377
lay	4.6965237	3.4088461	5.637041
occasion	5.162442	4.218105	5.074003
guard	4.923591	3.7531695	5.293623
whole	5.3185563	4.0889854	5.042711
mouth	5.2008657	4.1860948	5.5417285
receive	6.298822	3.8435538	6.160516
take	5.161647	3.7285051	5.7112217
simple	6.0007396	3.6664693	5.9081583
error	3.5248625	4.34812	4.193912
wisdom	6.47077	3.9902773	6.160342
rock	5.463314	4.2681503	5.2592583
decide	5.0564947	4.018177	5.6052675
exclaim	5.920459	4.7511454	5.6578913
assure	6.8224	4.10641	6.553732
sign	5.308001	3.6408916	5.4032965
preserve	5.947544	3.4586103	5.9411736
commerce	5.5576377	4.338258	5.5624824
plant	4.788862	3.8515778	5.136473
walk	5.762046	3.7178493	5.7788906
difference	5.2832737	3.8673854	5.38805
hang	4.9088264	3.7767282	5.2611985
following	6.5867934	3.528341	6.0287957
employ	4.8050413	3.8573298	5.898577
