deal	4.935366	4.306513	5.090472
study	6.3318567	3.9661374	6.541782
afford	6.059288	3.9657674	5.720581
service	5.5962515	3.9793954	5.9796205
height	5.048084	4.2689834	5.0570226
prospect	6.801099	4.403089	5.9054756
pleasant	6.7512817	3.8862443	6.0011144
shade	4.9864306	3.4985018	5.209601
listen	5.2632575	4.3242083	5.461271
mighty	5.625558	4.630313	5.548334
country	5.306622	3.5440338	5.510312
title	6.3688917	3.8710485	6.0326424
choose	5.4756002	3.706613	5.8916254
village	6.1498513	3.8484743	5.6287947
acquire	6.5241175	4.6483116	6.67237
rank	5.0290613	3.9833057	5.1217074
bow	6.0670357	3.4924142	5.90881
doctor	4.970433	3.9950182	4.9565034
talent	6.973182	4.5183573	6.7604165
source	5.946185	4.2039566	5.647144
lead	4.81836	3.9789777	5.48795
question	5.3663964	3.8626635	5.5335865
publish	5.5467067	4.002245	5.819071
interest	6.068351	3.867342	5.808789
serve	5.015127	3.4444375	5.5865183
divine	6.559013	3.9134204	5.7052503
put	5.7366357	4.0047774	5.798511
shadow	4.939679	3.3469086	5.152285
practical	5.650667	3.7673612	5.9744215
surface	5.02897	3.2597115	4.881912
account	5.548731	3.9571126	5.599207
loss	4.4550676	4.3930078	4.590237
indian	5.160625	4.865258	5.4745784
vine	5.94436	3.5377388	5.568631
certain	5.1436086	4.4373126	5.5639625
sin	3.6907196	4.2436943	4.279648
necessity	4.421297	4.292841	4.7813306
lose	4.868692	4.5364027	5.263788
private	4.447617	3.6533163	5.1411324
gentleman	5.425128	3.5041826	5.1905494
daughter	5.411743	4.220469	5.0325775
drive	4.093823	4.677652	4.690858
strange	4.621092	4.7872725	4.67191
journey	6.04443	3.7589755	5.5934677
uncle	5.686392	3.784992	5.7182364
species	5.3199005	4.6347775	5.153717
think	5.2949076	4.2603545	5.418489
bed	5.3188353	3.326635	5.2519307
wind	4.9090853	4.174166	4.7983823
bless	7.366022	3.9490523	6.4167027
destroy	4.02216	4.879978	4.8538814
author	5.613976	4.220468	5.2709923
sustain	5.22502	3.9396305	5.6510787
black	4.389346	4.5816746	4.606548
event	5.76451	4.2698812	5.072595
liberty	6.9577217	4.8005996	6.2823496
negro	4.4006906	4.2618847	4.470335
little	5.0421777	3.938013	5.1774826
fortune	5.983903	4.3132925	5.5078425
touch	5.468979	3.6700811	5.4289446
kill	4.4240017	5.085761	4.763624
feature	5.174202	3.891468	5.446112
happiness	7.2803802	4.197373	6.599466
assume	4.1165257	3.753158	5.0259914
notion	5.742951	4.0411015	5.5035844
purchase	6.2470484	3.8609748	6.3805656
faithful	6.1784983	3.5508375	5.995529
soldier	4.350742	4.5385933	4.905156
father	5.784769	4.001132	5.144499
narrow	3.4671352	3.7287197	4.3795996
great	5.3490725	4.1088977	5.233687
tear	3.9333034	3.9886906	4.603925
honorable	5.4418945	4.1720715	5.7731934
previous	4.631251	3.987733	5.0331264
good	6.07515	3.6062353	6.1087356
domestic	5.2410727	3.6354952	5.1311283
glory	6.816339	4.512744	6.0547786
lay	4.919721	3.4058962	5.6243916
occasion	5.206873	4.178434	4.9424005
guard	4.9956865	3.8376672	5.353712
whole	5.3061748	3.9758587	5.2856474
mouth	5.037492	4.229723	5.4806495
receive	6.124635	3.8124652	6.0029383
take	5.427977	3.7764664	5.8127136
simple	5.92208	3.7029643	5.8190823
error	3.5615766	4.3748403	4.2843056
wisdom	6.228981	3.9939547	6.071952
rock	5.421534	4.2580094	5.174496
decide	5.152004	3.8971105	5.59185
exclaim	5.8812265	4.732095	5.7897534
assure	6.786553	4.0122285	6.486901
sign	5.1620913	3.4649978	5.313861
preserve	6.057474	3.550159	6.1281643
commerce	5.530588	4.2438946	5.680619
plant	4.72568	3.8006423	5.067339
walk	5.7073207	3.7966375	5.761601
difference	5.2303295	4.0292473	5.3174796
hang	4.6775846	3.8811026	5.0084276
following	6.4145036	3.5507023	5.955462
employ	5.014897	3.9266057	6.115738
