deal	5.251602	4.2135105	5.1926193
study	6.2132854	3.9996536	6.438018
afford	6.1090956	3.9688394	5.6254787
service	5.5490093	3.9958427	5.9629045
height	5.2144747	4.3307366	5.137885
prospect	6.7914996	4.33169	5.9683557
pleasant	6.754586	4.013019	6.104366
shade	5.0130177	3.61833	5.175487
listen	5.330104	4.2326827	5.4692883
mighty	5.805394	4.5535927	5.634805
country	5.398621	3.7636747	5.494459
title	6.2088284	3.930193	6.031707
choose	5.389699	3.647047	5.9242086
village	6.077847	4.060285	5.563066
acquire	6.6511426	4.557345	6.8089457
rank	5.1511097	3.9771695	5.146938
bow	5.839161	3.476626	5.8944573
doctor	5.018678	3.9734428	4.888055
talent	7.0600653	4.6043854	6.7705493
source	6.1440477	4.1757946	5.648264
lead	4.8164387	4.000861	5.490617
question	5.3636513	3.8646026	5.599759
publish	5.374302	4.078425	5.853998
interest	6.055796	4.0181584	5.654453
serve	5.1607156	3.4571817	5.655802
divine	6.462758	3.980052	5.6442165
put	5.5455236	3.799532	5.675598
shadow	4.8098135	3.4582314	5.140584
practical	5.6358194	3.9015958	5.966878
surface	5.1751876	3.1703854	4.8871756
account	5.580632	3.929666	5.5157757
loss	4.5339127	4.3847857	4.5551453
indian	5.030219	5.0193043	5.3368764
vine	6.2607136	3.68161	5.6864023
certain	4.9152327	4.4536085	5.466713
sin	3.6647398	4.361376	4.3423796
necessity	4.178339	4.237572	4.713482
lose	4.7726154	4.700428	5.192432
private	4.3390083	3.768716	5.203865
gentleman	5.5472383	3.667914	5.3410444
daughter	5.5094237	4.269639	4.875719
drive	4.1898127	4.6720266	4.759613
strange	4.644475	4.807022	4.6411867
journey	6.0172634	3.8038282	5.7036514
uncle	5.730565	3.9683342	5.822935
species	5.4123993	4.538466	5.140804
think	5.463876	4.2321844	5.473787
bed	5.489727	3.3299184	5.381679
wind	5.119895	4.1003957	4.8909793
bless	7.17385	4.0313945	6.3447933
destroy	3.8428571	4.9658437	4.860838
author	5.634816	4.319388	5.3665442
sustain	5.2237616	3.9293363	5.791626
black	4.1564007	4.5531383	4.3804193
event	6.0465183	4.4206266	5.0840974
liberty	6.961491	4.9725413	6.225785
negro	4.3122945	4.5042124	4.539168
little	5.0002866	4.061586	5.119436
fortune	5.9767647	4.2930064	5.564466
touch	5.5797787	3.6766381	5.4125752
kill	4.5684867	5.011802	4.860129
feature	5.2466564	3.8761485	5.4310746
happiness	7.3713503	4.5099115	6.65664
assume	4.1770315	3.7473993	4.9849687
notion	5.775412	4.1164002	5.5666327
purchase	6.16675	3.8956323	6.4227552
faithful	6.2500215	3.717326	5.9695034
soldier	4.3995337	4.3603325	4.8638387
father	5.627578	4.1108365	5.1972218
narrow	3.5876877	3.7902954	4.4519916
great	5.360508	4.079601	5.254929
tear	3.9038165	4.0341105	4.442298
honorable	5.600987	4.2991424	5.9547567
previous	4.5415015	3.967228	5.061232
good	6.145007	3.6250803	6.0748143
domestic	4.838655	3.754585	4.855288
glory	6.806401	4.5208006	6.0467577
lay	4.841931	3.3649592	5.553938
occasion	5.1113153	4.250104	5.016751
guard	4.8860598	3.8028665	5.276989
whole	5.0094485	4.070941	5.0397863
mouth	5.090644	4.1698036	5.4400187
receive	6.171404	3.754784	5.9764967
take	5.311487	3.6942396	5.617832
simple	6.0146303	3.7092884	5.76277
error	3.4342265	4.3584785	4.3140545
wisdom	6.192909	4.1345234	6.064651
rock	5.5205917	4.230745	5.277506
decide	5.1719255	3.9462724	5.716864
exclaim	5.6074467	4.829003	5.6010203
assure	6.86765	4.0220394	6.5989065
sign	5.123255	3.5216978	5.4483247
preserve	5.843288	3.5129547	5.9303274
commerce	5.6846504	4.3405986	5.688278
plant	4.8716164	3.636021	5.171257
walk	5.765332	3.7494507	5.903342
difference	5.1355715	3.9887028	5.2117786
hang	4.8021984	3.7941408	5.114366
following	6.390821	3.5813215	5.8303976
employ	4.8357615	3.891563	6.0455723
