deal	5.0358768	4.4265137	5.1116753
study	6.1501555	3.93977	6.5675907
afford	6.216151	3.9190974	5.779633
service	5.5743947	3.9005299	5.9347644
height	5.096042	4.1681356	5.1171784
prospect	6.693991	4.2277446	5.9658866
pleasant	6.8914413	3.9262295	6.059709
shade	5.102377	3.4448843	5.276177
listen	5.277707	4.3284707	5.5648212
mighty	5.5769577	4.396118	5.4667244
country	5.4006667	3.5917795	5.3669825
title	6.60672	3.817873	6.0164843
choose	5.5337515	3.5956278	5.84151
village	6.1256495	4.0326653	5.4060936
acquire	6.523382	4.6382184	6.678892
rank	5.0123496	3.9594133	5.1102276
bow	5.8664184	3.436101	5.8735533
doctor	4.719551	3.9139829	4.892064
talent	6.983575	4.5441895	6.6888275
source	6.1230154	4.150946	5.71538
lead	4.669779	3.9696674	5.3366537
question	5.292387	3.8106492	5.6239443
publish	5.5774245	4.114494	5.7561703
interest	5.9831047	4.003181	5.754801
serve	5.0424976	3.4648032	5.672671
divine	6.3616605	3.9958415	5.687111
put	5.48117	3.8828862	5.6371136
shadow	5.0006104	3.3209207	5.1495686
practical	5.56138	3.8330655	6.015074
surface	5.196153	3.3045595	4.968846
account	5.608431	3.927248	5.5224986
loss	4.4865704	4.383536	4.630557
indian	5.213076	4.9377403	5.4257236
vine	6.2462683	3.7825983	5.7955627
certain	4.9090266	4.5169263	5.3266673
sin	3.5304031	4.2364454	4.3214335
necessity	4.2854156	4.2415147	4.7884626
lose	4.8674965	4.5277796	5.1661096
private	4.3304505	3.7959008	5.2247667
gentleman	5.512905	3.5273933	5.295062
daughter	5.4940157	4.221595	4.974354
drive	4.139227	4.7703586	4.7375784
strange	4.691339	4.8612223	4.598822
journey	5.986255	3.782021	5.7213354
uncle	5.5969987	3.5606456	5.820423
species	5.3563437	4.4454064	5.1620493
think	5.4488277	4.245825	5.662834
bed	5.3532257	3.4172745	5.4874687
wind	4.9972343	4.1199894	4.9556193
bless	7.185848	4.0785913	6.3222737
destroy	3.9289193	5.00428	4.723604
author	5.910201	4.305587	5.412152
sustain	5.144907	3.9264662	5.6324496
black	4.702052	4.5670314	4.6644783
event	5.7886276	4.5089855	4.9537387
liberty	6.9230905	4.8842473	6.078148
negro	4.3943596	4.346214	4.698532
little	5.075903	4.0708966	5.1477838
fortune	5.848462	4.2836947	5.3845525
touch	5.491517	3.820669	5.483304
kill	4.359576	5.0886374	4.910724
feature	5.198632	3.7600384	5.4319406
happiness	7.130419	4.24228	6.5295534
assume	4.037174	3.8353806	4.922844
notion	5.656033	4.0277405	5.43223
purchase	6.280096	3.8533053	6.432825
faithful	6.196736	3.6882384	5.9077735
soldier	4.3515315	4.529047	4.859719
father	5.759767	4.0331173	5.2912164
narrow	3.5899796	3.8484364	4.3896265
great	5.140486	4.136038	5.0810814
tear	4.1828976	3.9822805	4.6520452
honorable	5.510935	4.1874967	5.9106736
previous	4.442055	4.0428877	5.0189424
good	6.1978154	3.8641226	6.1303563
domestic	4.9750924	3.6685123	4.8248987
glory	6.756353	4.394084	6.0738964
lay	4.9493055	3.4271932	5.5246897
occasion	5.113991	4.2976975	4.935589
guard	4.8781824	3.8487687	5.257683
whole	5.1637397	4.104889	5.352382
mouth	5.0412245	4.1729703	5.3223925
receive	6.13529	3.7984815	5.9859953
take	5.265661	3.7758846	5.7703037
simple	6.0603013	3.6441264	5.9180346
error	3.3988683	4.36528	4.128425
wisdom	5.9809494	3.9329104	5.9834356
rock	5.510786	4.159771	5.1575274
decide	5.0440397	3.9921699	5.565942
exclaim	5.740419	4.857132	5.7772684
assure	6.817444	4.0768466	6.600046
sign	5.1108494	3.5770013	5.22097
preserve	5.842206	3.6235738	5.7983065
commerce	5.5773015	4.2596474	5.4721766
plant	4.900183	3.8017743	5.240607
walk	5.8558784	3.724579	5.863484
difference	5.1759024	3.9089851	5.2850366
hang	4.807585	3.620079	5.084532
following	6.5727787	3.519607	5.99734
employ	4.924503	4.0154395	5.981622
