deal	5.021191	4.416722	5.213218
study	6.0397534	4.0578465	6.4497128
afford	5.9794607	3.9327269	5.6228895
service	5.6385975	4.0201025	6.008134
height	5.2121773	4.2384624	5.159022
prospect	6.676071	4.4240055	5.87196
pleasant	6.8099384	3.878878	6.1012435
shade	5.075001	3.705646	5.274636
listen	5.3337545	4.117491	5.587543
mighty	5.6902742	4.525192	5.5445166
country	5.463444	3.8894444	5.551771
title	6.348894	3.702684	6.0717607
choose	5.371592	3.6270952	5.760453
village	5.9264474	3.929467	5.430066
acquire	6.4917603	4.3846755	6.642333
rank	5.1440735	4.0123925	5.1598535
bow	5.7595053	3.436726	5.7445717
doctor	4.8956976	3.9067047	4.9325233
talent	6.9214573	4.6651773	6.6558676
source	5.8508816	4.2436123	5.595813
lead	4.7272787	3.8651793	5.4035707
question	5.5514116	3.7749102	5.6567607
publish	5.2447786	3.8477492	5.738422
interest	5.970249	3.977087	5.8309836
serve	5.256066	3.4697914	5.803591
divine	6.4972234	3.9340482	5.7108784
put	5.510885	3.8298354	5.5277905
shadow	5.0803304	3.5021448	5.191626
practical	5.624989	3.9549437	6.0025225
surface	5.205709	3.2792614	5.056374
account	5.7233853	4.0214715	5.583825
loss	4.6167746	4.3437924	4.6439915
indian	5.164842	4.7093477	5.469886
vine	6.3825855	3.801712	5.8627872
certain	5.020059	4.3833356	5.4049206
sin	3.4706073	4.4099693	4.296879
necessity	4.364298	4.2321396	4.7206616
lose	4.785665	4.44506	5.251125
private	4.4389596	3.6686096	5.2276144
gentleman	5.603387	3.6331391	5.323307
daughter	5.3323026	4.362223	4.9549875
drive	4.2035003	4.799906	4.790046
strange	4.7034492	4.7811756	4.5864644
journey	6.2922497	3.8045657	5.895642
uncle	5.8503084	4.033472	5.9516945
species	5.3164062	4.5862274	5.067916
think	5.4435587	4.0984063	5.426053
bed	5.2772365	3.5659218	5.2733793
wind	5.0442357	4.1677895	4.996728
bless	7.3086624	4.0312915	6.4349456
destroy	3.8805304	4.9913893	4.834825
author	5.6178555	4.1542335	5.3534865
sustain	5.2836313	3.8327003	5.742171
black	4.3342195	4.587668	4.441417
event	5.9485326	4.3285437	5.137542
liberty	6.681164	4.857821	6.0875425
negro	4.1805496	4.281342	4.3482666
little	4.988215	3.932867	5.028091
fortune	6.057572	4.2902308	5.485393
touch	5.680891	3.6406898	5.489407
kill	4.481776	5.1958036	4.773019
feature	5.206151	3.9461455	5.381013
happiness	7.1301584	4.2806406	6.5470076
assume	4.3054957	3.7092514	5.0901604
notion	5.493564	4.0194077	5.3165874
purchase	6.289849	3.7197104	6.4223323
faithful	6.360656	3.624375	6.097002
soldier	4.6221576	4.3205705	5.024403
father	5.774802	4.0825696	5.253868
narrow	3.4092348	3.7212708	4.353986
great	5.448187	4.24902	5.22926
tear	3.820063	3.9843154	4.4596844
honorable	5.6577682	4.3081036	5.803028
previous	4.604084	3.9431314	5.0817933
good	6.1754637	3.7076569	6.238166
domestic	5.179185	3.7724805	5.095034
glory	6.7814684	4.7024913	5.9974537
lay	4.696188	3.4138656	5.4375987
occasion	5.3239403	4.2273517	5.097074
guard	4.939811	3.6862454	5.352745
whole	5.1708403	4.082818	5.2748284
mouth	4.9610558	4.0050244	5.3907547
receive	6.0655875	3.5555692	5.9352493
take	5.205283	3.774118	5.7276406
simple	5.941411	3.646504	5.839057
error	3.3841152	4.3436766	4.145321
wisdom	6.238638	4.0346603	6.0299864
rock	5.555726	4.2964606	5.134378
decide	5.1206317	3.9626505	5.697106
exclaim	5.830411	4.716521	5.7578526
assure	6.8291435	3.9618454	6.564687
sign	4.9975295	3.4597769	5.136083
preserve	5.920678	3.4904077	5.957737
commerce	5.6122494	4.3792624	5.5668983
plant	4.85132	3.9250333	5.1632605
walk	5.7768636	3.7741046	5.8829827
difference	5.3238673	4.0235925	5.3003063
hang	4.784973	3.8425379	5.08275
following	6.5935683	3.5388107	6.1281757
employ	4.7924805	3.966422	5.908079
