deal	5.019644	4.206259	5.0818396
study	6.165016	3.792419	6.4242034
afford	6.293886	4.0563154	5.7812977
service	5.6129074	3.8301582	5.953591
height	5.1220074	4.272566	5.046053
prospect	6.7936935	4.3877	6.0872464
pleasant	6.897354	3.9211013	6.017353
shade	5.2089725	3.5286224	5.264659
listen	5.2958674	4.213269	5.476636
mighty	5.8744144	4.4432797	5.5859814
country	5.4243584	3.6433892	5.549178
title	6.371297	3.787056	6.1328325
choose	5.2915187	3.4658155	5.7467046
village	5.9553328	4.0691543	5.4693866
acquire	6.410619	4.4425035	6.646391
rank	5.1823983	4.001432	5.261603
bow	5.9433565	3.3324323	5.8556986
doctor	4.881776	3.9141245	4.91685
talent	6.9681025	4.5435133	6.730933
source	6.002597	4.2474995	5.6520004
lead	4.918209	3.8465028	5.438951
question	5.4424515	3.8974137	5.580343
publish	5.438573	4.1281843	5.7615776
interest	6.112966	3.963433	5.790005
serve	5.0672703	3.2696018	5.6411886
divine	6.384489	3.9371688	5.770348
put	5.694854	3.9919431	5.7815614
shadow	4.9110274	3.2726192	5.0953226
practical	5.62637	3.8809142	5.9751887
surface	5.250097	3.1865602	4.9345756
account	5.4581923	3.8944328	5.451732
loss	4.4285207	4.407205	4.6796527
indian	5.0975447	4.9541073	5.3803697
vine	6.250913	3.8002067	5.814888
certain	4.890496	4.4947104	5.371745
sin	3.6028423	4.375228	4.262717
necessity	4.360458	4.277532	4.7575765
lose	4.589818	4.4319115	5.090056
private	4.3683777	3.6455374	5.2711287
gentleman	5.632266	3.6004186	5.249718
daughter	5.5712523	4.259337	5.0069885
drive	3.8437316	4.733151	4.509785
strange	4.644366	4.8077617	4.5816584
journey	6.083089	3.7292538	5.721595
uncle	5.8884315	3.9129572	6.0594716
species	5.3484282	4.5934753	5.1327033
think	5.5747857	4.2715087	5.5721498
bed	5.302409	3.4238396	5.22191
wind	5.044092	4.0350714	4.841696
bless	7.162649	3.9460638	6.248838
destroy	3.8393412	5.0428734	4.757151
author	5.648042	4.2211976	5.3665524
sustain	5.1323814	3.9520273	5.695831
black	4.491434	4.783842	4.668505
event	5.9461117	4.44078	5.0879574
liberty	6.829457	5.0631227	6.1108837
negro	4.5775614	4.5504065	4.7093263
little	5.0499916	4.113694	5.1161346
fortune	5.890688	4.218318	5.5831323
touch	5.5401087	3.7606087	5.4146485
kill	4.262121	5.2037244	4.67995
feature	5.231924	3.8441658	5.3544674
happiness	7.150565	4.36619	6.5332637
assume	4.110904	3.6693587	5.0242453
notion	5.7712398	4.0385227	5.4487667
purchase	6.1985774	3.7694952	6.3569865
faithful	6.2918973	3.573989	6.064161
soldier	4.459243	4.390337	4.960771
father	5.8548293	3.9504426	5.354985
narrow	3.5689356	3.8168108	4.3222594
great	5.197405	4.0984244	5.0851417
tear	4.035739	3.9009728	4.613081
honorable	5.576953	4.2374787	5.8623714
previous	4.512131	4.0107684	5.0486674
good	6.1179647	3.6032705	6.1279263
domestic	5.0177517	3.7235591	4.899647
glory	6.851039	4.4447346	6.1540127
lay	4.76189	3.3859804	5.398178
occasion	5.155339	4.34873	5.020649
guard	5.0825367	3.7961702	5.3263283
whole	5.1015306	4.000561	5.286512
mouth	5.084316	4.1215463	5.4989614
receive	6.2872	3.8189044	6.0356236
take	5.3092165	3.8605466	5.6712394
simple	6.0845566	3.720715	5.869943
error	3.5977023	4.321241	4.248401
wisdom	6.4218864	3.8886704	6.216178
rock	5.531292	4.333642	5.118867
decide	5.0960455	4.095782	5.5376487
exclaim	5.7899995	4.6753454	5.6985335
assure	6.7553635	3.9347029	6.478586
sign	4.962371	3.4933057	5.271488
preserve	5.8075824	3.4467018	5.861769
commerce	5.5237737	4.2881346	5.54173
plant	5.06674	3.7924337	5.2917824
walk	5.7755237	3.7032716	5.8128586
difference	5.1831284	3.9590821	5.2668843
hang	4.8451586	3.6938052	5.0805154
following	6.4613695	3.459693	6.010871
employ	4.9397607	3.7135477	6.0262995
