deal	4.8686314	4.2453356	5.2038374
study	6.116101	3.9644985	6.389355
afford	6.0412803	3.9118576	5.5954924
service	5.6056232	3.8768232	5.973783
height	5.0649524	4.3531203	5.096935
prospect	6.7406874	4.448427	5.8781266
pleasant	6.8097286	3.9705126	6.095262
shade	5.0042334	3.6273367	5.18343
listen	5.284867	4.212449	5.490309
mighty	5.742975	4.3704467	5.666037
country	5.455513	3.7279944	5.4930205
title	6.245119	3.9244523	5.9090323
choose	5.5296035	3.6231258	5.789943
village	5.938962	4.086466	5.528573
acquire	6.38131	4.502101	6.701126
rank	5.10053	4.050223	5.1769266
bow	5.89346	3.4204707	5.8454633
doctor	4.8020496	3.8623815	4.962237
talent	6.893797	4.579298	6.6634884
source	5.7776937	4.108176	5.500603
lead	4.9921813	4.0496974	5.526449
question	5.335565	4.0661755	5.6381254
publish	5.414754	3.9944139	5.7083263
interest	5.9912186	3.9668012	5.705395
serve	5.021262	3.3816354	5.6348896
divine	6.4095407	4.012135	5.5876656
put	5.618062	3.854501	5.698047
shadow	4.762572	3.439898	5.0851636
practical	5.6645236	3.917608	5.9564238
surface	5.092922	3.1606383	4.903188
account	5.5434017	3.9613261	5.530093
loss	4.3028774	4.240173	4.5279994
indian	5.083845	5.014989	5.3923206
vine	6.3206882	3.828594	5.668005
certain	4.824424	4.4419227	5.3061924
sin	3.4528694	4.382433	4.244476
necessity	4.280954	4.1941576	4.7216177
lose	4.6693215	4.5494914	5.222993
private	4.300998	3.561772	5.173165
gentleman	5.6038866	3.6189241	5.3295918
daughter	5.6860385	4.2933283	5.0924535
drive	4.016707	4.705926	4.60527
strange	4.6552477	4.8517785	4.6000237
journey	5.9971867	3.8064828	5.684335
uncle	5.882477	4.0222855	5.972368
species	5.3320737	4.435121	5.0465217
think	5.4210033	4.229982	5.4054313
bed	5.2637696	3.4598064	5.3297105
wind	5.2421184	3.9612637	5.07969
bless	7.181007	4.106308	6.385434
destroy	3.8263276	4.993983	4.720848
author	5.403952	4.304041	5.108845
sustain	5.215489	3.8808527	5.658235
black	4.227644	4.4937987	4.3844385
event	5.879965	4.3857136	4.9994497
liberty	6.8900576	5.0234394	6.059663
negro	4.540027	4.363183	4.5109158
little	4.9039	4.1723185	4.982902
fortune	5.748521	4.419016	5.4292116
touch	5.5957623	3.638446	5.437554
kill	4.2493744	5.121002	4.7711535
feature	5.3779316	3.9087749	5.551098
happiness	7.06592	4.4196587	6.3915195
assume	4.162047	3.7794275	5.001571
notion	5.7231464	4.089195	5.4360843
purchase	6.263674	3.7864575	6.2996416
faithful	6.1603317	3.774973	5.9644194
soldier	4.5449457	4.3939786	5.112683
father	5.7414846	4.1187763	5.2534432
narrow	3.4943438	3.7703118	4.4182415
great	5.1523156	4.121193	5.309272
tear	3.7661045	4.052784	4.416701
honorable	5.528786	4.3008122	5.9332685
previous	4.4784565	3.863564	4.9692254
good	6.0568132	3.63027	6.1558185
domestic	5.0743666	3.7470973	4.8902006
glory	6.802205	4.4788623	6.1158853
lay	4.8523455	3.401943	5.5750046
occasion	5.1515517	4.142565	5.0205474
guard	4.879369	3.8016376	5.2738104
whole	5.406408	3.9753885	5.23475
mouth	5.071391	4.1297235	5.5250897
receive	6.3242617	3.7368984	6.098946
take	5.183694	3.710549	5.719022
simple	6.141037	3.8085747	5.950362
error	3.485526	4.4018035	4.182686
wisdom	6.2409687	4.0080585	6.178259
rock	5.360676	4.2704215	5.1270766
decide	5.1520185	4.030009	5.714091
exclaim	5.7304583	4.6993957	5.673836
assure	6.9425945	3.951552	6.533415
sign	5.007461	3.4098227	5.235614
preserve	5.72687	3.4572864	5.755684
commerce	5.5430856	4.353515	5.6408753
plant	4.929899	3.7025056	5.1689043
walk	5.6203856	3.7550442	5.8224597
difference	5.227974	3.881105	5.2270527
hang	4.720556	3.7577953	4.9896884
following	6.604292	3.5770998	6.0715747
employ	5.052517	3.8777442	6.162494
