deal	4.9033737	4.2182074	4.9745445
study	6.2219353	3.9472075	6.4807534
afford	6.1008534	4.063238	5.785589
service	5.5051374	3.9815881	5.8406644
height	5.2765284	4.216582	5.2137537
prospect	6.8455358	4.312806	5.977095
pleasant	6.7741146	3.9421186	5.9859037
shade	5.0484247	3.6918015	5.11028
listen	5.0688376	4.307977	5.497202
mighty	5.547571	4.4484296	5.461033
country	5.582659	3.6894114	5.528385
title	6.352084	3.6562028	6.040762
choose	5.336261	3.717152	5.8072076
village	5.9911294	4.0913095	5.5378146
acquire	6.5442476	4.490021	6.7011213
rank	5.1478224	3.9161735	5.0788674
bow	5.844675	3.349174	5.8199644
doctor	5.0439386	3.904598	4.992362
talent	7.0459943	4.4894795	6.687456
source	6.2448177	4.225925	5.727517
lead	4.9999475	4.0797677	5.606632
question	5.4530306	3.8588119	5.487042
publish	5.5673404	3.8697124	5.8374357
interest	6.130235	3.9998174	5.828653
serve	5.160823	3.4322672	5.797145
divine	6.322036	4.05076	5.522597
put	5.435132	3.8918808	5.6505923
shadow	4.7932787	3.5153923	5.0138283
practical	5.7508693	3.8567407	6.0126576
surface	5.193907	3.340829	4.959854
account	5.556368	4.0820627	5.505937
loss	4.368991	4.420971	4.4087405
indian	4.9255404	5.036133	5.306526
vine	6.3491225	3.5957513	5.8272815
certain	5.0296082	4.5437446	5.4104075
sin	3.6585107	4.3612247	4.353608
necessity	4.3328495	4.315662	4.6933284
lose	4.633411	4.494566	4.9949074
private	4.437292	3.701431	5.1785517
gentleman	5.6203127	3.6506622	5.3083653
daughter	5.7072754	4.276479	5.1955643
drive	4.163736	4.650012	4.7437816
strange	4.7828617	4.910468	4.652232
journey	6.1343813	3.6634643	5.793426
uncle	5.781805	3.997075	5.940371
species	5.452098	4.6624093	5.2302413
think	5.4866467	4.1477904	5.6550865
bed	5.4018507	3.376967	5.4243755
wind	5.0400214	4.0715766	4.955704
bless	7.123093	4.1382346	6.290973
destroy	3.8743694	4.977874	4.683849
author	5.6399956	4.1726604	5.2926226
sustain	5.1833405	3.998585	5.663208
black	4.375731	4.598662	4.5199366
event	6.059024	4.377332	5.096436
liberty	6.9129124	4.8318367	6.178759
negro	4.337251	4.522347	4.4809566
little	5.0119267	4.0929093	4.9871607
fortune	5.976859	4.185659	5.4312243
touch	5.529558	3.6336563	5.5155673
kill	4.4015226	5.1812906	4.7538204
feature	5.3116684	3.982464	5.4972577
happiness	7.0905657	4.2897754	6.424767
assume	4.123823	3.671785	4.7822657
notion	5.9543524	3.9508235	5.6658645
purchase	6.132328	3.884371	6.447605
faithful	6.1912775	3.6100838	5.9485197
soldier	4.2744303	4.286558	4.834318
father	5.8583117	4.1470184	5.288789
narrow	3.5656471	3.7953515	4.4691954
great	5.312451	4.0460944	5.028763
tear	3.9654844	3.8722382	4.4597883
honorable	5.66654	4.3292675	6.000095
previous	4.5539775	3.9817724	5.035058
good	5.9898863	3.6651835	6.00741
domestic	5.200143	3.7676587	5.093255
glory	6.750951	4.412238	5.9973326
lay	4.949709	3.3761716	5.5591598
occasion	5.1632056	4.2354493	5.0282035
guard	4.9578776	3.7904472	5.2977676
whole	5.2054205	4.045931	5.2579293
mouth	4.913213	4.2323513	5.5340304
receive	6.290642	3.7651737	6.0402346
take	5.329912	3.7612448	5.546227
simple	6.045218	3.8108406	5.9817877
error	3.4296257	4.3524647	4.21941
wisdom	6.399336	4.009008	6.1425734
rock	5.484439	4.397005	5.185836
decide	5.016208	4.0549293	5.5204906
exclaim	5.589003	4.807128	5.549353
assure	6.748814	4.048869	6.467606
sign	5.200096	3.4972208	5.3049574
preserve	5.951926	3.544671	5.9137564
commerce	5.675445	4.412274	5.6783566
plant	5.0514717	3.7380702	5.32005
walk	5.688391	3.6534045	5.8318887
difference	5.2073317	4.026505	5.1655207
hang	4.6785755	3.785613	5.066481
following	6.377532	3.5268507	5.8327765
employ	4.806546	4.031506	6.0533085
