deal	4.875498	4.466049	5.2061577
study	6.10297	3.987747	6.4023495
afford	6.0743904	4.0020885	5.541588
service	5.6648254	4.0026407	5.9774466
height	5.2110677	4.2880907	5.149916
prospect	6.774415	4.366118	5.904342
pleasant	6.7955675	4.0159054	6.0113134
shade	5.031111	3.6839337	5.317066
listen	5.233429	4.1913223	5.5836086
mighty	5.7260227	4.4431286	5.601391
country	5.3763967	3.533537	5.412512
title	6.311046	3.778376	6.127638
choose	5.3193135	3.5775213	5.808547
village	5.9539566	4.027904	5.469007
acquire	6.6386995	4.3703704	6.7751856
rank	5.256426	3.9480705	5.2150393
bow	5.8375144	3.487956	5.6712418
doctor	4.94652	3.9136317	4.853896
talent	7.0124617	4.5981426	6.7872634
source	5.9550924	4.142668	5.5319424
lead	4.908834	4.041799	5.449022
question	5.340716	3.7732856	5.3839965
publish	5.183948	3.8737168	5.542839
interest	5.9966288	4.085777	5.8602705
serve	5.1366444	3.421732	5.692172
divine	6.436941	4.1404552	5.750637
put	5.5550776	3.8727412	5.4898043
shadow	5.0132933	3.431897	5.272394
practical	5.6303186	3.9119108	5.983282
surface	5.193143	3.1544714	4.9066014
account	5.5602818	4.0919685	5.4633203
loss	4.5596337	4.4301825	4.5339837
indian	5.1012797	4.9676933	5.358631
vine	6.232252	3.5776892	5.7908425
certain	4.965916	4.4528403	5.351187
sin	3.4844072	4.4478903	4.275738
necessity	4.26054	4.2314763	4.854281
lose	4.862517	4.314121	5.2068725
private	4.4879723	3.6512852	5.2749834
gentleman	5.473242	3.5944324	5.3353996
daughter	5.4731436	4.209691	4.8729672
drive	4.145327	4.5575733	4.755144
strange	4.575402	4.713209	4.5699315
journey	6.0277114	3.7263763	5.7812653
uncle	5.6901217	4.152924	5.8588257
species	5.3504906	4.5503864	5.1007986
think	5.3494034	4.221515	5.407717
bed	5.268867	3.3789015	5.2630234
wind	5.0634036	4.062511	4.8879766
bless	7.2222433	4.1226835	6.2688284
destroy	3.8977234	5.0110908	4.744593
author	5.484228	4.2113285	5.3237066
sustain	5.2106085	3.8769794	5.577659
black	4.3246965	4.473035	4.6318393
event	5.75639	4.2556806	4.980774
liberty	6.9947295	4.7752523	6.186309
negro	4.1716824	4.3670917	4.4013963
little	4.9481297	4.1200337	4.9593863
fortune	5.7953176	4.361682	5.4401903
touch	5.616147	3.7587051	5.556722
kill	4.3764563	5.0164886	4.8235245
feature	5.1898766	3.9670596	5.4121437
happiness	7.254319	4.384344	6.5852404
assume	4.2847886	3.6933532	5.1213107
notion	5.747555	4.129169	5.446571
purchase	6.2337365	3.8038406	6.450776
faithful	6.2988763	3.6486604	6.083178
soldier	4.5128894	4.4562297	4.999783
father	5.660322	4.15666	5.2946186
narrow	3.5488863	3.7856405	4.2992187
great	5.15516	4.2050357	5.178674
tear	4.004569	4.004797	4.6063657
honorable	5.6604767	4.273354	5.8333697
previous	4.4230857	3.964744	4.944092
good	6.13121	3.6973581	6.073448
domestic	5.1111684	3.8008547	4.983752
glory	6.752944	4.534899	6.0610666
lay	4.818681	3.4220746	5.625634
occasion	5.006476	4.3847537	4.9096146
guard	4.912404	3.8772292	5.1508617
whole	5.1601276	3.963458	5.205939
mouth	5.0653715	4.2754517	5.4317617
receive	6.316281	3.7230964	6.0344663
take	5.276103	3.6442463	5.6051254
simple	6.15868	3.5848637	5.949433
error	3.3242521	4.5016103	4.1085267
wisdom	6.3030987	4.2591977	6.2262926
rock	5.450718	4.2672734	5.1847553
decide	4.9920306	3.9245381	5.484194
exclaim	5.754533	4.965422	5.7302184
assure	6.7885256	4.0788665	6.4700155
sign	5.0910997	3.4712858	5.268551
preserve	5.9603596	3.3988504	5.9471116
commerce	5.578662	4.285233	5.639125
plant	4.856477	3.7395685	5.103213
walk	5.6477566	3.7688823	5.8495374
difference	5.177833	3.9856048	5.273266
hang	4.726382	3.8404748	5.0072656
following	6.663268	3.5696683	6.1771083
employ	4.9590592	3.998127	6.154213
