deal	5.1693697	4.372473	5.2417445
study	6.2991204	3.9488406	6.4752626
afford	6.093842	4.0419765	5.629815
service	5.6999345	4.031562	5.9869413
height	5.259029	4.354761	5.249289
prospect	6.7674627	4.3815184	5.9857893
pleasant	6.9096794	3.8808987	6.086685
shade	5.138834	3.603401	5.295798
listen	5.1627197	4.230373	5.457137
mighty	5.622386	4.483505	5.605307
country	5.3541136	3.8061256	5.6026793
title	6.6152687	3.8504796	6.120366
choose	5.210733	3.5590327	5.6948967
village	6.1896553	4.064391	5.6571856
acquire	6.705731	4.541169	6.808799
rank	5.1242685	4.0318823	5.0865436
bow	5.833044	3.4541569	5.8446293
doctor	4.8356576	4.035756	4.798192
talent	7.091728	4.575643	6.7712584
source	5.997397	4.291269	5.6995783
lead	4.756846	4.068993	5.3938456
question	5.32347	3.865828	5.4843993
publish	5.448882	4.0545883	5.71311
interest	5.7589445	3.8395188	5.6607294
serve	5.0609994	3.5001616	5.6609516
divine	6.334012	3.9444423	5.5448728
put	5.6813045	3.8136895	5.68468
shadow	4.949353	3.3865564	5.146728
practical	5.642168	3.9454868	5.927765
surface	5.0782914	3.2290192	4.9357324
account	5.500226	3.9865322	5.42673
loss	4.4731746	4.421558	4.4934006
indian	5.344501	5.0915737	5.4744563
vine	6.343854	3.6702769	5.8785524
certain	4.926352	4.476123	5.4244943
sin	3.4182656	4.3986287	4.0796404
necessity	4.2964215	4.22469	4.789316
lose	4.7561245	4.4194164	5.1582065
private	4.412816	3.5655565	5.2021465
gentleman	5.524402	3.504586	5.1969175
daughter	5.385136	4.3375025	4.9780617
drive	4.0958977	4.6318393	4.713483
strange	4.7266808	4.9381466	4.6333556
journey	6.112915	3.7127209	5.846172
uncle	5.8501453	3.8819094	6.0259113
species	5.372692	4.4590507	5.13339
think	5.356168	4.399616	5.5994816
bed	5.411046	3.4574997	5.4460573
wind	5.0512457	4.0625834	4.9458566
bless	7.201537	4.104841	6.2953706
destroy	3.937835	5.022478	4.7758923
author	5.6988606	4.0898886	5.2704573
sustain	5.138807	3.946379	5.606209
black	4.473288	4.722544	4.624919
event	5.748103	4.3588743	4.967819
liberty	6.8323936	4.7141166	6.1631203
negro	4.420711	4.275225	4.433814
little	5.036635	4.150386	5.095314
fortune	5.8455615	4.151725	5.4327397
touch	5.581377	3.71446	5.596801
kill	4.4149675	5.199078	4.857593
feature	5.327835	4.037142	5.5793076
happiness	7.2842007	4.322033	6.6363544
assume	4.2188783	3.7916884	4.9499993
notion	5.7515306	4.0372043	5.479602
purchase	6.266747	3.6763978	6.4609857
faithful	6.1525707	3.6559048	5.974729
soldier	4.577752	4.399582	5.067235
father	5.7716827	4.15326	5.3033886
narrow	3.603079	3.7586856	4.5026274
great	5.239538	4.0396338	5.2643466
tear	4.1666956	3.9978642	4.6056023
honorable	5.5025783	4.3531494	5.7982717
previous	4.4507713	3.9563398	5.0454044
good	6.264383	3.6065788	6.163222
domestic	5.0774336	3.803761	4.9599
glory	6.6350155	4.528797	5.942777
lay	5.011351	3.3080466	5.6705832
occasion	5.048219	4.2643633	4.920713
guard	4.8298116	3.5463672	5.218545
whole	5.338762	4.104906	5.342467
mouth	5.193642	4.1803145	5.604114
receive	6.389145	3.8082495	6.192277
take	5.1340976	3.6858442	5.5233946
simple	5.993357	3.8293915	5.869471
error	3.561753	4.3855033	4.1782775
wisdom	6.2660785	4.059874	6.058937
rock	5.3794904	4.1655765	5.2202578
decide	5.064987	3.974892	5.591328
exclaim	5.794084	4.766626	5.6559277
assure	6.80851	3.9785218	6.556505
sign	4.9643884	3.5588434	5.257601
preserve	5.7987876	3.5059402	5.7598515
commerce	5.5454264	4.2871113	5.527677
plant	4.814499	3.7791214	5.1677675
walk	5.6109743	3.7451944	5.759537
difference	5.232001	4.017083	5.2924967
hang	4.6407247	3.7962813	5.0623045
following	6.7932267	3.5279922	6.1311293
employ	5.0960097	3.8749018	6.1487184
