deal	5.034073535757636	4.993051677518023	5.101314400800693
study	5.260280052679173	4.891565788362055	5.2394964568958295
afford	5.162111454793859	4.924317785745387	5.2056032435593975
service	5.163231689159332	4.998416214174151	5.280210674462192
height	5.054951961531337	4.856859230399173	5.033560270230123
prospect	5.1377708165719955	4.971739891158743	5.155634917661495
pleasant	5.232564785283739	4.822666803727609	4.972809595562548
shade	5.1180110255470455	4.825387701276649	4.940601676531038
listen	5.013059655658843	5.044747111722374	5.034589664186198
mighty	4.984334338809387	5.023006645973077	5.076651672514662
country	5.092799475427639	5.004072106621645	5.257072312787748
title	5.193442051813501	4.95433292454426	5.330009586522508
choose	5.126451208595757	4.936508170746484	5.1988853064648595
village	5.137264395828947	4.890349285575015	5.073813869017094
acquire	5.193340411200552	4.958819618138921	5.28699355657977
rank	5.107043061505954	5.044492711043169	5.2647315583747964
bow	5.04261173835728	4.94373619787575	4.981987620863219
doctor	5.006277439297707	4.963426632939354	5.000710564122765
talent	5.225802323150647	5.004280451907289	5.314838681888127
source	5.1470198506973475	4.9562406140722075	5.238175244684663
lead	5.035773201533391	5.012427844126683	5.141946543695953
question	5.038579338977305	5.024177222580362	5.247809345018944
publish	5.216981062542265	4.925101317486856	5.326970283111203
interest	5.128449205315994	5.018716831642026	5.281777330487862
serve	5.040345042710098	4.950880340947266	5.086498933533343
divine	5.106910204658003	5.000059318151066	5.235715155704348
put	4.959326668208897	4.911756623310789	4.942988532567652
shadow	5.031211755324594	4.903842870604126	4.979324922891972
practical	5.156651286439272	4.963672994321671	5.310020537242974
surface	5.057328950532682	4.788242702857409	4.943605549419447
account	5.083566094850248	4.965233761235192	5.188529727331515
loss	4.930796708790687	5.070739646787605	5.1219425302361525
indian	4.9551628672259	5.020327352452974	5.1112932671533065
vine	5.126576933996922	4.77146786798458	4.993882284161741
certain	5.026677616638125	5.009279228913241	5.1919921300085985
sin	4.847640437000347	5.110440703274139	5.082244473016964
necessity	4.985408249830478	5.057974953098197	5.2394131484581274
lose	4.964514145542455	5.0394847959552616	5.051098011477421
private	5.085426926555847	5.03574350261126	5.273079780945116
gentleman	5.145685431562618	4.938497682917489	5.1154356960478236
daughter	5.028133013250797	5.029540477524149	5.0714925389854475
drive	4.829682459051128	5.078467999969656	4.958949962645881
strange	4.947797571870977	5.028349377005502	4.962329277988854
journey	5.130610681234612	4.917492215592924	5.052425548517953
uncle	5.109700549942124	4.916059871477909	5.013118656695414
species	5.038768792487483	4.924883454749456	5.123258781178405
think	5.020664448435179	5.011710360369607	5.062842576648765
bed	4.99946007851579	4.815636365787319	4.812139957232531
wind	4.930567636969768	4.938825744815662	4.8804814819555675
bless	5.069715186295143	4.951173543281228	5.0128243497615745
destroy	4.858897840996191	5.084063603676861	5.101523896630704
author	5.190915696315794	4.973701276864849	5.282239452868307
sustain	5.020074463879495	5.036712312840257	5.238981975768225
black	4.950990780782122	4.8525835308607	4.8434991443610995
event	5.0566352390552245	5.067253781699067	5.25729177023542
liberty	5.044458595515046	5.100173295246162	5.304571764399279
negro	4.941592303266052	4.952050820733713	4.978216597559002
little	5.098586338431608	4.8817404522857295	4.996258348269257
fortune	5.06394654875563	5.0576640262160995	5.162425599357969
touch	5.037299127835049	4.9551815479688255	5.006964463684458
kill	4.771691467312363	5.079086404853848	4.906118107106773
feature	5.087886384050037	4.928871036644145	5.080201502729022
happiness	5.096774678456866	5.05266735081112	5.213083930747765
assume	5.056665688079067	5.009290410569149	5.194151733984459
notion	5.060330457903127	4.977028136610548	5.140480095964546
purchase	5.155313380809	4.865002091376792	5.1487954513311935
faithful	5.109990854106596	5.043928350631586	5.228567521883081
soldier	4.901809031565219	5.1441806112257105	5.096758760135949
father	4.973629291859137	5.041710988944471	5.059449753449659
narrow	4.992840819289328	4.884946459460854	4.9926969773100955
great	5.093865297449435	4.9946731898891175	5.226505397327242
tear	4.899372962893092	4.992806550299853	4.88296262851843
honorable	5.109098048807014	5.094333823621777	5.345755084797431
previous	5.083756312391379	4.949804025440415	5.186607591938865
good	5.081990463794334	4.980320235119264	5.114096768313998
domestic	5.131369005492262	4.942903248302732	5.174408272992397
glory	5.1306790783061365	5.005559840019159	5.1811689832638015
lay	4.985547456897509	4.890966446866549	4.952009507320172
occasion	5.059780434413856	5.034893174139701	5.197024052999073
guard	4.8940507431513245	5.09368456401117	5.0833271109949765
whole	5.051808178249577	4.944052550565533	5.134983385497997
mouth	4.977488967911336	4.865363145204007	4.851046924359561
receive	5.128871169584416	4.96162033911118	5.211527403180007
take	5.003013419803398	4.960914642898352	5.052206252600174
simple	5.153551244410892	4.884453357046972	5.13397765619955
error	4.955229006587655	5.081625626496975	5.239040829703412
wisdom	5.07615496392914	5.0659498897216135	5.260713698250731
rock	4.958748315693733	4.882642889464185	4.899245913160818
decide	5.047394127103757	5.053124256386608	5.283150330978768
exclaim	4.912174270331816	5.041430086566463	4.907218090465415
assure	5.055660718653471	5.04654963592849	5.154618512140747
sign	5.027503259767364	4.9624825778321044	5.1096654022984875
preserve	5.102740569775512	4.917334099109637	5.150862827424602
commerce	5.109469935451086	4.962212681357399	5.255512770297021
plant	5.102116946691331	4.7879557269661985	4.990969506606218
walk	5.128936774612161	4.842400684639477	4.919722498059486
difference	5.067785281236937	4.942196472161744	5.187165507468925
hang	4.947505062998181	4.875024076388219	4.826361088991
following	5.228402641766261	4.8513320192110445	5.2225424737855
employ	5.117379002335531	4.911099241290916	5.187363837805788
