deal	5.020804555083426	5.003466513845035	5.093848489723313
study	5.255174260335241	4.904116122582882	5.229550966464304
afford	5.156822988131754	4.93933828490604	5.20167994943929
service	5.161830372178344	5.0087521118843465	5.2681347696688725
height	5.060644093107541	4.85838666664101	5.028509687650617
prospect	5.140513248359207	4.984523268144677	5.15483853856389
pleasant	5.231753727418845	4.825299359247653	4.964223583930605
shade	5.127441810892064	4.82543063666893	4.9356260696885155
listen	5.003766434803418	5.050162878163062	5.01516552369115
mighty	4.990205875513857	5.0212398642165805	5.071971619046303
country	5.096479321898214	5.013157725583396	5.25494243775385
title	5.188441069513572	4.96362635236883	5.315993632544368
choose	5.116823707735724	4.9417170802488055	5.182188361490462
village	5.1342128560544955	4.895234583983071	5.060013183178506
acquire	5.194220996304799	4.96907227181035	5.282601798036621
rank	5.111026323724793	5.046475290208058	5.251528755880013
bow	5.043769729901702	4.93805642619231	4.967208096011581
doctor	4.982948524387051	4.975301900887161	4.984911500423539
talent	5.219648790961427	5.015655694502813	5.303885827093611
source	5.147861251709629	4.970028215772349	5.237248455880294
lead	5.031367867792071	5.019643021186159	5.132129680589216
question	5.018746810338508	5.040765409850547	5.2378771235293735
publish	5.201581562448512	4.94337049482924	5.312823303016421
interest	5.1235525524558705	5.036620079470332	5.277206012661226
serve	5.037988932200101	4.954093901248507	5.078280055888045
divine	5.110190977524254	5.007309862781734	5.226866163847287
put	4.94032285123101	4.915501747711977	4.933925286328225
shadow	5.038090235945483	4.905537311963431	4.973973817115269
practical	5.147118849351133	4.978251439758943	5.304521731057994
surface	5.058114580320467	4.791923040611246	4.946107173924141
account	5.069439391082613	4.982905379020011	5.180953798569023
loss	4.929811986606724	5.091721291970604	5.119879028049161
indian	4.955320326431114	5.021279637647728	5.099227931239177
vine	5.129642141272397	4.7752624118644444	4.9916469307055955
certain	5.019555327632911	5.0212052705989425	5.185477027387183
sin	4.848571965935321	5.119400532548803	5.073867469199094
necessity	4.977030064498079	5.072659210123366	5.235449586333301
lose	4.968195913073364	5.049775270648575	5.048022430140533
private	5.071933093501182	5.055886703673249	5.2631471244992305
gentleman	5.1226492562797725	4.948096072322361	5.094414856662491
daughter	5.0326962155865935	5.037446121059125	5.055053046230885
drive	4.829508756043403	5.079436185177317	4.953035891441266
strange	4.949501977750654	5.033655195826516	4.952720293854263
journey	5.129183834914413	4.930104315836024	5.044484705201848
uncle	5.090001820800719	4.928417213192206	4.997272300222482
species	5.035125883043727	4.934786835861128	5.119579025688738
think	5.010278008186169	5.021627200541863	5.052258640374186
bed	4.992301199620894	4.818885742724665	4.805219328137002
wind	4.936311420399138	4.935473616467231	4.878842328888692
bless	5.074760555634765	4.951502604317371	5.000518610772943
destroy	4.866470312080382	5.0890857556998075	5.099710901765898
author	5.182318680667634	4.987444305764054	5.268471222397794
sustain	5.019792720490732	5.049229904263599	5.235081606002615
black	4.952150694321625	4.84478134072406	4.833624653273316
event	5.0554796463289735	5.08626219921242	5.252745966506284
liberty	5.047050751252054	5.105628618139953	5.296723791440976
negro	4.923730807954495	4.957680238684197	4.962937145233009
little	5.0922675998703175	4.886815831282849	4.987752269513586
fortune	5.069669721356948	5.070552200803103	5.159545547698424
touch	5.0320122673329655	4.958105283157606	4.993640753187833
kill	4.76540391041883	5.078730150171718	4.889767795181052
feature	5.090182478301337	4.933527306925142	5.070586554267997
happiness	5.103611013386987	5.065237184222176	5.211354183082791
assume	5.05221939750097	5.018498511087816	5.1846654496938385
notion	5.042488387491704	4.983190461511549	5.131269047784233
purchase	5.149165537744223	4.8801100173150145	5.144308164023678
faithful	5.112352915070262	5.05354026723073	5.213765842889811
soldier	4.901710971368629	5.1425039969179265	5.077957300912968
father	4.9733179483138	5.049180048720763	5.044199844981343
narrow	4.992633904570538	4.887973660782857	4.990433233966258
great	5.093540964132164	5.004853767056709	5.223633570420863
tear	4.906198924642977	4.99282415545836	4.875193219231379
honorable	5.103601794524119	5.11054172316413	5.335316583281267
previous	5.072634333832319	4.969263198115694	5.179077639073528
good	5.075177037363389	4.987228471372422	5.10527620778177
domestic	5.134368649970429	4.952459255142884	5.173324074011868
glory	5.1504089192960425	5.0040167841541106	5.178112055709866
lay	4.987369683060461	4.8919635959008945	4.947919184775907
occasion	5.045934700744062	5.049648452739197	5.186466443625401
guard	4.891464871271641	5.095875900328634	5.067083975548261
whole	5.047413276627009	4.951093397250313	5.1308678270302615
mouth	4.966340558678013	4.8614586946684675	4.840813668283913
receive	5.119901936504899	4.9771081520394045	5.20028062872299
take	4.989902115373669	4.971335815249614	5.0425498829300075
simple	5.149475890298764	4.8897732001185465	5.123191628812664
error	4.946230530916284	5.099804748713814	5.233011829802996
wisdom	5.081235540912349	5.0721577631794315	5.253580240407735
rock	4.963801957521394	4.8785797348435205	4.894825075761864
decide	5.027101870549843	5.0702919580310075	5.270299145931699
exclaim	4.8977730007011395	5.044326804817513	4.888877027714738
assure	5.0443223534184005	5.058224616071581	5.142445365618424
sign	5.016738337870287	4.970418350545898	5.094243549499014
preserve	5.109546762745368	4.921794010823164	5.148682855438792
commerce	5.112762600041631	4.971269000043174	5.259830056073055
plant	5.106390410092734	4.787662672521495	4.9864649881369765
walk	5.11838645722031	4.846510556454593	4.906501143624624
difference	5.058952124961814	4.953260634734332	5.182004175983426
hang	4.949826937870715	4.872429873112156	4.820019244974659
following	5.212576067738093	4.865830716506549	5.20576880918175
employ	5.108004812990861	4.922667778194679	5.181088700459899
