deal	5.044122296129035	5.013743891338079	5.119019295110378
study	5.271731964284648	4.9059050017889305	5.259781101775859
afford	5.1757050233121	4.943652162764821	5.227388052167976
service	5.186610016879261	5.018924446070206	5.303892147135479
height	5.0749537548870896	4.878584312400428	5.05231718937887
prospect	5.154223811112604	4.993920029550215	5.1758943472903995
pleasant	5.23568077276352	4.8445735777724765	4.980147536413021
shade	5.135755513429438	4.844769787476833	4.954994806184113
listen	5.024977220144222	5.068673138136402	5.0417335894390884
mighty	5.007798946772988	5.039224551030965	5.092777222579072
country	5.117983244669787	5.016616705658477	5.283568311158428
title	5.228896196419449	4.969527847219247	5.366332353018711
choose	5.150322547780363	4.956779529991361	5.224994862370981
village	5.14815775574917	4.917370735551276	5.0896934141438095
acquire	5.212783784138146	4.9707152706013575	5.310768227047432
rank	5.135882569977686	5.0615716801467	5.290486570128945
bow	5.061412779773958	4.968462574080647	4.993208807727288
doctor	5.006449366598926	4.992861179977042	5.0141897479677215
talent	5.243437157743624	5.0168149208357855	5.337245417955486
source	5.169408386898922	4.966640104867954	5.261556133185964
lead	5.055620443634884	5.031313136479813	5.161057587817838
question	5.053647399690077	5.0419777047512735	5.277760090736122
publish	5.240041174887668	4.940739555513507	5.358236059890478
interest	5.147565393718416	5.034030683085	5.306104418730737
serve	5.061820968169575	4.967407357374985	5.105807360477612
divine	5.134881520005409	5.00961945156241	5.2589645935452305
put	4.966663829217484	4.937397641989693	4.958477355923284
shadow	5.053645688588702	4.922841327687696	4.998655751593252
practical	5.173257577656827	4.974316099426685	5.339152470424864
surface	5.067716961425207	4.805959312681783	4.960243273926748
account	5.0972687379501656	4.986678781297709	5.211252975041295
loss	4.950524775251744	5.094794134742304	5.13936839295655
indian	4.9799485110549115	5.042005652413366	5.133412046114833
vine	5.141841176089015	4.789875357455975	5.011384875524877
certain	5.045610186578469	5.0258284534512825	5.217249707311689
sin	4.874539936300219	5.126740173060686	5.102052339870291
necessity	5.004507197464998	5.074640892700596	5.266987496737803
lose	4.987800127911545	5.061768871413891	5.0681504927416645
private	5.104988971109528	5.057899068417609	5.3012617811413465
gentleman	5.150029376831183	4.967790472717889	5.133906794434634
daughter	5.054458355619937	5.055660363452327	5.088663589181601
drive	4.848041483680476	5.106068313555643	4.9733774569001
strange	4.964468041402149	5.049486915233821	4.974387592547977
journey	5.14369661328226	4.949455277236873	5.067802366794806
uncle	5.118437089986888	4.948825585394466	5.029655625696044
species	5.054366553708114	4.940550269749687	5.140440095546804
think	5.034447282885125	5.0313928834216	5.0784650512536125
bed	5.003776814744578	4.847052041899928	4.8245777148599975
wind	4.94392287713614	4.963189181597087	4.89132041914803
bless	5.094792700172868	4.967892851470364	5.022993155697114
destroy	4.889325470257189	5.099724341699635	5.123358519551712
author	5.21396451075766	4.9856085566327195	5.307373387558744
sustain	5.044617398371831	5.051519641745663	5.263911155456826
black	4.967998552732998	4.878942684096236	4.860900863492538
event	5.077755961942806	5.085328771816236	5.2819599424565284
liberty	5.076795075410855	5.110511710115775	5.333399295490253
negro	4.943979141672693	4.98412106432391	4.993888245859739
little	5.106645458228542	4.90497353763978	5.0095393673183075
fortune	5.089371603833523	5.0811727565447065	5.183209710255171
touch	5.051875854556939	4.973517833129408	5.017040168715118
kill	4.7923715470739126	5.106040699547584	4.91712575134637
feature	5.104626248892736	4.945960225057649	5.099177875792831
happiness	5.123435265884175	5.063210466495929	5.234188156664365
assume	5.076160322422845	5.027397201117536	5.218598533096397
notion	5.070839070163276	4.990966253880831	5.165323987806244
purchase	5.172683655274466	4.889216435451602	5.1707039033089215
faithful	5.138675890454112	5.063436125531181	5.25054818341082
soldier	4.9284242967455905	5.168932823372148	5.111270371338149
father	4.997126425139364	5.0653494081021755	5.074713859969328
narrow	5.006473732518087	4.908259990855475	5.013095532438996
great	5.113628130749341	5.010135344504816	5.249007821379434
tear	4.920689827587635	5.010870357367024	4.889619936331807
honorable	5.139346816049546	5.113028922951131	5.3782999085716225
previous	5.096834477868959	4.974932290660563	5.211814045408999
good	5.096829910340633	4.998830979235129	5.131538561650986
domestic	5.149468043729401	4.953322794721228	5.194411558838329
glory	5.168946169113812	5.015736094992381	5.201942104737985
lay	5.004619910828333	4.91435443805153	4.968319567400123
occasion	5.070670025793113	5.05625169138983	5.216471813580572
guard	4.919036239220543	5.1228799383136305	5.102664635667212
whole	5.067802262458771	4.960858255923976	5.156270361552392
mouth	4.983392974504811	4.894025491967857	4.861527560972438
receive	5.144829704838165	4.984601997981245	5.231390906520802
take	5.015734241699272	4.9865641400832015	5.070431612664037
simple	5.167560797899745	4.897064621855036	5.152157361157152
error	4.979549824152343	5.095142160305753	5.2682724347973275
wisdom	5.106584934878513	5.076615157132627	5.285594220554017
rock	4.976001093386059	4.9066771692599405	4.912910305822436
decide	5.064859784803034	5.074264203778424	5.315535153803394
exclaim	4.920008687788237	5.070491042115375	4.911779604765377
assure	5.072130341620298	5.068434344052689	5.1720685949985565
sign	5.045207849305014	4.986259775514322	5.131756441675261
preserve	5.128579171802446	4.929382413113232	5.17299068156417
commerce	5.133961099126864	4.9729253405581195	5.283158651853402
plant	5.118446450622312	4.803939599945393	5.007328152450234
walk	5.131266742966476	4.875063826564904	4.930745872870767
difference	5.083813776574352	4.953434423120346	5.212224355816412
hang	4.96546222607499	4.904476697430608	4.842416578258763
following	5.242392342111384	4.873494802943595	5.246798062725734
employ	5.129107446041887	4.9301071728706445	5.207976451078996
