deal	5.046682149821631	5.012881442882365	5.116208371581885
study	5.273530785277277	4.915415146191951	5.2512724277192255
afford	5.177868878906312	4.950355814815821	5.229078529458873
service	5.181742073107117	5.023862601494636	5.293574460265993
height	5.073769607470827	4.8706770222013525	5.050982171070183
prospect	5.154101483652529	4.9977111241231835	5.174647183316156
pleasant	5.229171354542408	4.847029146526073	4.976800005846747
shade	5.128200834998522	4.846476231655719	4.955921916682532
listen	5.021632623867892	5.075629166895311	5.033510840659363
mighty	5.004327082552825	5.0373554787210475	5.087296990777375
country	5.117924231617364	5.021635749473621	5.28208834775938
title	5.22146660622834	4.971811424656202	5.349305611725874
choose	5.1365970935994545	4.954364591298197	5.205780151547019
village	5.141987268901581	4.910266119157586	5.076785887915922
acquire	5.2156703453517945	4.980329793653802	5.310655244103238
rank	5.129673111947609	5.067937419956727	5.281778994765012
bow	5.052858451451339	4.967379469038041	4.987819675076235
doctor	5.008696467886457	4.989951661231127	5.005191150636033
talent	5.243350781075972	5.029578359302467	5.331270183424112
source	5.169446466276539	4.977852393398165	5.262730629990861
lead	5.051210530903231	5.0389849311740855	5.157187810574907
question	5.056054989757188	5.05005953596383	5.269067086686291
publish	5.2385852436335165	4.94082004355016	5.337777574247626
interest	5.147897642545715	5.047314363023807	5.306370342477679
serve	5.054240095399782	4.97004245567523	5.102177596227674
divine	5.128872397231001	5.024222628049592	5.253735883892041
put	4.962553197376789	4.927603104115738	4.954569131621065
shadow	5.046913441119253	4.923266562741916	4.993695039560321
practical	5.178277252819261	4.985000898568893	5.3364205221158745
surface	5.069066559285333	4.801243743448661	4.969048193249575
account	5.099108514334301	4.988391599320526	5.20854798655777
loss	4.952199134754767	5.0968331614565585	5.1452714387641345
indian	4.976249742165936	5.038266993340151	5.127752076524629
vine	5.140232506065491	4.782530200430842	5.017534264348909
certain	5.046512059110448	5.034125887598672	5.217293266318926
sin	4.866466279361218	5.131944471047588	5.094807387665108
necessity	5.005771928475939	5.086061608844241	5.269233537999003
lose	4.98448684572059	5.062164325780822	5.067465775580069
private	5.099566347906162	5.066515175170017	5.2906398592663235
gentleman	5.14660270162651	4.967172395454666	5.119809480035541
daughter	5.043923288744301	5.057901877686698	5.074975957517133
drive	4.842779881091684	5.098373920841618	4.970307715989892
strange	4.96303690499755	5.053110097466282	4.971682402963546
journey	5.141823774766301	4.941699800154988	5.057294805748055
uncle	5.1093326062355695	4.939483558998998	5.011291084708652
species	5.058788822776459	4.9398880182115885	5.151839123501133
think	5.030725335687359	5.034866947179717	5.071223193848112
bed	4.994364465633627	4.83630332616201	4.815265146359731
wind	4.943241629770526	4.953574709482484	4.894537746134467
bless	5.081567438735382	4.966604868998593	5.012902881885229
destroy	4.8849305362299384	5.100588586248615	5.127146529762047
author	5.213240162857988	4.995049675934509	5.296486918139209
sustain	5.044135768195257	5.061723298023457	5.26761916356362
black	4.963169189509041	4.865605480833088	4.857770802952575
event	5.08102202684738	5.09677294456691	5.278842709134457
liberty	5.069172132103424	5.1212270644279485	5.324377026306342
negro	4.946375726337869	4.969804228917544	4.985898251658039
little	5.103181551112855	4.904750992144469	5.007151906452144
fortune	5.086273047540689	5.083344594809918	5.180868471725427
touch	5.048982312496022	4.981451586596343	5.0175682454943535
kill	4.786789320967849	5.087451349103688	4.906664328760632
feature	5.105653671237795	4.958693242657067	5.100552568520828
happiness	5.1172210737050685	5.082338390127679	5.235143822395838
assume	5.075047700488635	5.0402246172317655	5.218473937857313
notion	5.070194567198586	4.99519688801422	5.157993175993757
purchase	5.167418964757231	4.8805351638186485	5.164989253574182
faithful	5.129875223942469	5.073752441316034	5.237723777318734
soldier	4.922642330705821	5.166565783750488	5.100728731970396
father	4.986556805475831	5.068041350626189	5.061916356729916
narrow	5.004908173851573	4.90567194710997	5.012320644715478
great	5.117143129942516	5.017130301918453	5.251038223251142
tear	4.911001587334609	5.0110428599666115	4.887298964067574
honorable	5.134171810403021	5.124606013567487	5.3678640083295095
previous	5.098687114062831	4.977629169966446	5.205901382586767
good	5.093208484096333	5.001600986285771	5.127316640634035
domestic	5.145548861685027	4.9688423985364825	5.200926558539077
glory	5.158992213412654	5.018265769355117	5.1947107671045885
lay	4.996817067871814	4.909746861669844	4.965536542432891
occasion	5.071768218552491	5.066779741489292	5.215174575146424
guard	4.911016079802291	5.120303526439546	5.092394704056856
whole	5.06802180244411	4.964692042081207	5.156455918801466
mouth	4.982373779505215	4.880926381087828	4.858278020966397
receive	5.142874614869924	4.988950380817802	5.227957992631668
take	5.012432822863087	4.9843541949244905	5.064780915913199
simple	5.16530272857932	4.910105333568194	5.152541183662566
error	4.981783092432098	5.103794818671241	5.265263024796761
wisdom	5.101798950789566	5.090802295894469	5.281591855152661
rock	4.971329343527178	4.893426037826113	4.909163938614663
decide	5.066039428821015	5.081636016019232	5.303833818975698
exclaim	4.917621897124495	5.066721702107336	4.904561998235804
assure	5.06860386842675	5.075549935861691	5.165471631095268
sign	5.041637630278424	4.986242134237967	5.119897651790711
preserve	5.123717778917044	4.937029082176356	5.176612183560185
commerce	5.1357886316733	4.976798713040215	5.289882201998582
plant	5.1150692067920325	4.798884052337944	5.0125242407250195
walk	5.123843617787829	4.869454973815882	4.9193696665125115
difference	5.0847947344315205	4.960116990246717	5.213278578500912
hang	4.956313553375287	4.891678376955434	4.83659514662584
following	5.240415373279886	4.875739019447654	5.234434239004802
employ	5.131788104197744	4.930541647677993	5.208064874056562
