deal	5.045867467895966	4.996710387137679	5.104829354775317
study	5.271136562262063	4.902742207161846	5.246770545435539
afford	5.18091526460378	4.938773301039122	5.2204112913027885
service	5.187431088889601	5.010005208943801	5.2905818140706655
height	5.077420059713852	4.877034915984992	5.050451395232723
prospect	5.1597420207438205	4.987397369727885	5.167949114680504
pleasant	5.231879392455929	4.840248973284982	4.971289387749824
shade	5.129266324179722	4.850352969128331	4.952194673342064
listen	5.017983705858726	5.066532533949791	5.028027877264878
mighty	5.006972678620106	5.032650472624405	5.087420252729358
country	5.126597245824902	5.0108961609213365	5.281698957590183
title	5.222629754785502	4.967078981584766	5.3563905724684036
choose	5.15122435109311	4.9483110944144615	5.21585333612121
village	5.151836078964971	4.905560845829493	5.078984061390105
acquire	5.217230808699923	4.969037769835636	5.306605710321181
rank	5.1394455229579155	5.05649199758388	5.2830285736640406
bow	5.056934001190685	4.966018327976656	4.984736609574277
doctor	5.009177866999639	4.972475519602009	4.9939707632530626
talent	5.243088721021248	5.015042248476243	5.326485170566838
source	5.168904605261098	4.969579834959495	5.259996544923296
lead	5.059091154465082	5.027374287887733	5.1527995698860085
question	5.064650267707641	5.034252228522229	5.26794624937774
publish	5.238027303044126	4.932501465915427	5.3411952345954425
interest	5.153302183794435	5.03125267028234	5.298795078069305
serve	5.060669180267391	4.9605835900507875	5.097322221269291
divine	5.129331048591043	5.0151521427702	5.255808786290149
put	4.968496781937871	4.920372214575099	4.944347913340631
shadow	5.049167612875959	4.926387090469937	4.993157651437598
practical	5.182386067214009	4.970610419736665	5.333289036875547
surface	5.071652141848195	4.806140106895738	4.961125791043759
account	5.101547367210812	4.97356178730589	5.19832223215466
loss	4.9492979935050965	5.084814807324507	5.130687067972947
indian	4.985773691208979	5.03433552018631	5.12975969287846
vine	5.142909043609303	4.787149131368695	5.010740274177481
certain	5.052199650323341	5.0214451445373305	5.211788290379873
sin	4.866081183030394	5.1220338508944065	5.095529970057409
necessity	5.015088544144697	5.071088615732509	5.262465155886532
lose	4.9830124029774545	5.054538588334036	5.0578213957790155
private	5.107705538095109	5.049196189827896	5.284420482466686
gentleman	5.153662893942386	4.949848228408109	5.114916386844885
daughter	5.047648220583696	5.048086762276618	5.0764475782622895
drive	4.851254788494734	5.090854481404698	4.962158209050159
strange	4.959030504222396	5.045099283695409	4.962957003919719
journey	5.138079865883098	4.935873116525905	5.047748553579115
uncle	5.113465767959934	4.930027787987696	5.007958239552275
species	5.056203903735475	4.936579916400327	5.140601658878206
think	5.032418399453515	5.022637322484315	5.066387752867611
bed	4.998866517020149	4.834686221777637	4.806835876675139
wind	4.946588271411576	4.955934109271567	4.885980914212037
bless	5.081095667779818	4.963055712786082	5.015688667200408
destroy	4.891591462600141	5.094464236561625	5.125276241626229
author	5.208593507185777	4.983063286976726	5.294673725510033
sustain	5.052498349228706	5.04962071438472	5.26110750015848
black	4.968015296363586	4.868215024392506	4.853181060492177
event	5.086179808782647	5.079913130553549	5.272166563176384
liberty	5.086054365622603	5.108118107134653	5.333656492284154
negro	4.953931000868592	4.959613803456025	4.982087102430309
little	5.105191912482454	4.896049297250302	4.998742130211901
fortune	5.08538432863565	5.0684553798332805	5.169170891286245
touch	5.046222751318948	4.975813458618407	5.010657772233985
kill	4.787086505786509	5.084813379545408	4.904097423652735
feature	5.108495693233259	4.952729621868308	5.095826461346445
happiness	5.123156052023586	5.066490925735896	5.231712712578843
assume	5.084183730552338	5.027282124537072	5.2126254775208745
notion	5.079579824611522	4.979300165861587	5.1560877077156295
purchase	5.166644770989603	4.875746940383923	5.1582322012132975
faithful	5.133395352339442	5.060658303438828	5.238308400200949
soldier	4.928490658189004	5.158518919600463	5.098325332161776
father	4.990491822274568	5.058682501260636	5.062904945342656
narrow	5.012097257238344	4.903963075618195	5.0076359060758815
great	5.118377740068212	5.002906619555377	5.242058663375785
tear	4.909486380084235	5.010726863086085	4.8821146733206815
honorable	5.141518460201494	5.106284196173394	5.3663663261528685
previous	5.1071490440783585	4.964990457877178	5.199442047774426
good	5.097300631745429	4.986402312634568	5.1215814231266625
domestic	5.156775210660958	4.95350240496041	5.19450126287912
glory	5.1581014942027945	5.0164832642335675	5.197367474836051
lay	5.003067602681196	4.907996941409145	4.959348389646432
occasion	5.078886161616978	5.047338298493191	5.204537495824484
guard	4.923464298687763	5.113529648750316	5.089815208892608
whole	5.076002214582719	4.953809764702047	5.151109870395631
mouth	4.981249943212935	4.8839957363219355	4.850532392692755
receive	5.146294534942171	4.977547158440392	5.220931182004333
take	5.018974263218132	4.972962930140847	5.056787345361047
simple	5.165933468818608	4.900850431682801	5.148091162718201
error	4.9830634036565185	5.090776636904479	5.26122975910894
wisdom	5.102113278791872	5.078205715993269	5.280177613189426
rock	4.974467838327778	4.901581049757045	4.907728356019345
decide	5.076689973194124	5.066675597605104	5.303398379221527
exclaim	4.914700040931892	5.05852980519672	4.894998500772895
assure	5.072102417507808	5.061089934872347	5.15900769325025
sign	5.043594458255771	4.979552420770418	5.116768738548606
preserve	5.130900605544886	4.929599914243589	5.172544885413604
commerce	5.144881577896203	4.968514274074568	5.283871021395294
plant	5.119478075529479	4.801800510931541	5.009533010943756
walk	5.125888484936502	4.864835738322465	4.912036005431118
difference	5.093566930664974	4.946725269729838	5.210907260444006
hang	4.958238140751895	4.895736735236404	4.82930951695351
following	5.24475746283169	4.867712687231794	5.233510040205846
employ	5.134122631055181	4.921921734391151	5.1979258982975916
