deal	5.038520132383975	5.003115007335736	5.109016467662615
study	5.269314329929106	4.8973533177452815	5.250823595265166
afford	5.1726477707094025	4.9368258352971	5.219378729780656
service	5.173127197519657	5.017632946167387	5.286592389741848
height	5.070329871096784	4.868547707136939	5.032525075829555
prospect	5.147827088400303	4.990699605878978	5.164607838391178
pleasant	5.22563648883969	4.837604379028964	4.9725768027684225
shade	5.118799952115232	4.843204765429615	4.942810398095931
listen	5.013071660063658	5.0715006145613835	5.039719424635992
mighty	4.995190525686976	5.038676139679795	5.077681522095933
country	5.106916441503437	5.012776765580635	5.2672609364266085
title	5.212359445479161	4.9645827968260505	5.343237270874355
choose	5.133691594143502	4.950304270633959	5.20218032916425
village	5.133544457254345	4.905213470710856	5.067564240897558
acquire	5.205703409081849	4.965810973335052	5.299569933385889
rank	5.1198729051345895	5.0619900830483635	5.271556755410217
bow	5.04792274735903	4.971222643747322	4.983398775629339
doctor	5.004830926923586	4.982165014834232	5.0093419825111285
talent	5.232416638624687	5.013527745755931	5.323628385060988
source	5.160658096767368	4.966493779277321	5.255778412869123
lead	5.043624481133903	5.029158944250111	5.150129950094002
question	5.0516227509544835	5.037636230611374	5.26706902283975
publish	5.2350020114097315	4.929320419888401	5.335286384879856
interest	5.141125860549119	5.033061615481515	5.29738311972236
serve	5.0506218121960895	4.964097232175154	5.094612114224417
divine	5.124309326205958	5.016064867771127	5.256055414360536
put	4.962952219031242	4.92646447082156	4.94744399944189
shadow	5.040784760154515	4.921480217939628	4.9854877772444945
practical	5.173252553263823	4.966446417780424	5.328952174360419
surface	5.065039425528587	4.7979985260544105	4.9474026893638205
account	5.094462068341717	4.9767999955359485	5.2005732320748495
loss	4.942269197763685	5.092246658693791	5.132833891515113
indian	4.9608184926685714	5.037141876851365	5.113422489469727
vine	5.1331368390773475	4.78118162252797	4.9944812594976336
certain	5.041272683456705	5.0217256932798415	5.209917861342221
sin	4.8587388635157485	5.128213404102601	5.097089874266874
necessity	4.999842361799709	5.074203496453564	5.259197186416219
lose	4.977738956153811	5.05838949384064	5.061050530922873
private	5.0932692673218565	5.054178451849471	5.284597337622574
gentleman	5.141163257372577	4.955459730798566	5.1189359072054215
daughter	5.0328702049551834	5.056028238027714	5.07656260886733
drive	4.8357996006717086	5.0991822550268955	4.959082158708306
strange	4.955897937569828	5.047059293025743	4.971840246249537
journey	5.133705317945368	4.937848932874699	5.049207934351014
uncle	5.10205005727056	4.938675058554759	5.01255624405819
species	5.0480108122390766	4.931767402000504	5.129558667254096
think	5.0268100741852635	5.0276396742437965	5.074326759902509
bed	4.993102560713118	4.839060452237594	4.812238756699779
wind	4.935145610506955	4.958254931900218	4.878441916992539
bless	5.0743349254268075	4.973175432276769	5.016544168881533
destroy	4.8743550289802435	5.0975345064415425	5.111858887466181
author	5.2053027605530815	4.9792602602635645	5.295071365587913
sustain	5.037660501896726	5.052835300324911	5.252926837990893
black	4.956714417196994	4.867658773803314	4.843343654365094
event	5.0758594312498815	5.085261303280612	5.273320714688615
liberty	5.061445541584962	5.11586100834001	5.3191465559481586
negro	4.936195464240042	4.963313259304613	4.976233307531051
little	5.0991549024252425	4.896422718510387	5.003235073416536
fortune	5.074064036866697	5.077091840391244	5.169295756868946
touch	5.043095729824209	4.97645053870854	5.016866138679967
kill	4.775936635076675	5.096685421713218	4.902030347246724
feature	5.099216861136427	4.946877085222027	5.092637999667108
happiness	5.110888224696045	5.072461548019317	5.232951977842578
assume	5.069717803002297	5.0272064883649445	5.209489866040993
notion	5.0674819967861335	4.98017641730623	5.155594324629446
purchase	5.158048241964026	4.876312302363648	5.149956474549477
faithful	5.119557355438111	5.06846195500698	5.238904260340036
soldier	4.9100530090867585	5.169043397959837	5.092386089495635
father	4.976256799391527	5.069388116057952	5.065978456535629
narrow	5.000020723323312	4.898926637012574	4.998309525578338
great	5.109968119757384	5.006077208243755	5.239074838983439
tear	4.9022465938210695	5.018489560310842	4.885494195707436
honorable	5.12124468527574	5.1153266537246145	5.359756561600103
previous	5.096240445567889	4.96589370075151	5.198860215050464
good	5.0866761751786775	4.993261769166076	5.12528645060429
domestic	5.139827342900586	4.9528186470148325	5.189026464692751
glory	5.149438958864678	5.020169946787928	5.185056579091924
lay	4.99386680190334	4.91129422485654	4.956313005883841
occasion	5.066184443879665	5.053031828539964	5.209274978584973
guard	4.904046481809976	5.122214251556147	5.08609375575586
whole	5.0665355378856685	4.953721927685586	5.144056628534891
mouth	4.97272482865966	4.8848072390697705	4.846630779391782
receive	5.138717164760405	4.982222929260759	5.223577668355077
take	5.008747858348963	4.980086622539697	5.0606017837203945
simple	5.1633018425583925	4.893286248046912	5.14941463366295
error	4.973234886939689	5.091463002489102	5.259583007358507
wisdom	5.0920012040834	5.08102097120184	5.2783671827123815
rock	4.961759922896164	4.901060350501336	4.893066043523969
decide	5.060047908094022	5.069180691455871	5.298969566266325
exclaim	4.90908411067258	5.070203863361078	4.9086839590413485
assure	5.061992470944384	5.068862354434067	5.166160507874809
sign	5.040964814502769	4.982437724719852	5.12167582187719
preserve	5.1213472834727565	4.930226439329225	5.166398723543475
commerce	5.127070033603908	4.968561334081916	5.266101480218405
plant	5.105792960659115	4.796608364462466	4.992538707794976
walk	5.120061571684299	4.863913706386954	4.916968471125638
difference	5.0798681650816295	4.946435133331358	5.2037649400489805
hang	4.952725143915467	4.897779284536042	4.828510258599361
following	5.242008473727988	4.865338931596582	5.233228690740942
employ	5.125832678155249	4.918382109044943	5.192983958409284
