deal	5.050675376928055	4.997064058688989	5.1165830983719065
study	5.280372147034842	4.891467141462942	5.255240222388206
afford	5.184272516978371	4.923320842516226	5.225830273008079
service	5.189608343371911	4.998810793329757	5.2973580702521605
height	5.069511539275379	4.85313516200533	5.043687759421756
prospect	5.147266463920973	4.970002970049351	5.167522360961407
pleasant	5.225659717849787	4.825063133292584	4.97540771568863
shade	5.112612261140199	4.830937607391156	4.945603204788676
listen	5.015087546492767	5.055183552824043	5.03397254706723
mighty	4.994706294987845	5.024402926163434	5.084167399280941
country	5.1234158628488276	4.998518382257287	5.278458776669163
title	5.230129877311445	4.960565575071086	5.3589143319548
choose	5.150638225211524	4.937626789872255	5.216806272162365
village	5.144907346017093	4.883193005072705	5.082127513135046
acquire	5.225883447420637	4.953302746655253	5.308731749637353
rank	5.138623631338431	5.041952622190743	5.2828696016323295
bow	5.04875094490553	4.947650838595573	4.982943107172261
doctor	5.016978660800812	4.972604036390153	5.013709556086565
talent	5.249980700306718	5.004381442914324	5.330618778979864
source	5.166470951742089	4.9576364569481886	5.258499645352656
lead	5.056638304859728	5.0078542808479725	5.1555099265261735
question	5.071208800525513	5.028756927962433	5.277890684996322
publish	5.245324460772545	4.931475688050328	5.349688026921332
interest	5.152587484505301	5.017826108575422	5.2998312889561685
serve	5.061023138803582	4.953770609544407	5.1043465467340035
divine	5.124258386628607	5.010712749346623	5.252616894295157
put	4.969271885147394	4.91795064517255	4.958619459007527
shadow	5.030457130477167	4.90859671224042	4.985963699877001
practical	5.189947619085372	4.963187245535821	5.338107321142457
surface	5.061647236507723	4.78668311464884	4.9582691221623545
account	5.106149299534224	4.967965162875301	5.209230992598098
loss	4.94538146739548	5.076918174974232	5.133247371818319
indian	4.979227976626751	5.015976013658121	5.132632970414058
vine	5.134641811438505	4.768670563711853	5.005392528153499
certain	5.054677836441177	5.01094304953435	5.216613296848523
sin	4.855836674099469	5.124814638147931	5.092971866442328
necessity	5.015427440935109	5.057231169688003	5.265202732179901
lose	4.975133885335053	5.044091595524282	5.058952983002415
private	5.11050158649976	5.03713220319541	5.291573675612828
gentleman	5.163704820148001	4.941172852555245	5.130900713949373
daughter	5.041833716630091	5.036814488961586	5.076824723714333
drive	4.837484773431821	5.075894419009694	4.964032249158255
strange	4.951449095390575	5.037770711645681	4.968178590325322
journey	5.131260325644069	4.91534584122454	5.054967575797759
uncle	5.114028517249259	4.920999508789515	5.0187470128126845
species	5.056880811758722	4.926344731393076	5.1400433437951705
think	5.031700247525912	5.018657136729724	5.073696872299731
bed	4.988615884141927	4.82177368033695	4.816056718274905
wind	4.926679064460055	4.937840914014605	4.88384958306541
bless	5.068896766241033	4.962672189098139	5.012949049392265
destroy	4.883298516667222	5.086765670603502	5.120456686887955
author	5.216549712778377	4.98032058812551	5.30178952882132
sustain	5.046697999733178	5.037861288648094	5.257808619757937
black	4.9551192744862425	4.857571409165959	4.854716072489229
event	5.0806248099764115	5.066966992245939	5.2748569254098285
liberty	5.077006026869704	5.099539458567191	5.326407848493152
negro	4.9547320311844185	4.949605063704909	4.995231438355681
little	5.109965057715103	4.883153891318129	5.008765428967506
fortune	5.082420424941735	5.05834517285157	5.173131142505465
touch	5.044600108772135	4.96380917788222	5.014366134215403
kill	4.7787743486761	5.080407399331318	4.9096795590684765
feature	5.1006605990799265	4.933541146932897	5.094451657771469
happiness	5.112893966382285	5.055438505794384	5.227094410559276
assume	5.082777683031276	5.013878605952171	5.21658954166153
notion	5.085369184969676	4.977675937989845	5.165852691978081
purchase	5.171079024680579	4.866574386368028	5.165600528723998
faithful	5.131008043661686	5.049507572699341	5.241303420830293
soldier	4.9199685246399545	5.142014330775488	5.101162960097896
father	4.986012116698619	5.049924410439998	5.06597877722556
narrow	5.006832641985288	4.879051147265683	5.009874475110309
great	5.120700295834643	4.994831816597942	5.246201763456624
tear	4.892416479376234	5.00347362388898	4.879808185123438
honorable	5.141374227252584	5.098704120626705	5.3685844082482514
previous	5.105081676195238	4.952153863286083	5.207987709570002
good	5.101326794711061	4.9841735027570975	5.132252631901784
domestic	5.154338612042908	4.943650333853572	5.196450583215369
glory	5.140476802576654	5.010853005736979	5.186895316616407
lay	4.993524086644878	4.894623958497796	4.963934478110279
occasion	5.077203780466901	5.037102652276614	5.213845531066844
guard	4.912133441864408	5.091576863973816	5.093136174368775
whole	5.074792558200592	4.94394679316553	5.155809580399896
mouth	4.97416731159479	4.86780380642294	4.857542097325148
receive	5.151167258165656	4.9662273440647695	5.2286135233330135
take	5.019664999736354	4.963939181970808	5.068901949761176
simple	5.171881012653746	4.891141746535209	5.152974260893063
error	4.983386356186939	5.088063998565142	5.2622593779543
wisdom	5.0996416157976086	5.072072579428272	5.278725841286637
rock	4.956422936174823	4.879165670020687	4.903396222322665
decide	5.078681131997416	5.055304561217179	5.310624149392156
exclaim	4.90999811451438	5.049601021815203	4.903183362607197
assure	5.073265100888535	5.049154833423607	5.166044939274751
sign	5.04690157909541	4.969855327668877	5.126984499665286
preserve	5.126970978408998	4.9210318559492725	5.1729389524402745
commerce	5.140102615243586	4.954925784413511	5.2821881438541105
plant	5.1133817317110095	4.7868974716815025	5.005545020669222
walk	5.122551678682354	4.843953477367845	4.918918640221011
difference	5.097287123980297	4.942674030922913	5.214569207512685
hang	4.9434828680913325	4.882773600771204	4.829753467880531
following	5.248887752935107	4.859215798559959	5.242984160967003
employ	5.14303761145973	4.9083226645562865	5.208273347781038
