deal	5.050820676165698	5.022665820633514	5.120292911947027
study	5.287060565820672	4.917390780112692	5.260245970332664
afford	5.1906527071627275	4.952109276478389	5.225192302396908
service	5.183237181019891	5.022057414037773	5.2875182798796025
height	5.076979590598712	4.885444504237109	5.053229536278049
prospect	5.165188790530037	5.001079785114782	5.176784454241494
pleasant	5.245383530806397	4.866812484006039	5.00122623240796
shade	5.1374571544996925	4.869958048873884	4.96893635911549
listen	5.029725898056048	5.08524129470382	5.054182415478259
mighty	5.010162617841617	5.050201166466279	5.096094711303947
country	5.126358644017397	5.0227711710407	5.2745442455184754
title	5.222873339226094	4.972939158846129	5.34168748465415
choose	5.140555047251804	4.9616944970109484	5.211018347186055
village	5.156740108297582	4.920263105682212	5.091130510493455
acquire	5.225138774212228	4.981740762732564	5.308242271941859
rank	5.14054260134897	5.068084119181524	5.282516287239645
bow	5.054934904820301	4.987758430036311	5.001151317346242
doctor	5.010534003347661	5.0017611764151875	5.022593720468856
talent	5.255291990880799	5.028581010665835	5.333940619359957
source	5.180177389286547	4.9795390609220505	5.260480526425191
lead	5.065240141710766	5.039982140260407	5.162295925313535
question	5.061420629819503	5.045900423384132	5.266203482506876
publish	5.240157751798749	4.944578639626415	5.336884124415041
interest	5.155799515982101	5.04211466255203	5.298493531027473
serve	5.0589736353373835	4.981943785887467	5.105008642093069
divine	5.138064896142135	5.024177971094828	5.255480740295159
put	4.95928455042779	4.953252542271373	4.964415677216645
shadow	5.054349965162555	4.941297824716107	5.005660865272042
practical	5.189878980445184	4.981004182624472	5.3326009862576225
surface	5.073173252032472	4.826035877509376	4.973860539740944
account	5.106502726910846	4.989606478666768	5.203536471045296
loss	4.946359441288975	5.099629531680347	5.131007518823489
indian	4.979381855018718	5.046194292063295	5.125371543844259
vine	5.140185854596533	4.807085296987244	5.017355754807901
certain	5.056245714810871	5.034061543854298	5.2130659805281025
sin	4.866196664593655	5.135757066028755	5.096241572655557
necessity	5.01180136826868	5.079742741228429	5.2571554293790825
lose	4.985929747032407	5.0724609539782435	5.068703086873126
private	5.107485733359672	5.060002445682884	5.285190468446537
gentleman	5.157114678032727	4.97355616913069	5.135189081034554
daughter	5.042585128371238	5.063376615109723	5.083112361985763
drive	4.848226571528012	5.111817344493687	4.976370876049249
strange	4.97301080356649	5.0655225440117	4.987066698830165
journey	5.149255935627597	4.9516119450249745	5.067974772526056
uncle	5.109554783707527	4.954847279124856	5.02848526400891
species	5.058250081644749	4.954507406577176	5.141491756166312
think	5.03681523300613	5.043311214751643	5.0818831390795935
bed	4.997627627926125	4.864103800245251	4.83770523239041
wind	4.945114577166446	4.979619823161785	4.906727274536057
bless	5.0791533379500295	4.986872447864478	5.027774862273939
destroy	4.885428049179351	5.1099531024684754	5.117916733349003
author	5.223306805536403	4.995117779609998	5.298381572535995
sustain	5.046575779079072	5.061278074141616	5.254830153546132
black	4.961028678175196	4.895387569406967	4.8668536943283
event	5.091007204256178	5.088161757995639	5.27346142168978
liberty	5.076195987061357	5.1178083995554	5.319817422418896
negro	4.951200420847927	4.982551934486877	4.996559041761077
little	5.113617854909472	4.919122068196168	5.020450226998362
fortune	5.09087094211203	5.08594016738328	5.1774827885501225
touch	5.052375950753089	4.997259678556996	5.030293873366059
kill	4.77894806105859	5.108459801136025	4.915979967478481
feature	5.115269066124856	4.965261390758478	5.106105910009032
happiness	5.127189912448775	5.0777252999361755	5.233375338161902
assume	5.084023092265632	5.0408773331495516	5.215751187917917
notion	5.085273216911157	5.0010478438515085	5.167948462537244
purchase	5.164493927886565	4.894308420658605	5.15719493431497
faithful	5.134595663954667	5.070402089310678	5.2396512788104
soldier	4.923822310640534	5.17203522205359	5.106079027321528
father	4.9861532202836445	5.075084212278443	5.070294033050413
narrow	5.016924831493759	4.917045860796261	5.019960173377543
great	5.123741317297207	5.01888926631884	5.244998563262999
tear	4.904055986182167	5.037178777229376	4.900494832898011
honorable	5.138141972268791	5.116434182882143	5.358229999055557
previous	5.104080803236521	4.978518325259229	5.203252662162741
good	5.10062060116	5.009865128076949	5.133194797858313
domestic	5.15716356504256	4.971540298010784	5.196936111671379
glory	5.163916547355445	5.031219907318968	5.198516528842274
lay	4.998569201999632	4.932312603314054	4.972776197746927
occasion	5.0819474607033435	5.064271323913534	5.215053476302149
guard	4.9152456913475175	5.124920882676193	5.095518697962437
whole	5.076131434255377	4.970687141528169	5.156651829187402
mouth	4.980266907993222	4.91161391558498	4.8764849367245
receive	5.1453677775841555	4.993799514432452	5.223218662942961
take	5.013794847551927	4.997062150201577	5.06980849555641
simple	5.179323190660128	4.915703876323862	5.158636218865709
error	4.9867219503036875	5.099858986883671	5.257147591115864
wisdom	5.111845368854845	5.087545861233138	5.280344995201794
rock	4.973933702644832	4.920203406961975	4.92249921360093
decide	5.071045675707571	5.075248865407152	5.299751406702501
exclaim	4.9183640189042555	5.084846490645155	4.926543229368016
assure	5.076908142105194	5.077199473194999	5.170308065736702
sign	5.046580412225273	4.994889920219526	5.1275919716356615
preserve	5.130032755129744	4.948131818111608	5.172574327262007
commerce	5.140549709446111	4.982953308256621	5.276053967400111
plant	5.118363558104763	4.8235231379582615	5.015938014763563
walk	5.136067089779309	4.88917051514793	4.945776805562633
difference	5.091496609148853	4.96271970421366	5.209057956111831
hang	4.955915292330183	4.922792358488695	4.850450839679565
following	5.245624789730094	4.880528398592787	5.235898135784145
employ	5.140294988851783	4.937363380492789	5.20496638992488
