deal	5.045231689865264	5.008526131083673	5.100771937288634
study	5.270612311888513	4.918221660122165	5.244502065145997
afford	5.16971904873798	4.9508209087160875	5.214771563951672
service	5.176974338086437	5.024533071747879	5.285335251340836
height	5.066497130746497	4.873457946411804	5.042871261955348
prospect	5.150563881193839	4.99516147680238	5.16162002900646
pleasant	5.231083603254758	4.842646087197375	4.967626198619391
shade	5.122146681557066	4.852672974673433	4.948415699813426
listen	5.023501431942495	5.083904682825048	5.035519379995173
mighty	5.006008549852067	5.037779359386785	5.080273913432334
country	5.113616357436099	5.019278121830801	5.2679903526655565
title	5.216926942198526	4.979073907582655	5.348046102912678
choose	5.140217493148245	4.957470589114805	5.208188526419374
village	5.145484429359245	4.9060889275630535	5.077546561549761
acquire	5.207144861971945	4.978475898113074	5.294355562297222
rank	5.127187616149823	5.069823849935886	5.275025755934104
bow	5.049546050905468	4.974353655307538	4.982997264066366
doctor	5.006492193888299	4.988859597690248	4.998343818138209
talent	5.240475026328	5.030087921193182	5.320761290717399
source	5.163219780237889	4.980293982896866	5.252613135774976
lead	5.0494803529731	5.039814155786321	5.150060110544497
question	5.0518791743103	5.050744367517842	5.261416982960224
publish	5.235655357000165	4.94988400842688	5.339663337845624
interest	5.143423741362501	5.046743044310903	5.29202831447732
serve	5.051843833028633	4.969729950003031	5.089101585105417
divine	5.1270147219805615	5.034041027398316	5.252633379748311
put	4.958645267737431	4.924496543549139	4.937939253945776
shadow	5.044921397112677	4.930562401359861	4.990139650498188
practical	5.17043645981204	4.984998080541581	5.322004188113935
surface	5.05808738736734	4.801988373415417	4.950198380657462
account	5.0961548886139045	4.98593899398663	5.19623856091686
loss	4.951689525602007	5.092682585932998	5.128069960963246
indian	4.973596087024496	5.0326064649790485	5.119806477295072
vine	5.128127060849502	4.784100728611477	4.996246883270525
certain	5.0408937016205035	5.032769539090017	5.204228829550886
sin	4.872422692624069	5.13921755026424	5.096103419805023
necessity	4.997386482588996	5.0844031068137605	5.253759568077311
lose	4.985322410883702	5.062053857970934	5.055746582803794
private	5.098357895460375	5.068584557066538	5.285510223222019
gentleman	5.14831681044184	4.963879593052656	5.1159945209750965
daughter	5.046111058409782	5.0636298164971985	5.078904538102358
drive	4.845668040395087	5.093367780518492	4.961780168800964
strange	4.964760842503589	5.055231705274665	4.965920642015593
journey	5.144003347716452	4.9383870634662745	5.0518631724554695
uncle	5.114531400725818	4.936992122358918	5.008923432515164
species	5.048632749762427	4.937173039110597	5.131004427439792
think	5.033828923967574	5.035619496298537	5.064170612681449
bed	4.992217800900212	4.838328052832568	4.811408246124724
wind	4.936622952974402	4.952099281257088	4.8809694810680675
bless	5.08543575447275	4.97270500106859	5.011909264860197
destroy	4.8828838985448995	5.100370904002402	5.114143256419586
author	5.212769346571456	5.0020974760904595	5.295140236952211
sustain	5.036567676495273	5.063822898745327	5.251102888469877
black	4.956747083842186	4.865299808507984	4.848396013757657
event	5.079216084224463	5.096886621791829	5.269632700801655
liberty	5.069497175273007	5.125488812542072	5.321613770201542
negro	4.946853069693798	4.960449839636316	4.979498817443588
little	5.102128088856573	4.901585061205313	4.994575796026814
fortune	5.08806528662488	5.0800812217105324	5.166554893754796
touch	5.044353363202864	4.988296392051898	5.011010918450866
kill	4.794489250044151	5.083046462802874	4.9017311046656475
feature	5.095160318865162	4.9635331034424235	5.09124493644824
happiness	5.116613653081409	5.083859097023285	5.2255415209450415
assume	5.067299056493952	5.040121237698752	5.205316866733666
notion	5.071791331714763	4.99069970886853	5.146784346880396
purchase	5.164232861090474	4.876653257725639	5.152556419723502
faithful	5.130245303089826	5.083067519075391	5.239096277103599
soldier	4.922303222386949	5.166054744012895	5.094466920423017
father	4.991117675257115	5.074181826128903	5.065304029483535
narrow	4.997905629198328	4.905336431370338	5.003059425910307
great	5.110709240339938	5.014727764516566	5.234305741946055
tear	4.910569400134736	5.019085987040675	4.882864560773877
honorable	5.13204608084782	5.128579894852155	5.361786069703518
previous	5.092245004048603	4.978380100218899	5.197809808784258
good	5.093597089183806	4.99745061435692	5.114292459363956
domestic	5.137602293967497	4.965177742607735	5.181772284874629
glory	5.162084974016439	5.022592126306201	5.188176883881189
lay	4.991918030244423	4.914184486855687	4.955586304245763
occasion	5.0680568547783755	5.064494014831508	5.204256873787509
guard	4.905847809678343	5.125420688604662	5.088679669807282
whole	5.0617033523462975	4.960987460397199	5.140733564967805
mouth	4.976417689925739	4.878682646035016	4.8496432782689975
receive	5.136678000992884	4.9918899782010975	5.2191892980176835
take	5.008490279567887	4.9838540401911215	5.054431563702834
simple	5.159262629728497	4.913250610090287	5.14276312803313
error	4.979767600487533	5.10918474702712	5.256848591417133
wisdom	5.10084202574186	5.094800501888228	5.273613949299555
rock	4.968559855472921	4.896380323516716	4.9050031707869985
decide	5.0609607264981955	5.083941711455014	5.298137987728005
exclaim	4.918670318855891	5.069378119759098	4.90149970420149
assure	5.069010946908341	5.076563100545627	5.158559371664942
sign	5.039860400733043	4.992024648134486	5.118901511338424
preserve	5.115202400668167	4.940649470023178	5.160816417738467
commerce	5.122448186774572	4.969656784941282	5.26307509716238
plant	5.105448074670458	4.8015956512657345	4.996470084441982
walk	5.125723201011628	4.8687832859813955	4.9161193595328045
difference	5.080668434793417	4.955038348788098	5.197524718884978
hang	4.953828621743485	4.896993113114211	4.828561072222074
following	5.233442191333812	4.883453902349953	5.2331270906900285
employ	5.121757230025214	4.927708190790897	5.190296830955581
