deal	5.050965539501353	4.9948277427966445	5.106251396951662
study	5.279048627012242	4.90188149147335	5.253036720141487
afford	5.190450186669606	4.939565765507367	5.226127741959025
service	5.187630523361555	5.010952536623449	5.286006448802759
height	5.07418383495845	4.863058425678298	5.0459751588516335
prospect	5.158857899189907	4.981941196794656	5.168164846263744
pleasant	5.235139769965038	4.826925201088902	4.978376643995184
shade	5.126703751400912	4.837263276670005	4.958801651774203
listen	5.0162889510225135	5.052615123442613	5.032813633217966
mighty	5.003085168509817	5.01997178697532	5.08221082062927
country	5.129116902999608	5.010653585104313	5.276539463220758
title	5.2272125795892945	4.965332885413381	5.3488077293557
choose	5.147446731087304	4.94253363583361	5.203363544611668
village	5.149565609893917	4.89635782991965	5.079137299905071
acquire	5.22433196056824	4.969105250749522	5.306100440558036
rank	5.1347532244038465	5.058356576595502	5.275684267112828
bow	5.050085121905778	4.95098379602878	4.982769671544959
doctor	5.009757251856675	4.968316531657081	4.99898192255526
talent	5.246430298037091	5.017951740570487	5.325881389445981
source	5.17791671382301	4.968072353431119	5.264015453948879
lead	5.059300081334547	5.02114505067964	5.151385669091385
question	5.061680307922528	5.0344382763633835	5.262118365694664
publish	5.240586531596105	4.932651833502379	5.33819394257362
interest	5.155563150962862	5.034497464958543	5.299781472905876
serve	5.063293365659318	4.954777317973415	5.0933555093181555
divine	5.131155469648641	5.012940624555528	5.256439043161516
put	4.968053965347741	4.910351025524863	4.942518370280443
shadow	5.04291913942476	4.9110213503755595	4.994185657863286
practical	5.184766178390743	4.974728151760897	5.330847952914554
surface	5.070753562650543	4.795506011485108	4.965950651752388
account	5.107027184461063	4.9737763209178025	5.200209808024612
loss	4.954462856930642	5.079373191238635	5.130651312643985
indian	4.9784867388019824	5.022486736689696	5.117960810681151
vine	5.142634378618544	4.7790841692944985	5.013577357367905
certain	5.054271802798253	5.018538237157104	5.209676439084312
sin	4.867131473137845	5.116932518504353	5.094365750041481
necessity	5.0142435394574365	5.072021233843751	5.258366200358765
lose	4.986172594447493	5.04070621254414	5.0565288597698546
private	5.110496522167176	5.053778456203808	5.285161752981168
gentleman	5.154507910764832	4.950713858980518	5.116353227298569
daughter	5.046130646908207	5.04017613000942	5.074726663608572
drive	4.847410299906691	5.076322511917594	4.957699994544448
strange	4.958525021392236	5.028521044167413	4.966911596807698
journey	5.140573975988139	4.919519330156155	5.049769340724668
uncle	5.113058694134941	4.919374595935537	5.00635114891369
species	5.063156621257277	4.931487749915864	5.143817933230963
think	5.033682352215842	5.013059559126292	5.064518352800568
bed	4.998195923832494	4.820756652645019	4.817742373817664
wind	4.937888122189219	4.937470025324463	4.886908061721491
bless	5.0827682038898185	4.951237753116522	5.016673482662025
destroy	4.891380053449894	5.087542526381195	5.1174238447690685
author	5.214855754216847	4.982512104295282	5.295326705799411
sustain	5.04982704225684	5.050455368719049	5.256614827993143
black	4.9578806267692554	4.8532948714895205	4.8488735175214215
event	5.082216838224557	5.07790097083577	5.269315001083004
liberty	5.078496652263241	5.10964205459964	5.31954752579642
negro	4.950820017731317	4.953491065392112	4.979994260306669
little	5.111954423646405	4.885639019734557	5.002501310651706
fortune	5.091261453951133	5.064096242796548	5.168797417471113
touch	5.047242179077408	4.964522251205498	5.015601272222653
kill	4.784263743501518	5.067241379059131	4.89489218398746
feature	5.101952282789134	4.9454580800342285	5.0983808883175366
happiness	5.123538692127093	5.0663181868439935	5.232415271955002
assume	5.077849020959945	5.025295448571591	5.208792211419682
notion	5.078148597740638	4.978201984176399	5.150778365671333
purchase	5.181058374573697	4.8709103640470675	5.162785355023033
faithful	5.132083480905889	5.056938122684245	5.234786628777322
soldier	4.91736041592734	5.145395218905629	5.085314862778069
father	4.99145079509194	5.048937491604404	5.062835107999845
narrow	5.013407815236704	4.8944124682169114	5.011644660467422
great	5.123774333558659	5.001650264314561	5.24124021005038
tear	4.907679459537656	4.994557079737408	4.887161698549192
honorable	5.138471558140311	5.113502571505537	5.358905595040953
previous	5.103626494489891	4.963061338602226	5.1981730899224585
good	5.10295772357919	4.983641766885521	5.120124661974258
domestic	5.15987276271091	4.954879698871329	5.197256536131896
glory	5.156395736197854	5.004449955468349	5.190217371887667
lay	5.001611793791795	4.896365444773591	4.962495199654395
occasion	5.076288267935473	5.049182058009147	5.205700584133148
guard	4.912553550093042	5.1035472922486065	5.082356031174745
whole	5.075845413237786	4.949913803365734	5.149590107494247
mouth	4.975717528554544	4.866419951721589	4.852608206763777
receive	5.152274953048157	4.976655415983551	5.223370178777721
take	5.020251719331926	4.9665615117375586	5.05624353163473
simple	5.170762439217095	4.896631195797752	5.153026485499332
error	4.9851040143163905	5.092500501831616	5.258347608189266
wisdom	5.102683572003611	5.075865531987097	5.275347621208932
rock	4.968012396327622	4.883757734188724	4.908953312363865
decide	5.068484260395884	5.0669111503409106	5.293492243841276
exclaim	4.912709696007891	5.043446810846893	4.89899255200925
assure	5.074055534650856	5.054665184222727	5.157295176241583
sign	5.043749727484179	4.969031027374412	5.116352341507599
preserve	5.1328755806155915	4.927609990235057	5.170692711603934
commerce	5.145692370735142	4.968394240563087	5.280708908937235
plant	5.120409033960135	4.795470325178953	5.012499752725898
walk	5.126354011916754	4.849436126623436	4.919226167039911
difference	5.096107567671351	4.949042960594211	5.207820976967682
hang	4.952811390934833	4.8781619627785116	4.832141762390028
following	5.243383743817863	4.8646882369859945	5.232785957610223
employ	5.141738879644128	4.91871476571153	5.201042905230736
