deal	5.046084026815644	5.006452178265955	5.123577317766748
study	5.260439106678976	4.906150604577715	5.2571281285866185
afford	5.166353402780057	4.945829166855868	5.229799545836932
service	5.180730417881999	5.014490500138921	5.301009773101997
height	5.056366743759201	4.876524670121662	5.047697839170415
prospect	5.132325508043328	4.9967579476818775	5.176428414301126
pleasant	5.218030027113473	4.838447918818107	4.993932316660655
shade	5.107850159338865	4.849909351958576	4.96057127767746
listen	5.010348153000078	5.070420384166959	5.048347882566909
mighty	4.990384298813176	5.041500164727588	5.0860987596302065
country	5.107047522460806	5.020607773216553	5.277713866641348
title	5.21890897700856	4.970502078695786	5.3520051147067536
choose	5.13771936651648	4.94923946618557	5.216857835678557
village	5.130574231038502	4.90539378773249	5.086697100484721
acquire	5.203948084765055	4.9749884438927765	5.307969062903635
rank	5.12725685804644	5.057407236878653	5.2828046112717155
bow	5.050785784339622	4.964440642584672	5.0006920886474
doctor	5.010417850733304	4.978717500736494	5.024550505719181
talent	5.233915744060727	5.0195889039565325	5.333615460915725
source	5.147157205223849	4.981561214745471	5.256935051597681
lead	5.041900075486298	5.032965782650567	5.16031072684071
question	5.04952707756391	5.046914114575148	5.271696597193055
publish	5.225090690951262	4.945886230010751	5.345379047465978
interest	5.135037043524425	5.0397881333872325	5.3022766396804
serve	5.057218453275136	4.96317507471062	5.11052959187983
divine	5.112839723022041	5.024926239556447	5.250205395216026
put	4.969557958545043	4.92650683928362	4.968604526782458
shadow	5.025879677859459	4.930726344327926	4.9973143090181615
practical	5.164561320047514	4.982768839965031	5.332429027206137
surface	5.047407415905654	4.813310229240829	4.965713447636586
account	5.0897543270482455	4.985410537963078	5.211392980510585
loss	4.939744252805513	5.09484297621579	5.1417966011991885
indian	4.967849934626867	5.040604130372267	5.128524454355796
vine	5.118739137163583	4.7937774540324645	5.016636156981791
certain	5.038358729144605	5.029198443019516	5.215697408613105
sin	4.859855376660254	5.132369532859068	5.096363901294064
necessity	4.997599625972781	5.082127498962772	5.263686025896793
lose	4.972875331955919	5.060805263006031	5.070568282978582
private	5.099288158664176	5.055807876081473	5.29654653781309
gentleman	5.155623738821192	4.948161055708187	5.1407130120236415
daughter	5.043949382360962	5.045215838122344	5.092305945140795
drive	4.839342323861591	5.0976386820810795	4.977271741807453
strange	4.952693427688728	5.047747263369931	4.982935688883797
journey	5.120867081441569	4.941428286921757	5.06723999593853
uncle	5.109725142171348	4.934529864708422	5.037410315754783
species	5.042714828140659	4.944722285381138	5.141086972678504
think	5.028093648215818	5.029604405894065	5.086442148422722
bed	4.990283025381861	4.834840747513293	4.8334785201975885
wind	4.922163076508305	4.966657399108787	4.9004598821550225
bless	5.074276937427289	4.969203551754259	5.028030255553598
destroy	4.876399896487597	5.10418894205793	5.12065640766559
author	5.198694762962869	4.992904653068752	5.300049640777918
sustain	5.030499031617877	5.061113736108119	5.257848041262106
black	4.962014125535407	4.865141464521535	4.866514419957453
event	5.057370012251839	5.09460687538141	5.276620641719239
liberty	5.061609584459908	5.120246746822251	5.324414789889541
negro	4.949742571205386	4.960680711114991	4.994931665285462
little	5.102989873118263	4.894116016936911	5.020063411560032
fortune	5.079475036025527	5.072601856029723	5.183706177661533
touch	5.038567107296724	4.979785444068115	5.027957832715569
kill	4.784823071740391	5.092725402372946	4.920299663668411
feature	5.089865551593834	4.952403974854429	5.101896767599491
happiness	5.1015312223696965	5.074494379353071	5.2359040385304665
assume	5.067890331264573	5.031517199355057	5.218112287775659
notion	5.0728330432194	4.9875681646966825	5.1672509661441675
purchase	5.1680593228051634	4.878154542553596	5.169562415302176
faithful	5.1229119593923995	5.0668088865168945	5.2462476691663396
soldier	4.921245278263129	5.161170330961747	5.111092621127578
father	4.987280955035734	5.061919218304822	5.078207533599445
narrow	4.996071623617916	4.905086470202738	5.013174178535538
great	5.10491122925826	5.0126427351022835	5.245361614199317
tear	4.900639715549728	5.0171696122828005	4.900898632879372
honorable	5.130813268632821	5.115905723177639	5.370286681979956
previous	5.0812122731091245	4.9758036032156285	5.209053363286103
good	5.096332149744937	4.992973206009101	5.140584333176218
domestic	5.141131424130893	4.9576350211347275	5.20331571720024
glory	5.1386624000251055	5.024248580101608	5.19148624843135
lay	4.991162526545985	4.912657737484272	4.971167111297043
occasion	5.060997313114495	5.057866161138173	5.219317418879785
guard	4.910012265209988	5.1190845776811775	5.102891864875139
whole	5.0582477593504835	4.960574417973473	5.1537186387857465
mouth	4.974114059915643	4.887902339836261	4.871163236330521
receive	5.137562592111488	4.985176071024988	5.23479614326145
take	5.011797163241343	4.980571050410949	5.076816414523214
simple	5.157603487133354	4.902264093323312	5.154943304871304
error	4.967176499884133	5.107305384114126	5.260152274379196
wisdom	5.0897362374689425	5.087042236994143	5.277533552010144
rock	4.951338343910911	4.908920811997563	4.911982509605157
decide	5.05572405565774	5.079026656453394	5.306544457983136
exclaim	4.917766762941009	5.0612086746492295	4.926498001886535
assure	5.065018492678175	5.069515597403091	5.178077435032796
sign	5.036275604933322	4.986465385427586	5.129692268295252
preserve	5.114118598994019	4.937511348094953	5.176655664511855
commerce	5.12141927614118	4.983231298556463	5.28067235704808
plant	5.098051592343894	4.806730643152338	5.011293797988844
walk	5.119630939103407	4.859429632044561	4.938235630485756
difference	5.08042262480346	4.954329323544857	5.212820007946656
hang	4.954527103657431	4.894645918143895	4.850499638258193
following	5.222217998719304	4.879999731788616	5.244094019223307
employ	5.126919399816056	4.925905816512965	5.206255177025702
