deal	5.037294012567656	5.02823439151991	5.104584207148624
study	5.269435151633762	4.9247688600252815	5.248116181076863
afford	5.171668618914581	4.960991939632248	5.219608097052251
service	5.171113557168588	5.039730204709277	5.288359077852873
height	5.0799569688629	4.883931432662511	5.0540517435944246
prospect	5.153542439544694	5.006289472214777	5.169754630059303
pleasant	5.238341741645298	4.855482553153819	4.986019605731689
shade	5.132602095330039	4.855257150815487	4.958002303466024
listen	5.01525526993833	5.093321995889434	5.039328664602715
mighty	5.003625535075965	5.046112923522755	5.083903585548239
country	5.11127748708706	5.032873143159459	5.268008737053968
title	5.2123148271230475	4.991284088879433	5.345286160911548
choose	5.135611338230456	4.9648577452850216	5.206745768827159
village	5.142399603591563	4.91633104604646	5.076749944621477
acquire	5.209904283077555	4.9930411727070325	5.303534780045579
rank	5.126361366694722	5.083320533773544	5.282113257989191
bow	5.0539917094458975	4.984472402567362	4.997500606232413
doctor	4.998604096146469	5.007634067111865	5.001682246806339
talent	5.237998363817502	5.044418870962072	5.3275044399538745
source	5.1650428107290915	4.987355425039341	5.252735920154807
lead	5.046318618212976	5.04765215552741	5.151558003350622
question	5.045084945517695	5.061594367107063	5.256314792931573
publish	5.228911914782078	4.956495179285421	5.328841270797632
interest	5.138496798041517	5.060758136737754	5.292961135076993
serve	5.0498888704035805	4.985178576700453	5.099007939677752
divine	5.123786602716032	5.033776685552191	5.247786112701189
put	4.9565251011482445	4.944449578697042	4.949873891755868
shadow	5.048826494290905	4.931807728829316	4.993815827161076
practical	5.171133670288367	4.993684161876405	5.323131721126509
surface	5.071751161309449	4.808854661545771	4.962376860709491
account	5.0891259704434155	5.005078789590892	5.196306188512866
loss	4.9369864687597325	5.120233506560861	5.1305637848999055
indian	4.967235943571395	5.050475322296489	5.121200348372352
vine	5.13636519710849	4.790969751974001	5.006148054452928
certain	5.037428528174366	5.046514385307936	5.20530623930099
sin	4.8519034522652635	5.147907408556994	5.081327474859964
necessity	4.992653286090814	5.097312740475103	5.251304330076469
lose	4.97799389412096	5.080197828937272	5.063573217998635
private	5.088220092096329	5.082385943598783	5.278445092037316
gentleman	5.141705424885091	4.983011358321979	5.12134513046712
daughter	5.034938079935461	5.0813353847259	5.079212760061473
drive	4.839071806537994	5.112676260148206	4.9664795778199355
strange	4.958664349652878	5.071727481860372	4.973736759724842
journey	5.138139011470628	4.952657373530134	5.057883377219911
uncle	5.104531142419024	4.958308971558873	5.013356075045919
species	5.047073987898485	4.957386066379135	5.134676105540054
think	5.024755548951294	5.0525113233363035	5.069426759043211
bed	4.9940931010052125	4.84721650840029	4.817403141693451
wind	4.9454681949541515	4.965603758939589	4.895700725691841
bless	5.076874188866518	4.982102220903886	5.014799336196187
destroy	4.874059676070911	5.116000557908959	5.111671020008886
author	5.2047653952977715	5.0114067683885075	5.290309159324389
sustain	5.034292096155853	5.074407831873136	5.250992122201743
black	4.96251098810332	4.879976377691176	4.858227700945374
event	5.0722136274769305	5.109392076978865	5.266917075526315
liberty	5.0625517274417176	5.134043725814716	5.315550720761188
negro	4.934951387532259	4.980869079343828	4.9772896442978345
little	5.103454879190897	4.918948297422427	5.010035020707371
fortune	5.077483829658155	5.102590479800368	5.1742376289902445
touch	5.045216957199265	4.999487921477215	5.02074209502248
kill	4.773869892768645	5.109627773111688	4.904512759400457
feature	5.107207616298125	4.971746600306409	5.101618855414583
happiness	5.110298770911721	5.093664186053479	5.226884641152822
assume	5.0707157032505705	5.054296649402084	5.213438872811377
notion	5.06613777219741	5.006359286558951	5.149699899744953
purchase	5.154817847003409	4.898132675864639	5.152190360180878
faithful	5.121329069113893	5.088040097138892	5.2364848116671965
soldier	4.913479796665851	5.185135656591691	5.101863665368785
father	4.975262712114438	5.088667040075655	5.061058099850988
narrow	5.0071768615120895	4.911733032769941	5.008255863964788
great	5.111350110908464	5.030486321280566	5.241157532725014
tear	4.904988715146204	5.0311958407274515	4.888247416129238
honorable	5.1205426513034435	5.140890618578416	5.356936983043341
previous	5.091063856344197	4.989815162775805	5.19626062274175
good	5.08749399278709	5.017663661731243	5.123625127211384
domestic	5.140236736280786	4.9803329399861145	5.189573166875634
glory	5.16140412589865	5.0307523088445745	5.195488059847071
lay	4.994381972070462	4.921682972025658	4.963210828910277
occasion	5.061602615582234	5.080339169913208	5.204516984440243
guard	4.9014267813863865	5.135635632238939	5.089171103946391
whole	5.065840024617595	4.973817973143517	5.148323449123962
mouth	4.983499056736102	4.89675757314608	4.863974490707303
receive	5.132999555020241	5.007969207591215	5.222073102734036
take	5.003471988987392	4.999547825557455	5.058720176029798
simple	5.164419165223181	4.919684556005644	5.149337724638272
error	4.966596183373678	5.121357351536874	5.2465603329790955
wisdom	5.095744992419006	5.103184669238783	5.275428881431139
rock	4.973613718738982	4.902214415978899	4.91023916338652
decide	5.054903703171644	5.092376322592834	5.292011135758503
exclaim	4.910014535748929	5.0890633373809235	4.911259714491516
assure	5.060228692886447	5.092834522693766	5.163205439780623
sign	5.036327571742622	5.002007607542347	5.118998979563935
preserve	5.121663276250902	4.950676721713607	5.170617467747626
commerce	5.128225025250227	4.986938291753073	5.270529428998182
plant	5.1118982261038255	4.806003252369482	5.002997989460686
walk	5.127965700383319	4.877908959625392	4.927273148539902
difference	5.078422513103983	4.974988888274629	5.2022863141478375
hang	4.95621824001571	4.9085804920220335	4.84000695180995
following	5.236787291983849	4.886413061183704	5.230471504631648
employ	5.124339202173756	4.943934498926434	5.197629973530798
