deal	5.05662744712965	5.002028717341109	5.1170337900468414
study	5.280905479910893	4.899565704501736	5.250496532655413
afford	5.186275521593864	4.939694483284516	5.222737211019141
service	5.200190155678448	5.007240945279583	5.299402720004684
height	5.0867750515429755	4.868530066297457	5.041109903128101
prospect	5.173303888745363	4.983970069506621	5.170823221856164
pleasant	5.248116900220171	4.831112741198228	4.975634341726566
shade	5.146283863913769	4.8331698573886	4.948222320605628
listen	5.047859382794005	5.054740413726699	5.040304068007183
mighty	5.021942269138487	5.026343082695727	5.088705535851556
country	5.1295568951637485	5.0131883245666495	5.281318687513382
title	5.23882926761386	4.959831130579496	5.355192789146079
choose	5.1628681621269115	4.944074572135997	5.214134268728745
village	5.163317332163398	4.900835268684602	5.079146267587593
acquire	5.2173138417721585	4.970673339454213	5.307659740487565
rank	5.148616563180951	5.05049998469118	5.287315622609214
bow	5.079100366505185	4.952948533134845	4.993324175658054
doctor	5.019459607253371	4.976713180349131	5.007462417769551
talent	5.249102690473268	5.0126834588189295	5.331536967843688
source	5.177909151468199	4.969181350478098	5.259361033757103
lead	5.0734576208161295	5.022894522382396	5.15832663897057
question	5.07466808457681	5.034370832454959	5.271245192338308
publish	5.247977122442052	4.934329980796733	5.338414178740655
interest	5.162097797298485	5.033827779437861	5.305544362598359
serve	5.069601312216387	4.957568980868289	5.102848344627214
divine	5.154142037809004	5.003072933754376	5.258992008767237
put	4.972019081422722	4.924637742748626	4.953381459216021
shadow	5.073623467492537	4.9087329533454875	4.9912111832918935
practical	5.183198583081478	4.973650573572645	5.333399603478895
surface	5.07399028949837	4.80164299008441	4.9540379566877215
account	5.10899290580192	4.981340633912066	5.205272613798521
loss	4.960513734843149	5.0923506998091606	5.13851222028848
indian	4.989392569183646	5.032033354852704	5.130931624642856
vine	5.14547765300943	4.785181385760467	5.0046356184060015
certain	5.057464892290514	5.0231624955270275	5.215298624488553
sin	4.8955305552250925	5.11470823380765	5.102860481735474
necessity	5.018188680317606	5.072734049578662	5.265938289001844
lose	5.0003299179672025	5.0527958173129335	5.065464292217813
private	5.119288075760051	5.050471641903485	5.29394021403748
gentleman	5.164399001923011	4.949274132207572	5.126901712447732
daughter	5.076473874755689	5.03578616917566	5.0833674066237196
drive	4.862534464630143	5.092317899278907	4.969861513283383
strange	4.983774179787732	5.035627548034256	4.970978095964292
journey	5.158940275882979	4.933494682581019	5.056933437708531
uncle	5.132799889109445	4.931331535405716	5.020900991761744
species	5.05206506240321	4.944803993082988	5.141261743349279
think	5.053047763444534	5.018624080393313	5.075696601469656
bed	5.01549112631697	4.828335083055129	4.813952846436751
wind	4.957867131935856	4.951415782566069	4.886654482303973
bless	5.1122263384414	4.95241019050663	5.0242324018414415
destroy	4.894672403108258	5.095562801429738	5.122228563559905
author	5.2242400534636175	4.979680567609145	5.296597343386129
sustain	5.056682740150058	5.050997303543193	5.260429902959073
black	4.974571252145102	4.859841372885358	4.850513120303884
event	5.0975544745303925	5.081393706524027	5.274776371175504
liberty	5.092257646379532	5.105149545021231	5.330394359914024
negro	4.955327220518574	4.965295806335325	4.987821927015892
little	5.117391677706093	4.893284052531077	5.006441236825749
fortune	5.101623933594621	5.069792940526955	5.181108832917386
touch	5.067563136087859	4.966300974187623	5.0179824726736255
kill	4.802081494169863	5.088355105020767	4.912811671338557
feature	5.123179112920464	4.938686892466857	5.093635465154926
happiness	5.139721504547935	5.061230282929112	5.2365055380901255
assume	5.09151142100481	5.02167395697582	5.215172024386109
notion	5.085029849304567	4.981282364899601	5.162467504427605
purchase	5.175153459289496	4.880085564470923	5.164584729777056
faithful	5.1609510596585	5.050154041421056	5.247074839113315
soldier	4.9434223729422175	5.151472446543733	5.108078296347982
father	5.020041592788637	5.0478992371852485	5.071973082406384
narrow	5.0202115751899665	4.897183594966009	5.00604388308049
great	5.125622234647067	5.005660181778585	5.247257742451568
tear	4.931471608256236	5.001809050958518	4.886895099816971
honorable	5.154626521127128	5.103065917918201	5.372838210900006
previous	5.110619848747669	4.968380313879199	5.198898087713439
good	5.109232988541753	4.986502994371536	5.132404358973105
domestic	5.155064608233003	4.954024132491141	5.195634485315232
glory	5.180634585501541	5.00458521949229	5.198654223238016
lay	5.015595137161149	4.9011876543173045	4.961887011474966
occasion	5.085043974997885	5.050657472289617	5.214051797785804
guard	4.942704353322096	5.104443401811188	5.09991518159336
whole	5.0786637458251995	4.955336528702651	5.150506252204436
mouth	4.9890479836534025	4.879659649350788	4.853954682925006
receive	5.157816636632839	4.9792823315039465	5.228006484848757
take	5.028920308776248	4.975499668154333	5.065830033735915
simple	5.178253365493979	4.8920101173097645	5.149178650384023
error	4.996185778856826	5.092617161223159	5.2626529599615175
wisdom	5.120759369828448	5.070333526796061	5.286188868265696
rock	4.988711488451417	4.891681634027737	4.903715598200062
decide	5.086435932004813	5.0651490525976595	5.305129049352008
exclaim	4.941324936065255	5.051751333520614	4.9111176243674945
assure	5.092936079670319	5.057784187994798	5.171865891536121
sign	5.0624358278575405	4.9742600564771156	5.124029244742758
preserve	5.133835766804252	4.927291281513957	5.171802321944288
commerce	5.137909861651693	4.975397463498646	5.284438883285441
plant	5.119857667520395	4.798546561043094	5.001958681183793
walk	5.148033731651457	4.854383782267328	4.922854355843364
difference	5.09301135016809	4.952627906000853	5.210771120654131
hang	4.979014288740722	4.884497713802108	4.834898552059306
following	5.257833857899306	4.866156008436236	5.231725182733916
employ	5.1306844723832965	4.928070691255242	5.202137246698176
