deal	5.0420067907610395	5.000943860035153	5.112512984237252
study	5.276305579305745	4.894681564120627	5.252292623554228
afford	5.182308207535563	4.931382789755998	5.229002727999266
service	5.195125381917298	5.0069812661228275	5.302022290241573
height	5.066219156848932	4.856114684536035	5.040411932989878
prospect	5.156934237572329	4.985189812669542	5.177559497911207
pleasant	5.226534594542859	4.839940195321045	4.97711282775561
shade	5.1192900863542485	4.839778122154258	4.9511923830039795
listen	5.015291957991006	5.071389481777869	5.039809565420057
mighty	4.999439689114257	5.026317289420613	5.087728447614189
country	5.126462388877174	5.00210547302144	5.286097393518228
title	5.22576567429185	4.958806761383076	5.359668035641309
choose	5.150831472888776	4.942429040895631	5.216145229737086
village	5.1461780210649035	4.898265565793682	5.0816647972371
acquire	5.221327691379951	4.955941585167435	5.310775453323863
rank	5.137353859636563	5.0442597584679	5.283331587445723
bow	5.04524593915653	4.961411757309534	4.983947537166089
doctor	5.003639994280907	4.981811275415938	5.0011237375507225
talent	5.246242870518665	5.003119266720605	5.330370089917387
source	5.171006490651972	4.961499602533848	5.267856466137884
lead	5.057887862248582	5.0245032747437	5.162610107625819
question	5.063349832698298	5.032516070911023	5.275035461198994
publish	5.240424307954199	4.925484576621022	5.343697774679702
interest	5.153799945865976	5.025954109850411	5.307912647245119
serve	5.061033185831989	4.95821441803542	5.102059878328727
divine	5.134670912687768	5.01051481761718	5.263184189822932
put	4.959870588342392	4.922557953323782	4.946981482212095
shadow	5.039359180779917	4.91879714423297	4.993564845944957
practical	5.185075751650983	4.958344378324819	5.334791368290125
surface	5.057991572582174	4.789217327123673	4.95279029475588
account	5.1008980313650225	4.973335283369217	5.207581937164285
loss	4.954860539181221	5.086618082232518	5.144219824600081
indian	4.982198444490994	5.024359739144474	5.13276648018528
vine	5.136054408168507	4.7733294165282505	5.005376978401458
certain	5.05227759754667	5.014605375337739	5.218449931563368
sin	4.875211432187808	5.128620576986416	5.10870727729564
necessity	5.018141302171545	5.064464828900999	5.272411671747148
lose	4.9816885159499	5.056560528492417	5.068465157721177
private	5.110850113358776	5.049576123517788	5.298602597329046
gentleman	5.147435471790748	4.952728537980291	5.119589353332993
daughter	5.048537655648014	5.0590558273133555	5.090420569023186
drive	4.844591688606262	5.092864155157137	4.971352655010269
strange	4.954654049038426	5.0499819800806165	4.974214246120381
journey	5.140811384669028	4.93777980665176	5.061454942342158
uncle	5.106840297543073	4.943287848181434	5.018063679868296
species	5.054612904156799	4.92359006182785	5.14313466840754
think	5.03045896130805	5.0297456983037305	5.076573971052881
bed	4.988894014315511	4.839928197960036	4.813926431514798
wind	4.935541778184362	4.949524081862039	4.887025341772969
bless	5.079946785512473	4.974277467253297	5.02613810809283
destroy	4.894550532897089	5.088237408273377	5.1302787684961775
author	5.213130902299963	4.977584173065181	5.300989415029122
sustain	5.052781628250404	5.03988540865553	5.26487523202156
black	4.948505845229737	4.85978513932477	4.843348356560601
event	5.086687075965553	5.076894174064041	5.28242763322791
liberty	5.084418014356526	5.102274488298511	5.335851062264118
negro	4.945865832827575	4.958337343447204	4.98384596116267
little	5.1009113522749105	4.894624002945665	5.0035631488294605
fortune	5.090591690577835	5.072945332365988	5.184465026943108
touch	5.040616996374503	4.973833149038205	5.016017949826531
kill	4.786841455590213	5.09251111291466	4.91166573917141
feature	5.097831583544396	4.939152469600986	5.093282462616418
happiness	5.125335900777639	5.068686683259487	5.244440337871717
assume	5.079411793849569	5.017037647808562	5.215437576334085
notion	5.069506271622928	4.977517548630749	5.155905431522394
purchase	5.173058073399904	4.8779811121879355	5.172918200950867
faithful	5.141392028922272	5.064399122817291	5.253196452232628
soldier	4.92760575126269	5.155103222293647	5.105034774865695
father	4.993099844584018	5.07043075805069	5.078600303761064
narrow	5.003885795894204	4.892168662032565	5.009271805478399
great	5.1177432163865015	4.99626236199403	5.248001884503907
tear	4.906023641987839	5.015624243758948	4.8914690563052226
honorable	5.1470964162182895	5.106696373389535	5.378048694549976
previous	5.105465797025877	4.959899534782711	5.206186137653714
good	5.098919039604612	4.991202864991049	5.131613382506702
domestic	5.155933703989976	4.948242414316241	5.201314274045444
glory	5.15741997521589	5.0085453962794375	5.1992521915575125
lay	4.994588456222087	4.905557178724961	4.962256551659288
occasion	5.078505857216077	5.0455638461733665	5.2148497683052915
guard	4.920271074135503	5.113610505145568	5.101136028066933
whole	5.070122617203467	4.943398060333512	5.150353501527075
mouth	4.964953135274813	4.875254196437996	4.8449215716883005
receive	5.150452714916874	4.976835303497614	5.2336045859374
take	5.013855057521232	4.9765255387510585	5.0651177403836005
simple	5.165483508454274	4.890750902324819	5.14999633692097
error	4.9884393743140345	5.087639785505523	5.2694520473994055
wisdom	5.109996266133507	5.072288261244205	5.288507559467974
rock	4.960917976838309	4.890915061235169	4.903778203726446
decide	5.075551775058039	5.061926775370325	5.310130888954016
exclaim	4.9029464479079055	5.068676091106324	4.902749471564895
assure	5.07052231838514	5.06830244226938	5.173811823781458
sign	5.042539738167999	4.975924085158803	5.123042904540262
preserve	5.128063976064284	4.920674771417606	5.172450008419856
commerce	5.14263059140517	4.956364779198368	5.287568452085856
plant	5.112588811688111	4.7886740628005535	5.0039994106265295
walk	5.117069759997051	4.865639907243482	4.918204923073423
difference	5.088451057151363	4.940321964681039	5.210877241380832
hang	4.9447769965458335	4.894377446530165	4.8295099584048575
following	5.245308347460268	4.8608433301095255	5.237616951276714
employ	5.1357149856905275	4.90827208230388	5.202196558641808
