deal	5.046708802893093	5.025158800866842	5.1357323379512
study	5.286629777274866	4.920202731016866	5.2823081451873355
afford	5.190910928767084	4.955106554838181	5.248692832193682
service	5.191367680214913	5.021785607587167	5.314054967102819
height	5.089890475423731	4.88519537666323	5.076941827133943
prospect	5.168213203524702	5.00434358028967	5.1994031638449965
pleasant	5.244861603830317	4.857118714325536	5.009854962784688
shade	5.143044696759271	4.866141781037445	4.9879786885774635
listen	5.020188916636269	5.089136563915362	5.0696673221205275
mighty	5.013785659476371	5.056008084835682	5.118257291272966
country	5.128677851470324	5.029702053734913	5.301071703198528
title	5.223885120342748	4.981405462289993	5.369102850348885
choose	5.144124921998646	4.957178802943229	5.228981946872982
village	5.16017719478458	4.91365700019184	5.103767907980037
acquire	5.227592422719665	4.988222186214024	5.336251094725322
rank	5.147562832021895	5.070935829094918	5.309131206552556
bow	5.062777549889107	4.982127135481088	5.02052586213652
doctor	4.998589399363397	5.004411015363352	5.029807772307575
talent	5.2574754505033	5.034094059126217	5.359018407270425
source	5.1759961787320625	4.992886263422634	5.285766237069095
lead	5.0633696681636025	5.045690470204353	5.18534185333262
question	5.054485172650761	5.056270978398126	5.289105768409678
publish	5.235486723713755	4.950021108417245	5.355699165546998
interest	5.155250841074156	5.049518345102256	5.322805937789534
serve	5.058084718679863	4.98229743011602	5.124562163693987
divine	5.138664545628627	5.03577091325198	5.283501387540692
put	4.953368073556214	4.947404776229275	4.97058038325316
shadow	5.058924177190194	4.942778857926832	5.026647234700153
practical	5.188092977252513	4.991166333821312	5.3584005611984775
surface	5.077463643424882	4.82476313821288	4.990487815901307
account	5.098508657620531	4.996909394400915	5.222816706624394
loss	4.940537765702294	5.109780588818867	5.155341921112044
indian	4.977979760863924	5.053153735733058	5.151391953839182
vine	5.144816287514683	4.801513182047924	5.037091828036572
certain	5.050675796399751	5.0426636065923285	5.236577142952527
sin	4.859603417218023	5.151380163117188	5.122314837016885
necessity	5.008934739692117	5.092094158989252	5.285449033225984
lose	4.9821851760605425	5.077850929451134	5.0902369485193715
private	5.1043275597232505	5.06514338670965	5.305059942841086
gentleman	5.154311536951773	4.967624831641538	5.143718706392946
daughter	5.040409231555467	5.06733347725388	5.104147401880613
drive	4.843970566413882	5.114147219183225	4.99332334496267
strange	4.961379423518383	5.072145779074292	5.0031854123585635
journey	5.148763993900277	4.951132441498465	5.086123301281336
uncle	5.102017794433897	4.951195190370044	5.035634284183176
species	5.054735023941637	4.957986588416172	5.160364112240845
think	5.028211070352482	5.0485329438598185	5.098534989889783
bed	4.995608764552582	4.855663933467315	4.842801131737087
wind	4.944694636754781	4.978993748914331	4.922579717708747
bless	5.077649253496176	4.984907957286037	5.0435355274053135
destroy	4.880635167778033	5.121515849576393	5.1445321632787575
author	5.216030797290814	5.0062577066064256	5.322084622836019
sustain	5.050857750498161	5.069081053366318	5.283542151960811
black	4.968332542894804	4.887414247229126	4.880488496524138
event	5.0845816409416065	5.102458121651175	5.300926386587734
liberty	5.075729026089058	5.1283154302016705	5.347244093296387
negro	4.947635181862077	4.980410747733172	5.004975930182922
little	5.110114194548893	4.916669646011015	5.033154718914311
fortune	5.088615136657475	5.092802501210909	5.201911636693326
touch	5.048110697519162	5.00142414939353	5.049243103092738
kill	4.766289590653386	5.114850081733675	4.933355880091828
feature	5.1220212036256925	4.9706066978580425	5.131929247438652
happiness	5.122142216954776	5.088819670244919	5.259712016060514
assume	5.08595636438654	5.044832455715132	5.240107190859887
notion	5.076829882894678	5.006816818616114	5.182326169353898
purchase	5.167871786092488	4.88783677396901	5.173557594229002
faithful	5.136139175068358	5.079301358588657	5.268632328588029
soldier	4.9248765806107535	5.1760529217234446	5.130227920075537
father	4.981488518124174	5.08139830034556	5.091832520411455
narrow	5.022538851597476	4.918975220402977	5.038612069532004
great	5.126950006574645	5.024866536025189	5.2711999532360005
tear	4.899635543219252	5.039900899742075	4.917655280463701
honorable	5.138978675160958	5.125590287284615	5.387629385809719
previous	5.100860213688854	4.982061810789029	5.2232654343756995
good	5.095814843620609	5.012293711479972	5.151434849838106
domestic	5.155009094994492	4.974038324519786	5.217593837823349
glory	5.171933574214544	5.03556259526492	5.2265334886347645
lay	5.001362085939037	4.928747517531955	4.989761753588422
occasion	5.076168846789812	5.070321809819496	5.235267564022631
guard	4.915596392626038	5.128752588114004	5.118495510666108
whole	5.077775301249842	4.973149773944819	5.175372355550355
mouth	4.979161272474495	4.9079851525596805	4.884077568237581
receive	5.144510661143617	4.993415174370589	5.2434758009700655
take	5.008081353590913	4.996134282995831	5.083621185142776
simple	5.179246849242512	4.920049807112215	5.1803378758661145
error	4.975155694493759	5.119648083419417	5.283539541006108
wisdom	5.111120042738965	5.102330327432894	5.311847728525039
rock	4.977620209303919	4.919861038519577	4.93881799317532
decide	5.067770634211554	5.084351844902746	5.325147585766441
exclaim	4.908920099904777	5.085354197338583	4.9357908999433135
assure	5.070944610111188	5.082029091915821	5.191383432076175
sign	5.0424698836590105	4.998441646897819	5.144933241282581
preserve	5.131164869180035	4.953094995502086	5.1984287832863565
commerce	5.143532433077613	4.986177922927956	5.300417048856192
plant	5.121745282617904	4.819675317480427	5.035824517713504
walk	5.139456183403297	4.876314514310289	4.952435495281047
difference	5.087116050129853	4.96966910587299	5.228859978636818
hang	4.959460033322999	4.9151206567122285	4.863740701215183
following	5.243398893821937	4.881309748201592	5.254723954901715
employ	5.141569753912276	4.936276970245624	5.223935686635442
