deal	5.057394660466746	5.009826484921759	5.111520750877742
study	5.286270459694639	4.910392809227863	5.248403978892013
afford	5.18976867106725	4.942266029194462	5.221285496009534
service	5.1872573881937125	5.015028909607878	5.288306646146252
height	5.072399523104724	4.876621582666207	5.0456360488212075
prospect	5.163887234109282	4.990701474121705	5.166032762418256
pleasant	5.242571602939947	4.850788926671069	4.975461620516068
shade	5.133660098600466	4.852899713921417	4.9515374746889345
listen	5.027183859143621	5.07616513569823	5.034255511256474
mighty	5.006312428927471	5.043522459149797	5.083710428988169
country	5.1263512490802805	5.013452488666861	5.272706404896233
title	5.224685231740021	4.9667372611185945	5.3402428342709065
choose	5.14332908297537	4.951883665361555	5.2091586276189465
village	5.147924582105514	4.91363395780838	5.071921776832087
acquire	5.223738225365163	4.970420817890373	5.303261350356747
rank	5.136121087352666	5.058112679958463	5.2746328592152985
bow	5.0512434659678735	4.972502989921537	4.9843437532033095
doctor	5.018495642421413	4.988109566224099	5.005882598980953
talent	5.25643678586072	5.017400496168678	5.325041332021557
source	5.182250825217289	4.9710336380860225	5.256140000768914
lead	5.058809877398353	5.032039711207753	5.15070537165042
question	5.06810476979208	5.036442142133742	5.2673682834622415
publish	5.247363183457819	4.939646517293945	5.3323603435097695
interest	5.160090702023745	5.030655049287721	5.297465966804708
serve	5.062718933629881	4.96901449314381	5.09952704931489
divine	5.140670337108671	5.020430423990491	5.254215183720503
put	4.969725353957482	4.932577775869255	4.956934073783154
shadow	5.0523948880070675	4.928212550804857	4.991854101771104
practical	5.193987305928849	4.972964483848023	5.333340061711094
surface	5.075186073098065	4.8071390602314015	4.9654746394281615
account	5.1129833404246945	4.981701722687154	5.201762703347601
loss	4.956256119637698	5.090506392910814	5.135976107454722
indian	4.9770292850331295	5.037011877582296	5.119449392071084
vine	5.141714212065458	4.789971536809169	5.012215713402177
certain	5.056941357042717	5.024207109720193	5.213446216265275
sin	4.8746232503136335	5.131528819957769	5.095935901008707
necessity	5.0163396900021695	5.069560728888499	5.2637116213902795
lose	4.989331675117898	5.062013279329326	5.0627348992858
private	5.110307780026045	5.050696577445233	5.284647603293713
gentleman	5.158558708549001	4.958078907674468	5.116255776827532
daughter	5.041357971179892	5.054862411916874	5.066559159483945
drive	4.845149341651255	5.100387758213862	4.965131070642119
strange	4.969368457721512	5.056002441838679	4.968769210832487
journey	5.1443927978092	4.947368201804101	5.048753689334767
uncle	5.114701039947799	4.941898549411613	5.009136113488047
species	5.062980465018549	4.939468583347982	5.145525510236572
think	5.042376129741845	5.032208424042978	5.071649980119178
bed	5.000156250431098	4.846605349169481	4.819121107418668
wind	4.944919670919947	4.962979423951101	4.892494692461537
bless	5.084670837571311	4.977330827384445	5.0159192687638265
destroy	4.888334733879611	5.09967233818401	5.120537152037601
author	5.227043229594112	4.989988498927187	5.289824676048649
sustain	5.051232732359173	5.050359549095998	5.25942665709867
black	4.962728087986286	4.875857311912583	4.851843449238412
event	5.091098528314278	5.084456204732967	5.268956182735239
liberty	5.077211244549283	5.109509672227998	5.318668524802687
negro	4.949808408118609	4.971856071613681	4.980524781406847
little	5.113760354349295	4.9052383979827034	5.00444497344037
fortune	5.089978037994585	5.076509384449978	5.166902118634926
touch	5.054486455044483	4.981489723633523	5.0157040780837185
kill	4.781498053220204	5.101094087972419	4.905286185818978
feature	5.111791079908828	4.949815841256151	5.092922971512116
happiness	5.128856413154284	5.068043440441035	5.228269896452958
assume	5.08625628901513	5.025548575451275	5.213157062998577
notion	5.089486875762434	4.987405719886608	5.158115473547627
purchase	5.168437905772518	4.882087118375798	5.157367165308324
faithful	5.135287210179939	5.066591429866462	5.232076690539128
soldier	4.916964796277405	5.16584269565057	5.094201817962923
father	4.987518127817258	5.068409161829327	5.0580015040851185
narrow	5.009632353312202	4.904768352263694	5.007738634072894
great	5.125974712760393	5.010556306651618	5.242964741599061
tear	4.911394484497043	5.019042798682888	4.886507125223338
honorable	5.1409935659538375	5.108137980889096	5.35783810690621
previous	5.109665073210622	4.968809483697609	5.201054518810746
good	5.10578862812207	4.997990529626764	5.125742009165152
domestic	5.160750233859555	4.954715471188433	5.193719293305105
glory	5.1629347562092835	5.024489666938982	5.189879022926484
lay	4.998852817813758	4.916039017592066	4.962052665164451
occasion	5.086082607379384	5.053230662359985	5.2100214232268955
guard	4.910237278188557	5.115956569568799	5.086819786023016
whole	5.077657446622144	4.959540198809039	5.152267892024064
mouth	4.982105558034765	4.891976949808594	4.856890750986127
receive	5.150412730304447	4.982869159583238	5.223952530072592
take	5.020289094582002	4.982245468275141	5.063221498907986
simple	5.178489128302465	4.905189309614416	5.15178478137844
error	4.995376062145388	5.0935758158371645	5.260065754274264
wisdom	5.112478675734974	5.082969716043342	5.278567278454755
rock	4.9689166091912895	4.9080544861642945	4.906579611900185
decide	5.075221055438745	5.0653898554086165	5.300664051369826
exclaim	4.918310834979593	5.071844775353996	4.903151829234766
assure	5.078368518927965	5.06814058550422	5.162001291323388
sign	5.046964729627184	4.987447211126232	5.121933038870487
preserve	5.134284475589052	4.934157339784012	5.171395102908218
commerce	5.142369781559786	4.966802851233117	5.278594490465542
plant	5.117391813161443	4.807418034169596	5.0083163913789255
walk	5.130344549474838	4.875715115995452	4.919879128719154
difference	5.0978932134124975	4.950560352863171	5.210521901811032
hang	4.955852232774632	4.904631827876012	4.835317011387167
following	5.253074576549688	4.873816230958077	5.233018230322107
employ	5.139917646798768	4.926496566417933	5.203667239449961
