deal	5.044924023248241	5.022710084749115	5.124557426354905
study	5.281345507411752	4.92366911661599	5.268542601949816
afford	5.185076257064363	4.9634998423161125	5.240626929959941
service	5.184467069910061	5.030224613145944	5.300238723697076
height	5.076220233749676	4.889155382635066	5.0589873352583785
prospect	5.1652334103077795	5.009061423899165	5.186694404245362
pleasant	5.243969828422962	4.862424100627972	5.002259701710412
shade	5.132034620196376	4.869992935098252	4.973372352421674
listen	5.012491870989597	5.091487245386609	5.060059870751516
mighty	5.007658683046371	5.0521644373436585	5.096117864526453
country	5.125680678091442	5.03112069882731	5.284376190608859
title	5.221258158418526	4.983083096941771	5.362649435095197
choose	5.1468004035180765	4.965062513476102	5.2271383407020044
village	5.156933134810765	4.930978100408514	5.100320894008713
acquire	5.221587893582545	4.984994700479528	5.315082623178862
rank	5.129316121423855	5.073382020838177	5.287792503737389
bow	5.043475054357495	4.986392184788896	5.0018939476753825
doctor	5.003006373437969	5.002062906320043	5.023355603251076
talent	5.246345982725768	5.031890169680871	5.339133148383362
source	5.179035855416567	4.990506428716496	5.272006788775595
lead	5.05550590122639	5.049532419569201	5.1727354276119595
question	5.053805280150033	5.055570910482325	5.28067850990079
publish	5.243722768113478	4.959729014992559	5.356939168682207
interest	5.150411103542393	5.051656447055707	5.308579675831816
serve	5.058395501973262	4.982223394631189	5.114317851255949
divine	5.1326688366187625	5.035227340837756	5.267645193220948
put	4.957543067492724	4.945219715990384	4.9663992171337
shadow	5.049265754116312	4.945193281994988	5.014850432214193
practical	5.183654805660467	4.989414355646251	5.343327176867057
surface	5.07217128520471	4.82414449215346	4.973924683975749
account	5.1010464832331985	5.002978255764986	5.219189232743174
loss	4.949569394778527	5.1083379944565	5.14297651765201
indian	4.972916567465063	5.056727645434651	5.1388276479028026
vine	5.146960022533359	4.8041452800603865	5.024481914761298
certain	5.047628724547918	5.041416772481734	5.226797399104579
sin	4.866708799510994	5.144830260908535	5.107004168130049
necessity	5.004950581235418	5.090645111821277	5.270343217024839
lose	4.984857123562016	5.073340816531302	5.077305045174735
private	5.1036216545631365	5.069940335400373	5.298768407449108
gentleman	5.144903176506477	4.976495223150256	5.14171772623084
daughter	5.043435921400363	5.068402184837378	5.094404828018105
drive	4.841028226533678	5.114337432857861	4.980265813176572
strange	4.959534367522575	5.0688658345574655	4.995035686742772
journey	5.152655251280667	4.962117882011382	5.080515570614914
uncle	5.112020053366103	4.9540634584398	5.035405721169912
species	5.05542179453888	4.955625581754714	5.14887075361123
think	5.031612915842575	5.044722276570222	5.091421070207096
bed	4.9991885543507415	4.863331433155861	4.8398270181755985
wind	4.940176422821577	4.977176571402978	4.904678559031094
bless	5.087403397144016	4.985269480822102	5.033263240570465
destroy	4.885184652939919	5.115741325870215	5.12908329404082
author	5.215349766070349	5.007593111967357	5.314088866404912
sustain	5.044043478032429	5.071929273918892	5.265474026991448
black	4.95272697121602	4.894259211043931	4.8709009891708295
event	5.086007647184123	5.1063137790915265	5.289335718699041
liberty	5.074766649318633	5.125063553152162	5.327332421079477
negro	4.9456688530871125	4.988281116567386	5.000468282369524
little	5.106723076032057	4.918749911073755	5.025058429465311
fortune	5.090920349297208	5.087951492373679	5.184861652080805
touch	5.039889717480298	4.998859546666116	5.035049064503358
kill	4.781884134054349	5.109672376860482	4.923689567108701
feature	5.098117079818027	4.973426873083044	5.114320047655833
happiness	5.1250470636271945	5.08429839255199	5.2417531758316995
assume	5.069817295518695	5.047011592931347	5.226897744637193
notion	5.072078504888568	5.000522798010198	5.172507684049427
purchase	5.175836408339772	4.896858871294085	5.172584866324098
faithful	5.132538517465962	5.082449365175345	5.253885632216692
soldier	4.915448031686732	5.174186646117868	5.110141802595061
father	4.987348335285638	5.0822754357533535	5.081345300587428
narrow	5.009686924412882	4.9225415784029405	5.0251216024392145
great	5.119542970352196	5.025578139847682	5.254637406340826
tear	4.903933787704757	5.035081557417348	4.900092036153413
honorable	5.13326784473836	5.1257433308941875	5.37204948732139
previous	5.102954412240746	4.992869629201876	5.220459963121311
good	5.0973504489716515	5.00893440141482	5.140776896694804
domestic	5.153208297551388	4.973478985974659	5.203818777261228
glory	5.168454884301521	5.030320137289823	5.203706320977693
lay	4.99523874710954	4.932511301248595	4.97750118244562
occasion	5.069931999036726	5.075027736188045	5.225040940312294
guard	4.90654024021963	5.132651058923246	5.106738008372127
whole	5.072684800774108	4.97581464580482	5.163603280704464
mouth	4.970218537755401	4.907131169817852	4.871070684776725
receive	5.142933215292197	5.003955877256068	5.23922241385087
take	5.010925126765673	5.000217327235527	5.080448364643986
simple	5.168812072194337	4.920624871066137	5.168599028941407
error	4.979459067362892	5.114070381604304	5.272677978924488
wisdom	5.104590838025334	5.094351396426529	5.290817853226025
rock	4.971724644005218	4.923497755160476	4.922758374865854
decide	5.0632058032084615	5.085398795251729	5.316383712761435
exclaim	4.90410862794208	5.085597665146484	4.92642835465853
assure	5.067117740521656	5.085388801230747	5.184094586313669
sign	5.039342462038791	5.002117717309179	5.140985130526733
preserve	5.128929540317529	4.952992918980574	5.18386991622566
commerce	5.141038760613533	4.984129410815939	5.283131394961838
plant	5.121503256799798	4.820913244584474	5.021171218309628
walk	5.128859852176237	4.887809426634724	4.948857418351285
difference	5.087581612960603	4.965973947304662	5.218897910742473
hang	4.950005747153069	4.918420456534693	4.856053039359042
following	5.246390178814639	4.896985242285941	5.258372391334767
employ	5.134403511760331	4.9418332360740305	5.212640894002675
