deal	5.062444334040386	5.014790647950022	5.120949282973147
study	5.2977078944467415	4.906661612987491	5.256431110861377
afford	5.197408984773651	4.95479832046611	5.230622526090179
service	5.190063693651662	5.035139252936051	5.293535519446845
height	5.081711266504225	4.880194008701407	5.046926395917444
prospect	5.175500387065773	5.000095382054098	5.177898552963682
pleasant	5.257651688705346	4.843148545394609	4.98614055201561
shade	5.147924167181677	4.850423358277545	4.959759540877515
listen	5.036032149280603	5.0679539453353035	5.039955818216742
mighty	5.010142130905608	5.037216336324868	5.0843213826832345
country	5.135613775779325	5.024850820901581	5.27946782345572
title	5.234570925628056	4.97826418008538	5.351282088252653
choose	5.146763208338449	4.965226102287771	5.208357192857997
village	5.154722220329073	4.920033757544166	5.082234311534764
acquire	5.238183278180293	4.9781288559649015	5.310634435796859
rank	5.145634866445626	5.068933443493701	5.282469907118426
bow	5.063747024984355	4.9722759362218385	4.99220855642213
doctor	5.024726188371187	4.994113902347097	5.017393791282129
talent	5.266987075602889	5.0223662912485345	5.33530842544153
source	5.194089029628803	4.974365545701119	5.264058072097268
lead	5.067833479253135	5.035981428334164	5.156809097291838
question	5.072754293991794	5.049761088830371	5.273584482311995
publish	5.241688755598311	4.949200862637405	5.339402118394201
interest	5.1704813744786176	5.044797416627859	5.307403961253504
serve	5.064339355526772	4.981017717108678	5.103684271180041
divine	5.149673712639737	5.016049308077863	5.253203023821456
put	4.963673360184287	4.94672584504683	4.959556838573987
shadow	5.0633118817442675	4.9254369894338685	4.997129699841318
practical	5.198978247246869	4.980328622842219	5.336626326048447
surface	5.080914379541132	4.815552019260138	4.969861940011632
account	5.113164263630905	4.997070542440384	5.213351619418622
loss	4.958985150374567	5.1146410317303515	5.1450161734293305
indian	4.9766803999494	5.056803651841498	5.129472208893792
vine	5.145745438749098	4.806210852540533	5.017366554711444
certain	5.063643837299063	5.0358965714179185	5.2188150076932045
sin	4.87965012883661	5.134743772007193	5.0967136229770835
necessity	5.019750968445217	5.090856925697008	5.268189753059317
lose	4.9963812134539864	5.068313065118869	5.069418799022289
private	5.117011173793235	5.067956605672761	5.2917131441531
gentleman	5.170327591876046	4.969866914278856	5.133463951869478
daughter	5.066017500875673	5.062481300583994	5.084398331458819
drive	4.848319362683595	5.10997252584445	4.973033031344713
strange	4.9816723289647165	5.0490376707427265	4.97951178499192
journey	5.146250508269724	4.953114713846746	5.061773757095443
uncle	5.130003612850897	4.947582127196546	5.026239266230313
species	5.065265635098718	4.9535229893165695	5.147710559601031
think	5.0514247910526855	5.035438523474482	5.0811134858094436
bed	5.00672855960271	4.8535425506475045	4.82748877717383
wind	4.946119863644406	4.967261161120909	4.896734522444104
bless	5.0970653121621305	4.974346983871801	5.019232554808243
destroy	4.887938009731369	5.116185276576627	5.122031791540226
author	5.231013371029095	4.9896704359387565	5.301020645030261
sustain	5.054027148677846	5.068121356104996	5.261044711429498
black	4.969345957896655	4.884747491414307	4.8641959267545785
event	5.092433314055074	5.096935321989795	5.279119902771506
liberty	5.084181752536518	5.121639930015516	5.323105372341885
negro	4.9560700397879955	4.986547091215454	4.995481918790945
little	5.1247476128687826	4.908401147920261	5.015847979040809
fortune	5.103879578416577	5.088910091702352	5.184784685093904
touch	5.065812956414329	4.979460933927696	5.022709556770598
kill	4.776781899806108	5.1186594347473395	4.91585207196029
feature	5.132833602071812	4.950575845330425	5.104308987966854
happiness	5.147046077756629	5.076240154390617	5.240424167945269
assume	5.096002564784482	5.037690087537166	5.21987540547721
notion	5.099794622536874	4.9878384766531365	5.169203499647694
purchase	5.178205033456824	4.903358167482205	5.167342973493606
faithful	5.145027514344151	5.073202535238012	5.239181613319475
soldier	4.916731820358666	5.177789750016974	5.100041575966057
father	5.00506202488437	5.074620419222518	5.069689585743423
narrow	5.022735781935491	4.9095042133890185	5.013212284570961
great	5.129745716630333	5.018033555780035	5.247469651868984
tear	4.921263403786941	5.023251353969989	4.8940036197138665
honorable	5.149651653467783	5.1281826341803844	5.368407996436364
previous	5.107340108194586	4.988544603576623	5.207501655649083
good	5.113987234696567	5.005971102537482	5.134773779069604
domestic	5.17435699330872	4.9679825248745395	5.203600287625774
glory	5.169556961634539	5.0172346223580355	5.191139504850964
lay	5.001781943465223	4.9246384133613486	4.966786092328335
occasion	5.084793708365914	5.069049104208667	5.218747034542226
guard	4.910077136618278	5.1337107597756315	5.0923269788196075
whole	5.079510937647753	4.968870563308619	5.154551191215637
mouth	4.985272333452445	4.8961758361463446	4.8653770912549215
receive	5.1545982099963	5.000478915012932	5.2287643074753705
take	5.020334803033033	4.996817157515353	5.069546882333054
simple	5.191057011300998	4.901426966833826	5.1544103319287125
error	4.996209565519064	5.104539692551275	5.265022369075534
wisdom	5.120585561702258	5.082717602638941	5.2799505827559505
rock	4.970851822831924	4.911253399567175	4.910266557097117
decide	5.077622460996917	5.082866844580583	5.306352733843686
exclaim	4.929670372873335	5.0713972348539	4.917098701814037
assure	5.087335275427636	5.077470839025155	5.17284852508636
sign	5.0487650956302215	4.991606124078681	5.121982997946091
preserve	5.1364542075518855	4.947173022401065	5.175593903279698
commerce	5.14699295438021	4.988003558945697	5.28498759865677
plant	5.122980699266768	4.818124010234812	5.012016590082186
walk	5.142780325487118	4.868546581951784	4.928693807578031
difference	5.109572739281633	4.962221232198642	5.217544520460257
hang	4.963004732402249	4.908673651877947	4.84424268546348
following	5.247912578908871	4.884152191420674	5.236657373447995
employ	5.142217627940046	4.93920702511533	5.206707116687475
