deal	5.038898222873807	5.02109223246813	5.113998098026671
study	5.270979023283859	4.921097027980813	5.256386906331507
afford	5.1757342276594605	4.9561064860805395	5.231111536466977
service	5.173803789584611	5.034376027620846	5.298401151309045
height	5.064452238688646	4.874987610251323	5.0466020401863725
prospect	5.153263910717656	4.998349754280689	5.176306464648314
pleasant	5.233640485046831	4.842139942983641	4.980226966027932
shade	5.122487085951886	4.843704106849629	4.953990505628317
listen	5.0081246936160655	5.075808589976546	5.04032738947758
mighty	4.991887776967446	5.042332634329027	5.0895093155652
country	5.111755861888293	5.02816756118486	5.280029945575795
title	5.202737808484348	4.987853484002511	5.348660462328666
choose	5.133667968529098	4.9649616398290854	5.210278756383721
village	5.138703281153307	4.91238779298438	5.07963679300369
acquire	5.211404746641911	4.987536641819664	5.311136826924469
rank	5.1181636526384855	5.070148201569629	5.283268204378544
bow	5.038392800658633	4.969614051579817	4.98937507215784
doctor	4.997967511814655	4.999668534125551	5.006063317168907
talent	5.235950923842914	5.033819185006021	5.333800269651366
source	5.164127222616027	4.986235794323323	5.263706205315764
lead	5.048215154843064	5.037949959707906	5.160152855987331
question	5.049977899927693	5.062764871960315	5.273764656444994
publish	5.2191524981376585	4.962460005702141	5.338508191526999
interest	5.143981584908769	5.052082928675852	5.306218437341344
serve	5.049644395148449	4.979882213373208	5.105035787415201
divine	5.120759349218395	5.032253157928675	5.26048085686729
put	4.957366405996832	4.942845216788992	4.955396005428386
shadow	5.039329106021455	4.925714054600334	4.995253247959627
practical	5.176680105715402	4.995211821142806	5.3408777724195
surface	5.067564306465136	4.810378231186067	4.966057270023615
account	5.091819377288712	5.002609060215784	5.2085511679930105
loss	4.940634172667344	5.111004831054163	5.140848308138842
indian	4.965205420162007	5.050897474225291	5.130647223268305
vine	5.142998028609098	4.7939996740794815	5.015240854506345
certain	5.041315390262688	5.043400148272152	5.218030255485143
sin	4.856066733833549	5.143786186074304	5.098848612522323
necessity	5.001745182872671	5.096284767488195	5.271627285524349
lose	4.975089231518522	5.069059282871405	5.066754654222018
private	5.092798646623788	5.071613966454911	5.290376592257346
gentleman	5.1390978200333	4.968641767080974	5.120066071223587
daughter	5.028143347887654	5.060439883307203	5.073361370913222
drive	4.836609229432822	5.101633383651118	4.970942174909367
strange	4.950566663473848	5.055652494934415	4.97278549943567
journey	5.135928562520084	4.947589217606949	5.060843686361319
uncle	5.102350500063542	4.950430734550058	5.011433809499142
species	5.048999187498023	4.9529301442179285	5.143288059874981
think	5.026421281464008	5.043661617367825	5.076008127311124
bed	4.9941867558005875	4.843321342427293	4.820392975357152
wind	4.939040529776679	4.960454558300773	4.89762271778341
bless	5.0740122156648155	4.976465759815411	5.017859544562896
destroy	4.874287792559636	5.112965037554874	5.12512299805186
author	5.199571283494664	5.006252774129063	5.299112083097358
sustain	5.035138935065609	5.069609982405805	5.2650765399983745
black	4.94761046873693	4.8716537629303485	4.850912309041327
event	5.071209024002799	5.105896392805511	5.280944911517422
liberty	5.063084880473291	5.128106728510712	5.328166839516268
negro	4.937764862162719	4.978559817554907	4.986032379052877
little	5.10216202392046	4.908368809929194	5.009302562501978
fortune	5.078188808266077	5.08664427718017	5.177838005260908
touch	5.037280586302154	4.984625738568343	5.018961595941096
kill	4.776893575873697	5.109468795506287	4.913394666270514
feature	5.0919875696405255	4.954801181150156	5.095610900940047
happiness	5.117860662922996	5.084311226979101	5.239256779854813
assume	5.06563497240613	5.043352535262632	5.2168898956249405
notion	5.069074821215758	5.004326158719811	5.160115645352728
purchase	5.162605180242925	4.895198641828813	5.160635982823496
faithful	5.119325756841694	5.077866736837276	5.243815949924006
soldier	4.9079319418031115	5.17011263357124	5.105800784224055
father	4.973559558711938	5.075246238809429	5.064442601924896
narrow	5.0024551206963945	4.90401666258995	5.010802309158376
great	5.108435934780491	5.023909196256304	5.249558469991417
tear	4.898433078701806	5.01973580216058	4.889180687166939
honorable	5.1215957304127295	5.131290725275079	5.368388599415101
previous	5.091363444989256	4.989104802831817	5.206098418806205
good	5.092734387985847	5.008798598864093	5.13081341768536
domestic	5.149029980750134	4.969483170136108	5.1999715387356025
glory	5.146917473870951	5.0227405354983405	5.1953574344589155
lay	4.989727094029161	4.916629781086549	4.9668857521449485
occasion	5.066425026184685	5.071467231010504	5.217945038992268
guard	4.901200119647725	5.125004611491528	5.098425567614928
whole	5.06279728453705	4.97043103055964	5.155989417535909
mouth	4.9694123913508905	4.89019215686205	4.8574102133914145
receive	5.132262094642503	5.00059010730119	5.227322622064166
take	5.006160211485095	4.994946699098707	5.066183080262926
simple	5.162575691678405	4.911556792486363	5.154497603136412
error	4.969375498400175	5.118594485929936	5.265170072847074
wisdom	5.094245538821947	5.095966291984416	5.2865158814663635
rock	4.962416296269363	4.902750047303257	4.91220611478345
decide	5.058474509105463	5.092427818503121	5.308067188209131
exclaim	4.901375841765827	5.071927653604929	4.908735146656737
assure	5.0620366156219925	5.082574577914858	5.170367827074899
sign	5.027022002463865	4.998797091859816	5.121615680013939
preserve	5.118433311189631	4.947923204235549	5.17658872129804
commerce	5.134114508071843	4.987553538629427	5.286557513741729
plant	5.116209831200199	4.807157905131801	5.010830597321361
walk	5.121693476550682	4.8652143552028475	4.922450209773734
difference	5.082626533799565	4.970398633447728	5.211436537570452
hang	4.9454634540903495	4.899306965671505	4.836287814650407
following	5.2321351340814	4.890438452840896	5.237952783069293
employ	5.12676311806014	4.94145961050086	5.2082146616407226
