deal	5.044326326851224	5.008960109732055	5.100085013523997
study	5.267277827650425	4.916913910415051	5.237015354563803
afford	5.181095849047388	4.946658081495641	5.214667138231248
service	5.18627869102781	5.012902168157694	5.2841824906470825
height	5.088124150800722	4.863765500682578	5.0414590117780405
prospect	5.160793047866176	4.984094531268789	5.157366117996692
pleasant	5.230778699308079	4.837563297440691	4.969698805366111
shade	5.13094416890535	4.834600632378404	4.946236015555285
listen	5.012832201306801	5.057115889471175	5.026071497642449
mighty	5.01160812885883	5.020052239705133	5.075468069895924
country	5.125175250825833	5.015968717103376	5.26419005571026
title	5.224237155397437	4.97512339383083	5.341550927718255
choose	5.147165750500337	4.950177641364508	5.20034362783321
village	5.152635966348646	4.9023675339799135	5.072277656936744
acquire	5.218002331929345	4.979052109811911	5.292178244822877
rank	5.13966826945078	5.055995277832882	5.271134017776409
bow	5.056942616930931	4.948904973997959	4.982952526257549
doctor	5.000432106886323	4.983683052643459	4.995042631980452
talent	5.243174925249657	5.027875832308586	5.315413839744361
source	5.1673738661346365	4.975161387781994	5.2431307036046535
lead	5.05232921085674	5.027109292912323	5.144989558025883
question	5.056485885204178	5.043854521428399	5.250821981022618
publish	5.234912478874546	4.951872641024802	5.329397333696552
interest	5.1492049387486105	5.038449007188781	5.283986396726148
serve	5.0576916461937005	4.962633120392576	5.094750326110343
divine	5.125818184971953	5.010719227603626	5.2363992913400725
put	4.965458649149121	4.923841086919403	4.945806609983409
shadow	5.050964064116884	4.908800820043266	4.981879970044196
practical	5.177253891487622	4.986135485192786	5.314267864713062
surface	5.078162439510389	4.7984027606780035	4.9518831746778025
account	5.099056083799187	4.990483424989375	5.194151281346199
loss	4.954852596273535	5.083707794540597	5.125906714277113
indian	4.982807319871695	5.030809911041476	5.11906107687272
vine	5.147767445116581	4.784445540240528	5.002031721001223
certain	5.048951714325312	5.02750765699124	5.199053365499504
sin	4.864656526103469	5.112122916639607	5.079859010047661
necessity	5.01051879073235	5.073622508578719	5.247790903027457
lose	4.985464806300367	5.046863831071909	5.05227968524191
private	5.102759269068577	5.056332689688673	5.2771194521057945
gentleman	5.148337027604175	4.963156611174729	5.115357107395363
daughter	5.04285910588263	5.040741277679159	5.070516821411123
drive	4.850944968662995	5.078469580612919	4.959301677874267
strange	4.957709303996286	5.037564225140457	4.960642578032756
journey	5.142537067698711	4.934376173372358	5.050715306014869
uncle	5.1058543720599765	4.9377962995185625	5.006147770920708
species	5.063242024871005	4.940149297129786	5.130999979760793
think	5.027328299669981	5.026601048096357	5.060044917860825
bed	4.9997225644340615	4.822815061240345	4.81175604786919
wind	4.949554636436918	4.936680801979482	4.8798995034157295
bless	5.078171182863585	4.952026948643874	5.006468710505189
destroy	4.893159538090209	5.086362583946902	5.1121586551319975
author	5.205481392196552	4.999595881242019	5.283967333209677
sustain	5.051657841535839	5.047252363959513	5.245419244970557
black	4.96920984247884	4.85742263369235	4.850761404112754
event	5.080836289578041	5.08646503197664	5.25953448632878
liberty	5.0770907216858925	5.106456564209649	5.309016886073385
negro	4.9518328718575	4.962732190304617	4.978077872689925
little	5.104846446131211	4.899864460158707	4.9989253994851355
fortune	5.090280702513841	5.070573893091825	5.16645865454906
touch	5.041799600896655	4.969378885279721	5.006663401130246
kill	4.785926105093103	5.0822367669440975	4.902689401860351
feature	5.107073150226498	4.944617713166998	5.0849272182852
happiness	5.11664852051741	5.064235271916164	5.215294731050367
assume	5.08217238753435	5.0257339359229025	5.201287029028964
notion	5.071667055120232	4.997422111984187	5.141348327125275
purchase	5.176263032475167	4.880068451523343	5.1557720124310755
faithful	5.1261139002942615	5.057874402661189	5.228323209862754
soldier	4.926730950005375	5.145416479414969	5.09675042451448
father	4.984646841753827	5.0503577806303355	5.056424062117794
narrow	5.016273755507415	4.892472237851551	5.000748357492945
great	5.120398570834901	5.011061077246932	5.2331788193553885
tear	4.906043217049243	4.990690244949992	4.876793899739357
honorable	5.1368302816363105	5.11358293295144	5.3536139238489175
previous	5.102304154178993	4.972188767384904	5.190744788173209
good	5.092509349251436	4.995843586403798	5.1163118581342335
domestic	5.149488266709907	4.957920604962145	5.182348467472135
glory	5.1648583770728544	5.004697819640176	5.181532595201634
lay	5.004013527484401	4.894713622670321	4.957448954491988
occasion	5.071567730964347	5.056034191043686	5.198990656155149
guard	4.91632976443085	5.098817424304102	5.085677233230586
whole	5.076712576967813	4.9548778192646425	5.141682236539056
mouth	4.983764524423389	4.874190858074522	4.850704972604671
receive	5.143767072382302	4.983838145371609	5.2164641992835685
take	5.012389823983142	4.977757612600597	5.054524258140598
simple	5.1642824394036175	4.903937050947251	5.13904499837006
error	4.978306119680747	5.0998326979074005	5.242581839030553
wisdom	5.100606638654798	5.0781331022467295	5.263880963704056
rock	4.980802115609324	4.881268263082621	4.900983426495929
decide	5.068830040632593	5.074009480015291	5.285524640410805
exclaim	4.910212749307899	5.050275229282381	4.899409566110706
assure	5.066997183556578	5.066471426942625	5.15592482962743
sign	5.040896676667129	4.978125330345917	5.1102326384354635
preserve	5.127934751375128	4.933309059051911	5.164385317946386
commerce	5.14605853403382	4.971470222726829	5.2661584153065135
plant	5.121612419629984	4.799508639062822	4.999903510773709
walk	5.126525976857884	4.856806366727576	4.916387399734834
difference	5.087736420682882	4.96254333330689	5.193983114024441
hang	4.9629147976868415	4.878075703194493	4.831361078206912
following	5.237476034750204	4.87977252364598	5.225431205202488
employ	5.137832117803807	4.929220952829954	5.193096114931584
