deal	5.0441955912194265	4.99634346783411	5.104999781110047
study	5.275382956964756	4.8910848337542685	5.243442860232155
afford	5.1746131381771105	4.930297543015237	5.215304030362865
service	5.183670610196841	4.9987577116917015	5.279441195041934
height	5.062961558953778	4.87072470578612	5.044519709452192
prospect	5.146264749627576	4.980996359081482	5.160547395872455
pleasant	5.223914718661551	4.837559603258145	4.974204695088338
shade	5.117613853874784	4.84326718135961	4.951130803513924
listen	5.023838528388363	5.062948982990185	5.042499277096318
mighty	4.99552073708635	5.026719976925778	5.077496599264058
country	5.115274202075714	5.00046666593507	5.264472505182133
title	5.224963473234005	4.948958378564141	5.342626632795902
choose	5.142699747007388	4.935105613379561	5.200558075870437
village	5.137851808899527	4.90043217871051	5.073589596070388
acquire	5.215780246410713	4.956054258938018	5.295614066967472
rank	5.129505007004127	5.047590372814997	5.270612354150394
bow	5.052469213254673	4.963235690401437	4.990550809333905
doctor	5.009785291917911	4.9772581056889695	5.00581371483414
talent	5.243502219359857	5.004237258946464	5.31758397268069
source	5.16599097696759	4.95671068163519	5.250057629784942
lead	5.053500890998837	5.020776314248755	5.151720398374223
question	5.061632106632171	5.0250173003251675	5.262065924889855
publish	5.2439554389872125	4.920363748721654	5.331164805528094
interest	5.1483797381076695	5.019741439543167	5.288290910052984
serve	5.054638522429241	4.954619559497097	5.092360020199096
divine	5.129356005089549	4.99843223919564	5.244254444149935
put	4.961841298089313	4.922441392022893	4.9490447334363274
shadow	5.039493691436517	4.9183056925723605	4.992610955657397
practical	5.18019262876781	4.959734537166648	5.321302710746743
surface	5.059059396748778	4.80334542856876	4.959961539935152
account	5.100409479757947	4.968790867911421	5.197702679336544
loss	4.945523947841583	5.076943271828854	5.126942860531959
indian	4.974314508380633	5.028240369474534	5.123724948195281
vine	5.134021020460141	4.780447011607328	5.00668108826523
certain	5.046625150202224	5.010753569249973	5.205435488854973
sin	4.864993295106963	5.112649211671786	5.088895551356684
necessity	5.006580685622506	5.059561077411328	5.252997447959714
lose	4.979025930353339	5.04662742499539	5.057616256539353
private	5.103715746754503	5.037926555197885	5.276375268129992
gentleman	5.150964017674853	4.951008154515654	5.121161226972084
daughter	5.043210950167834	5.040655556468149	5.07615024895543
drive	4.836785131056715	5.092667483415068	4.965298879869752
strange	4.957263087217065	5.0422022412621805	4.9734202247423624
journey	5.137294505654401	4.932255730562542	5.054882455993812
uncle	5.113728195016597	4.929032844705649	5.0142103054642995
species	5.050262703440082	4.926094235486801	5.133697706960672
think	5.0328835770358795	5.01850978946671	5.070322716608964
bed	4.98811644747863	4.837018241165425	4.81781418625152
wind	4.931629267956103	4.959970953498101	4.892915340647657
bless	5.079356044684814	4.954836809208611	5.011356144828501
destroy	4.878188298235494	5.0853513727314645	5.111226667436329
author	5.215565428113894	4.9724189313887255	5.290758874851567
sustain	5.041617120574167	5.03813720637463	5.245536763914243
black	4.952284540320415	4.873184784979591	4.855780758712258
event	5.080637435834539	5.070042373454916	5.264855215166357
liberty	5.07047650128175	5.09543417859424	5.309125642129259
negro	4.939571889664671	4.966034176040412	4.983975584393104
little	5.100914481145005	4.893935461534366	5.003276293269141
fortune	5.08058708866296	5.061344949605363	5.164566274061903
touch	5.048431901893706	4.972198451592999	5.019911471288263
kill	4.785625300135172	5.087785836128471	4.912861109282893
feature	5.099337968676491	4.9451767922224485	5.094597825143297
happiness	5.1150852231850195	5.052697767890288	5.219051554288455
assume	5.07467283718783	5.0174854441044	5.206767318026207
notion	5.074449810577931	4.976873856377687	5.15292900480509
purchase	5.163649900573277	4.862997818914195	5.150449119662022
faithful	5.134699302801959	5.050100518262412	5.232466283912687
soldier	4.922287224504234	5.154762861403285	5.0988524473044805
father	4.989672525532874	5.0504119106066305	5.063687097306417
narrow	4.99680371030286	4.90066547589039	5.007408610577717
great	5.112661934462954	4.994489202443221	5.232794606921988
tear	4.904088120090824	5.007988794865899	4.886160594616806
honorable	5.1379627942573824	5.095333780424675	5.353509911410058
previous	5.097967765917155	4.957448850252722	5.194419889387638
good	5.093791393098365	4.983474213463313	5.11944647099775
domestic	5.143044892362964	4.943322815560044	5.1807781916483
glory	5.150874354639953	5.001663242860555	5.179832641361227
lay	4.991787599699696	4.904375791470487	4.959898390146533
occasion	5.07276706808129	5.04283184538643	5.203534867197334
guard	4.913995237475733	5.110447668923406	5.093733609206314
whole	5.063660221594795	4.94743541124696	5.1413977048375115
mouth	4.974808108391887	4.8909082417315135	4.863328337313371
receive	5.146071291661025	4.967660741024394	5.218347938084832
take	5.014094134435782	4.970067474533742	5.05937341506231
simple	5.16514232350822	4.889452527691917	5.144706483195517
error	4.983155313583283	5.081825827634256	5.2547415789702
wisdom	5.102625027231087	5.063951121846888	5.269587801010411
rock	4.960876638533422	4.9021774126516116	4.910824814241107
decide	5.071196733180974	5.056241402801429	5.29575067321761
exclaim	4.917517067465975	5.06355812407353	4.915398309581941
assure	5.075971569133219	5.055451511960043	5.16598062823352
sign	5.0458943224115735	4.971029022568585	5.12038619002792
preserve	5.122977879546661	4.919321074913858	5.160756108049127
commerce	5.13163720453274	4.95765674789209	5.2675867027253584
plant	5.108091384104889	4.796414195366278	5.003215081580075
walk	5.120138363908817	4.863309829305471	4.924142914893738
difference	5.083945600515179	4.939479936993635	5.199987279401885
hang	4.948842913657785	4.896018556149726	4.838693701986435
following	5.246855257116744	4.858983593928885	5.231330277539708
employ	5.130455805507278	4.91354910391594	5.193564613562118
