deal	5.023447928368732	5.019280584617271	5.094746940169532
study	5.252232766921218	4.922202225555683	5.227823400735057
afford	5.156835760944171	4.9567372974294095	5.2045087573154625
service	5.1533710222732445	5.032988334372841	5.268325176884284
height	5.059847294078663	4.876020428904356	5.03186342700036
prospect	5.13285323070005	5.00350849119507	5.151584904723832
pleasant	5.219105617862056	4.847166386150436	4.959818018055195
shade	5.108803866540183	4.857609142632257	4.936886084407472
listen	4.995402227585817	5.087739393483977	5.022129321949346
mighty	4.987308738992446	5.047143505239124	5.07440362410101
country	5.094710899429656	5.0322602117890245	5.257931757080973
title	5.191310072696508	4.990553443824413	5.329611336020379
choose	5.120668257553665	4.962934645875291	5.190070846538398
village	5.133286148964555	4.9110401883553525	5.062161937035927
acquire	5.190767097097025	4.987115247976893	5.281754856636071
rank	5.100483031253007	5.076648848493352	5.25721362555298
bow	5.0292457338601055	4.976173785002886	4.971085398208248
doctor	4.9871117213435	4.995760649766512	4.987536183077393
talent	5.210380268000678	5.037978227253701	5.302912415537334
source	5.1438129162987485	4.9921414727867255	5.240867523322454
lead	5.030113316639782	5.043620685047591	5.138837171652469
question	5.032902949834085	5.0594850923697905	5.249613070738896
publish	5.214643959995299	4.960269626320702	5.322826853287973
interest	5.120234493012904	5.056182226219064	5.279889859499579
serve	5.03428283898908	4.978681275275369	5.082958188881029
divine	5.098977496935416	5.044516243812461	5.235775682689981
put	4.946556312777201	4.9330887049585455	4.937471523862737
shadow	5.028301146576014	4.93503727768249	4.978097214211526
practical	5.156362617129899	4.993726768658031	5.312079839609565
surface	5.059391326749169	4.80714413057237	4.947450184690877
account	5.0797646430604	4.996845929062003	5.18803415476673
loss	4.92464975746991	5.1100473841825504	5.122014275272903
indian	4.9593912767805515	5.044761903630613	5.110926956353873
vine	5.1296527524852245	4.78963364400721	4.99135589708354
certain	5.024287578114641	5.042339751369845	5.195147162195975
sin	4.836289932887919	5.155928000841929	5.083329681212981
necessity	4.979156505978227	5.094838251987052	5.242254700117287
lose	4.9618073611221725	5.072139758850694	5.0492512452181515
private	5.069978914744748	5.076160524061961	5.267024279336283
gentleman	5.123805258490693	4.968053474649857	5.099465578764898
daughter	5.009178746241073	5.073762834008729	5.056692912514407
drive	4.826474262869438	5.101944804764981	4.95494899306713
strange	4.94114557829345	5.063852756217009	4.9584691747891805
journey	5.1279514381646205	4.944962972537724	5.0408732911552745
uncle	5.090052957803625	4.94501596511434	4.994464510130259
species	5.036808875141752	4.951339162820775	5.126211447082391
think	5.0084245078002825	5.043020540844224	5.054350065523365
bed	4.9851823734644825	4.841614368268889	4.8021704276753185
wind	4.932085991376568	4.9601342019803605	4.880296993201567
bless	5.058460797716409	4.985386565759424	5.002466702366
destroy	4.862762443572214	5.117041011803848	5.1096338216883215
author	5.184513899629976	5.011882974792008	5.278382002905677
sustain	5.016551119740861	5.0750006678532085	5.241298792579721
black	4.947489210953959	4.872561048758917	4.840913275186357
event	5.057722706045063	5.106680617454535	5.257937486124295
liberty	5.040590364363143	5.13551689940618	5.303513856334558
negro	4.932152397739227	4.969358508876417	4.969178843959351
little	5.08853610559353	4.906112263904228	4.988221315124406
fortune	5.054817846132916	5.0929386038162745	5.155344372539471
touch	5.023496097355543	4.993058777226041	5.0015688250598105
kill	4.772189375884547	5.09749233258219	4.898228751649988
feature	5.077481718349805	4.967755735193121	5.076894383446875
happiness	5.086672276969048	5.094868552849203	5.211855765123965
assume	5.048293429031976	5.047574704927844	5.193324725762062
notion	5.053301916640726	4.997360527302885	5.1375686764842765
purchase	5.145169513390936	4.890013090168261	5.138325065322309
faithful	5.098618786751402	5.088873748564464	5.219634854871043
soldier	4.895366039793027	5.172219408602558	5.083084147654797
father	4.957375303724025	5.085072492833385	5.047684275939186
narrow	4.9912857819539935	4.907918034858507	4.993419003460033
great	5.093163873977797	5.02514676787544	5.226458255706191
tear	4.884551868441574	5.031412621271634	4.875192328722044
honorable	5.095858402913577	5.139670238382757	5.34158880768078
previous	5.080467401006706	4.9855029939643485	5.185442037309172
good	5.0718079018403985	5.007738132190299	5.107301213239734
domestic	5.123491245680654	4.975299825393496	5.174046626873995
glory	5.1313450989651495	5.036123573187723	5.17527172762024
lay	4.983702602235839	4.91929691258447	4.9508566072440106
occasion	5.0458902791347615	5.073458272709963	5.1926894125293295
guard	4.887131660948892	5.128041153960763	5.075926771373119
whole	5.053357938278538	4.969740696939905	5.137201150208131
mouth	4.966714927717912	4.885136411370593	4.8435053764125495
receive	5.1164895057597795	5.0010522161270075	5.205282139641059
take	4.993355881750082	4.990181267957189	5.046954009806819
simple	5.145812717176145	4.918015118360121	5.132218949690214
error	4.950906038756561	5.124456196141478	5.245521253925233
wisdom	5.070259153725201	5.106258735424454	5.259794497738852
rock	4.962999968855003	4.901951634111732	4.899139674673395
decide	5.038933557862713	5.090656065162457	5.282062759945792
exclaim	4.891442581447741	5.074887545200617	4.892165026909961
assure	5.04285396147046	5.0827253276397775	5.145962447778807
sign	5.021835207117731	4.998149607809649	5.10557165784071
preserve	5.1027487518333015	4.951138010441593	5.1553958139759715
commerce	5.115394278101288	4.984586275485818	5.25885792793134
plant	5.104003974978079	4.8073165578537616	4.990163069407992
walk	5.11136054010194	4.8669869097261085	4.90257121618866
difference	5.06629890281399	4.965871172933389	5.190652312691326
hang	4.9402354430641475	4.901678109850889	4.822341204164182
following	5.227534141106267	4.886739711587106	5.220176427316031
employ	5.114373599159277	4.934409539843399	5.1822206308667935
