deal	5.028008881826267	5.01283979363042	5.103432150997444
study	5.264055418557014	4.918493993657085	5.256370489828945
afford	5.1666672717536715	4.952199544223663	5.223183929839669
service	5.171474113444055	5.023503832305463	5.291300853390737
height	5.057939062059922	4.8722565070748	5.039036252775222
prospect	5.136590363836329	5.000285444140803	5.166923040111349
pleasant	5.220333207732872	4.840085845963174	4.975498149125523
shade	5.112194374099259	4.851149103896662	4.950592710907703
listen	4.997301341413598	5.0787273749888975	5.036399458095858
mighty	4.981581826249979	5.040019398642377	5.076726543167082
country	5.1023392395042775	5.024434408491018	5.270525209565991
title	5.207638713395621	4.9757090208170744	5.346306331780005
choose	5.133273980144161	4.948892853302655	5.203951835519463
village	5.13276567493854	4.9028985345448	5.07451823534227
acquire	5.203524563286655	4.983128800275213	5.305823553012239
rank	5.120444425351637	5.070404002336668	5.280515874656044
bow	5.0369816583984734	4.965437386345373	4.984665326031407
doctor	4.989909808363639	4.989092393850947	4.9997540589542
talent	5.231966297851891	5.0349422292769965	5.331589251776252
source	5.151934014249665	4.984241648848297	5.255136351594906
lead	5.035229029961975	5.037512497003312	5.153426400132563
question	5.036323574854735	5.055737435219079	5.2598068383466545
publish	5.22170487424254	4.946666759574754	5.3346030063014975
interest	5.12975814746486	5.050834564088458	5.295419016041583
serve	5.044718455520831	4.968835720328452	5.093748903874748
divine	5.114470871662644	5.033823633448437	5.253536186770913
put	4.946770319278041	4.924185590174672	4.936529175350241
shadow	5.025996478584951	4.930797005278016	4.9882189775868495
practical	5.164230666544093	4.991585660066079	5.328904336361619
surface	5.049017759718354	4.8061348500865515	4.946983523948128
account	5.08181346279225	4.990393167515912	5.196597451188355
loss	4.92437846083955	5.102606009271597	5.125398089112426
indian	4.956571257793575	5.03559198949561	5.11396021792355
vine	5.122836401948537	4.786070544695373	4.998792323882107
certain	5.029990284462389	5.03779237456178	5.207118680401427
sin	4.843610133481256	5.141297640069624	5.0896799943064055
necessity	4.9858855783738765	5.091490084614827	5.2544041437039395
lose	4.963282718068333	5.064806567913605	5.0586199182591844
private	5.083788832565004	5.069403779336583	5.284141470490581
gentleman	5.139437790240913	4.961244513745517	5.120587603406222
daughter	5.027807249575457	5.056543799000678	5.081402853294665
drive	4.821418718155282	5.09468374781175	4.957363912716475
strange	4.938747153823855	5.056860678785138	4.969999543698378
journey	5.1210443412140725	4.937346168723406	5.0532238212336935
uncle	5.090975046213152	4.933010858021983	5.0075688799907025
species	5.0368956260432824	4.942082874346593	5.126049008503174
think	5.01241354907034	5.037055652056103	5.0683734846116275
bed	4.980809061283885	4.834143768071461	4.809904008112288
wind	4.9156912301406015	4.956605320597053	4.877278082415122
bless	5.064947861670135	4.967014527089269	5.012565354319107
destroy	4.864578937553724	5.1055303248865815	5.109987502392909
author	5.1974691733289875	5.002495718182718	5.2979747809028295
sustain	5.0253852266296315	5.068278063547954	5.251102392125643
black	4.9484867942248325	4.863568363689242	4.84569194020188
event	5.057174728327502	5.105091831260111	5.271301783278541
liberty	5.055254795428386	5.124684014779907	5.317066966550551
negro	4.929597357024464	4.96105669586653	4.9749593302878
little	5.09243906069751	4.900058368268523	5.001581015716233
fortune	5.067509081294488	5.084240667653621	5.174455027543844
touch	5.027589019529054	4.985045972103221	5.012974697882851
kill	4.762464899020618	5.086105603742619	4.898405403236169
feature	5.086554769839697	4.966260549750154	5.096233724189869
happiness	5.100471655855129	5.086943714678381	5.232396104080434
assume	5.060834938581569	5.044603264449494	5.208772119630288
notion	5.057839507228985	4.995822830548261	5.15054266310095
purchase	5.1551601252255885	4.873683074501222	5.151193742250379
faithful	5.112917341669629	5.07625775920383	5.241455821892847
soldier	4.898136156246097	5.165860164196774	5.094721685579602
father	4.968921657138191	5.069486859403363	5.064779327169064
narrow	4.988559424292135	4.905174897885337	5.001347733467333
great	5.102246075139465	5.019095721510886	5.2389877476057825
tear	4.8850158160316095	5.016728336913903	4.88024759784369
honorable	5.117769061262641	5.13006963473473	5.364646762400922
previous	5.08308072291109	4.980663542929618	5.196078379388883
good	5.082171138403304	4.999755447174319	5.121501523367529
domestic	5.135489290935421	4.966610112798083	5.188153240918132
glory	5.1411738641334015	5.025150889967857	5.188949087482321
lay	4.981244770433623	4.9091491927606015	4.953711857318986
occasion	5.054320665838341	5.06882806739604	5.204811225468146
guard	4.888453259662994	5.1203720460664774	5.086089475424356
whole	5.053900108955872	4.9648261994611556	5.141684740837572
mouth	4.958326436993586	4.880623654108283	4.843868460965608
receive	5.130197569520983	4.9887581114969635	5.219705440571016
take	4.9968332589255615	4.981974054172876	5.054356880826801
simple	5.155530427134898	4.911940262846541	5.148348187852304
error	4.955149256582283	5.11872685663135	5.254153257400707
wisdom	5.084923166709136	5.099167568760678	5.278761330430653
rock	4.947121361936048	4.895553254817401	4.895592737776313
decide	5.045382088876502	5.087767731627417	5.295672946352054
exclaim	4.89325927622325	5.065872980002984	4.904341892912201
assure	5.051441326102847	5.076594910621564	5.164017179979188
sign	5.023680389045735	4.9905157927297	5.114230766730988
preserve	5.115213524701009	4.940680900425196	5.165741094938177
commerce	5.115901555275444	4.977759070072625	5.265270754571288
plant	5.102111206143696	4.800348648861237	4.998192689889194
walk	5.112937471520264	4.862364972979621	4.922073579228269
difference	5.070622912129652	4.961795490564147	5.198754099878979
hang	4.9376041004702085	4.8940058590345785	4.8290391351528745
following	5.226706547840323	4.876955913995589	5.227570327139417
employ	5.118325893878684	4.930076635526243	5.195511732701766
