deal	5.057801737389905	5.029103136044168	5.118392224741071
study	5.29249353396962	4.9249559540166805	5.2580545797177
afford	5.195928307894639	4.959264015288363	5.230427892165506
service	5.1960720742880815	5.037363052101478	5.29590476729897
height	5.075041280843471	4.885932424288191	5.049592739794538
prospect	5.164841395037845	5.012530464307651	5.179475597401532
pleasant	5.235722518676429	4.868410411603598	4.9903635220941265
shade	5.125030807384671	4.866877537734433	4.9612370626041855
listen	5.0155618917933165	5.097920054723329	5.038088651399087
mighty	5.004532872654438	5.053729680569855	5.088399146106502
country	5.136311387802841	5.028737816464844	5.279174294395116
title	5.234160993667627	4.988569649996175	5.346153819721537
choose	5.156585003237029	4.9691606173912355	5.215537402839624
village	5.150728535964023	4.933788801255352	5.08789413976242
acquire	5.23542072047163	4.984442650812366	5.310679345657413
rank	5.144076004926613	5.07623513428439	5.28120227878932
bow	5.04324490812147	4.988837892273004	4.986613998068476
doctor	5.010840508231055	5.014643010854752	5.013065152824944
talent	5.26251183617116	5.0337260941373145	5.333575753274177
source	5.185366033031245	4.983594587500785	5.261472697264307
lead	5.064813186237042	5.049956450006256	5.158045846967472
question	5.0725222958106215	5.060178834620954	5.267614047959774
publish	5.249766522512506	4.957996106608032	5.336443223489484
interest	5.165034056994226	5.052856891171491	5.303974124491592
serve	5.0671110856495085	4.986645790303873	5.105614656106862
divine	5.14362234760349	5.02981650799206	5.254125481170964
put	4.966015314485559	4.952962894117202	4.9574868247968995
shadow	5.044843508115048	4.945078088537689	4.999247415623555
practical	5.204430550024421	4.985808228373029	5.336498868400224
surface	5.06901093199542	4.816269546198513	4.967975533622844
account	5.113648487358294	5.000598319394818	5.205765967144438
loss	4.958753839433358	5.111369665825317	5.141122751116572
indian	4.979523014224694	5.054551794872792	5.123448671686879
vine	5.147847656604871	4.800149738120367	5.023126631505639
certain	5.063060246965106	5.040191749659011	5.21524583173873
sin	4.87850815911106	5.14727602498356	5.100412828473602
necessity	5.0240807784058665	5.090155793930244	5.2650603577253845
lose	4.988401332674108	5.081013934283669	5.068777345125638
private	5.118780734785237	5.079399454704919	5.29320251163615
gentleman	5.15797952735221	4.988709524796744	5.128803896987859
daughter	5.046512721639086	5.087162095611795	5.085112000858893
drive	4.843431090703729	5.119730930857172	4.971356021537606
strange	4.959495622677005	5.077231118152098	4.9760625649142245
journey	5.1407634613390645	4.968131673529066	5.063901757069234
uncle	5.113696483385867	4.974075590074854	5.0272476099969285
species	5.065061985124062	4.947314274128965	5.142380014257519
think	5.04121215106132	5.055234557073389	5.0805122255979045
bed	4.989197680258543	4.870853846630326	4.830283332717128
wind	4.932838245802182	4.9769779495217525	4.894923568323973
bless	5.084997093821602	4.995345357928828	5.026234081867669
destroy	4.8959561416207995	5.111195493947265	5.123720956197839
author	5.227384272253086	5.0053968255697034	5.29500884427656
sustain	5.057259858646814	5.064564341269314	5.25988207588987
black	4.951771235776495	4.892200117451453	4.855307163841931
event	5.0917267142537	5.106213636597225	5.275889007595278
liberty	5.089346313927355	5.1272837280727135	5.323748519968513
negro	4.953229892470581	4.994209871582524	4.9922474793173075
little	5.111586924854229	4.924658197225746	5.014489735174876
fortune	5.096221413031155	5.100957689354118	5.182574092820906
touch	5.044214995459061	5.000105907705469	5.01807388973905
kill	4.787008987259934	5.119355719806462	4.916804542786366
feature	5.101679407169656	4.969976508768561	5.097171912600959
happiness	5.135048098035337	5.091667157543696	5.2401085500653215
assume	5.08440977092021	5.044950735069964	5.212732556325391
notion	5.0928379458676725	5.00448448437655	5.163233815987148
purchase	5.1792293489162295	4.905567228777578	5.168436686416225
faithful	5.140228691401335	5.089309713402462	5.241448317021723
soldier	4.9206251752613435	5.188312361609269	5.102497380124264
father	4.990668585572642	5.095176353921081	5.071474484157965
narrow	5.009942189162892	4.9229840003930985	5.015330486172142
great	5.129516835069201	5.021959002386776	5.2449530991925135
tear	4.898727358905146	5.041290621254888	4.893767723175426
honorable	5.151531390306671	5.133289273613997	5.3660571664682255
previous	5.1098672132467104	4.9901377035956775	5.205266848608718
good	5.111185217597521	5.017461975883631	5.135534565545154
domestic	5.165455801560071	4.974626309973016	5.200984413355579
glory	5.162542470486132	5.03156748120642	5.19499076931126
lay	4.993277956454854	4.932854328573197	4.96620436608689
occasion	5.0838187302029425	5.074386943879889	5.213600088496176
guard	4.914092356988315	5.143481484841304	5.09527382349042
whole	5.077965991539208	4.97415071158358	5.153436008879672
mouth	4.963298131379803	4.909240018869346	4.855797949773529
receive	5.1532225944662216	5.002315806078893	5.225503663780835
take	5.0192181446799395	5.005375626359549	5.068076821001589
simple	5.17958055090961	4.917075261940794	5.154217029883268
error	4.999698438954768	5.111108123564772	5.2618236301525405
wisdom	5.118553013635206	5.094003397873176	5.2809971908062465
rock	4.9603661793528	4.920165508472045	4.9112618927823695
decide	5.082570521642953	5.091283130034301	5.303602889553601
exclaim	4.903700634241362	5.099139197448019	4.909171094361715
assure	5.077974215051242	5.0915538023547295	5.16777957857593
sign	5.044068189690471	5.004812396875555	5.1204785213182245
preserve	5.136397841424083	4.944917727633772	5.173882233673478
commerce	5.149183745001421	4.983120371105871	5.280685298848686
plant	5.124561924878033	4.813598184256341	5.01765722319867
walk	5.124653064782809	4.897068869221271	4.933405261337333
difference	5.108430265624468	4.965460311311176	5.213214825445494
hang	4.946301891558048	4.924152614124706	4.8431165353273355
following	5.2514498340887386	4.8907871196406605	5.234777598074002
employ	5.145384993279066	4.939035080980693	5.2044717897312225
