deal	5.081737365940675	4.997111806790582	5.121827312770321
study	5.30820252525353	4.8992995060243185	5.263435281615978
afford	5.212920667039364	4.9409929575272145	5.2366389710944015
service	5.214564768007363	5.018386473285295	5.311660144119806
height	5.09817048145323	4.8575036909508045	5.047027968511334
prospect	5.188320235023065	4.981143917798437	5.178795822959155
pleasant	5.268780744577226	4.8276310943892495	4.97988179567711
shade	5.154714011026242	4.826041467530303	4.9476312174584045
listen	5.056573728039737	5.043679814568359	5.043457035680182
mighty	5.030262258060143	5.016916664207805	5.088346949700161
country	5.1561630372868255	5.014199755654531	5.293891073583033
title	5.258313531944588	4.971723865091736	5.371540565993917
choose	5.176494309532443	4.946342823987931	5.227913306911143
village	5.184451514977593	4.894951231604889	5.0881363504291075
acquire	5.247514717511289	4.973274559855013	5.322113638126925
rank	5.160085619606764	5.055552374403182	5.293214285057652
bow	5.076460578569519	4.946858955616355	4.98727099860777
doctor	5.038464750376243	4.967002082599663	5.009919529928373
talent	5.276444722506345	5.017697996427744	5.345220979370911
source	5.203562684452707	4.9672799783236234	5.270928617342736
lead	5.08602822361455	5.017724787936956	5.162826038816768
question	5.096203602651148	5.032603524977823	5.2876722974573624
publish	5.281842920518025	4.938079109435457	5.365879874314679
interest	5.186377462025806	5.032497760726158	5.31867619300745
serve	5.08406296342574	4.960002510362277	5.104317978491702
divine	5.1574851135979385	5.003154724281722	5.2616753713282
put	4.988957378807986	4.91795514370205	4.952554018132395
shadow	5.073960193738757	4.89756578789031	4.989383658302016
practical	5.214820860091709	4.973292967196236	5.351346510262142
surface	5.092404681353223	4.789925746528414	4.957072724767326
account	5.139282279875314	4.978077028609805	5.219439181373879
loss	4.977705698655943	5.085071879175618	5.145632629664037
indian	5.011093357379018	5.028926163986329	5.137928268976769
vine	5.161343899624527	4.776750788851003	5.008245823193203
certain	5.079834821129056	5.017875261734154	5.225475973188282
sin	4.892768999035107	5.107286525469283	5.098740742535371
necessity	5.038855469100776	5.07047208932987	5.27861615048646
lose	5.009705716693766	5.043800126284978	5.065743557518214
private	5.139238875087913	5.053250229523499	5.308507103293593
gentleman	5.186989226213545	4.951534548851771	5.134745205134492
daughter	5.074497163326699	5.037472224189447	5.082653892954871
drive	4.87199129963245	5.0774988186216055	4.967032158396328
strange	4.994928027465907	5.02238769013508	4.970549891762889
journey	5.175329836996491	4.926167726688616	5.062652843840319
uncle	5.144901875532861	4.925376041403634	5.022084464209787
species	5.086439317857657	4.936411041130787	5.152110950159998
think	5.065626220833434	5.013140300181169	5.07852534040543
bed	5.023955635834393	4.815105581736798	4.810269866337215
wind	4.9685221599070815	4.934046837788533	4.887044472342343
bless	5.106460689466133	4.950803915029908	5.016207781166908
destroy	4.911317605333528	5.090072123996541	5.127673076996936
author	5.254000181504037	4.982777170086817	5.314409380909088
sustain	5.074252305542207	5.047645684250995	5.272934485003798
black	4.9893250310490425	4.84907086670742	4.84822005170677
event	5.118970867495848	5.074791346100237	5.290368243488904
liberty	5.109607379256593	5.108698406777876	5.343823351381801
negro	4.979291490337898	4.9559548912027935	4.990650608312709
little	5.137741534371201	4.887938009319663	5.008046295980499
fortune	5.113449631002552	5.071284658183636	5.182458080800968
touch	5.076980308603682	4.957839191769677	5.018533208340218
kill	4.808549602468835	5.075578832714621	4.906832205043657
feature	5.1368482669723905	4.930735357274462	5.100307034528314
happiness	5.14946466123525	5.060816255630715	5.239392353648738
assume	5.110907770165288	5.019330055512764	5.226073328149462
notion	5.111772423741165	4.976075842441674	5.168442016818558
purchase	5.199961523730514	4.886916142405564	5.174031053521886
faithful	5.1631328892474055	5.055784319432059	5.253046160012945
soldier	4.9467995226665025	5.147658594197147	5.107890323618742
father	5.016053483021872	5.0469021690825615	5.069345628607037
narrow	5.035826462933772	4.886616502263773	5.009088203001141
great	5.149891168656612	5.003980417481021	5.257026723281226
tear	4.933377772744439	4.988322419582436	4.88163785842655
honorable	5.1673172612090745	5.115694802289751	5.386338590698571
previous	5.137716468596758	4.962488119728401	5.218455646691576
good	5.126957020271795	4.990192775588832	5.134641859306675
domestic	5.18475532288454	4.956308499878768	5.205576608795754
glory	5.182714041746704	5.004257664435263	5.1962676287109275
lay	5.025215307783729	4.89420764103324	4.9621930775482905
occasion	5.111214196839942	5.046912237807212	5.226917063202103
guard	4.939906230215041	5.100875383808865	5.100705223529978
whole	5.102445113953974	4.950002891827217	5.161196775205516
mouth	5.006715325402907	4.866948421524638	4.8546590711824695
receive	5.177832433619342	4.982443051162604	5.241971220981491
take	5.044634903740995	4.970137892544706	5.069793022072208
simple	5.200426479716707	4.890708406067883	5.1578060274790865
error	5.015872176632787	5.087458955592519	5.27690710974672
wisdom	5.129733276256862	5.072371809599236	5.290151269896641
rock	4.9957903294786385	4.878230910775579	4.904119785815806
decide	5.105475663049375	5.0636905409287944	5.325260359401996
exclaim	4.942322080184063	5.038806614818309	4.9038271774292195
assure	5.106009688459786	5.057472702162287	5.178035480854959
sign	5.07074792182303	4.967324045743428	5.129968711040867
preserve	5.152623098404835	4.930226738985816	5.177095704626328
commerce	5.170521727310417	4.976813195999986	5.297156129210891
plant	5.138471834739032	4.792463722318093	5.005135034037007
walk	5.157895253023598	4.842714980949892	4.919705175902443
difference	5.12134906165167	4.948956832770822	5.2206323866549065
hang	4.978716628978305	4.871601271112663	4.827606104482993
following	5.284346884862125	4.865593597889198	5.2552045688247855
employ	5.1645922014211125	4.925230332448243	5.2169424107171105
