deal	5.003066630997547	5.044439283790263	5.112289167672681
study	5.248559792953931	4.935415358933868	5.257277188529561
afford	5.146853404904301	4.9678234364712495	5.2263985119659
service	5.149823062222207	5.054419527610779	5.2975454938795625
height	5.0508117612607295	4.893259714426577	5.049016954765803
prospect	5.1339965003316745	5.018459514414759	5.1801965737443005
pleasant	5.21980297325141	4.867824738481326	4.9902784907649425
shade	5.110240505379789	4.867994320338253	4.958169640304308
listen	4.989297204405067	5.110952317028547	5.044832970480548
mighty	4.974732873321609	5.064617832850367	5.089199056780177
country	5.085326262977118	5.047129012753324	5.2804521710281795
title	5.189015270016833	5.0053282135959485	5.358474783684031
choose	5.112539056207715	4.9849376078261765	5.214585298429013
village	5.124681400790852	4.940349244261887	5.090317319026383
acquire	5.185580337642391	4.998361034340423	5.307163933667757
rank	5.09808328346821	5.096867687561673	5.283544414672305
bow	5.024290747793574	4.998355307464886	4.990271110533771
doctor	4.960198449996746	5.027505780884027	5.003584774265475
talent	5.21452221002065	5.052242718041546	5.333264150296262
source	5.141752494162876	4.993230623395255	5.260572527059393
lead	5.021255801075155	5.05943292281122	5.158025671571744
question	5.012689481963551	5.077996681128588	5.266233122631972
publish	5.207104816504151	4.979843017230438	5.352628194835291
interest	5.1144648529970125	5.06993702200307	5.304209771487515
serve	5.018615243218855	4.996448059080444	5.098656251508102
divine	5.097259467348894	5.041984753616649	5.250128527675407
put	4.916880379019489	4.959405690073798	4.945386370707219
shadow	5.025926696279766	4.946703150832934	4.996788924238951
practical	5.141253451030702	5.0024405970299135	5.32865316093799
surface	5.043365040444559	4.8175522987086055	4.95791273323161
account	5.059946185707312	5.018709732262864	5.206875623004376
loss	4.905216480271985	5.132844676120136	5.1365864449013
indian	4.938806152993006	5.071813337605969	5.1251264047438285
vine	5.1144161963672286	4.805037550351115	5.009036179156082
certain	5.004982409914816	5.056200382277801	5.207689141578451
sin	4.821885295552568	5.164745876191681	5.09080238062394
necessity	4.96103248170395	5.107006289279091	5.255364992756584
lose	4.9481184985594435	5.0928006540972115	5.066197994683661
private	5.06267959337626	5.095147268560087	5.293090092508316
gentleman	5.1134618847905475	5.001095288005496	5.129320820387215
daughter	5.009508082831199	5.1018373168415305	5.089880166762878
drive	4.803120732037075	5.134205537823941	4.968141730288239
strange	4.925425954065229	5.0889361311213746	4.977331882467441
journey	5.125014204482108	4.971374227038407	5.071234199289574
uncle	5.082553238155393	4.979600593616647	5.026523298488444
species	5.01362673182172	4.965569151882735	5.135157089412326
think	4.995336086472754	5.06843866661672	5.076725087703328
bed	4.965829182483506	4.866162648005215	4.817895275138833
wind	4.913635795517785	4.983467178958547	4.890969140486328
bless	5.054598922795617	5.002109579394834	5.0246047132079985
destroy	4.8378147817264825	5.133050109316145	5.114713586906629
author	5.181489195354102	5.0261075143609935	5.3048035082739124
sustain	5.005459932557991	5.084650742569657	5.254884605367975
black	4.924940276142579	4.9027558944494265	4.851201912445208
event	5.049356780937586	5.126369291864153	5.282559678112027
liberty	5.037257916290836	5.152137350943532	5.328003808667362
negro	4.900904260438615	5.005145712591486	4.982415385178263
little	5.073653832625196	4.9289750630456615	5.008640937656313
fortune	5.051559697051254	5.11529088348034	5.184035738048875
touch	5.015436873419463	5.0083004307796255	5.018159441434778
kill	4.7375566151016235	5.142276071721143	4.909517624197454
feature	5.077473106477401	4.979539238433852	5.098150122133939
happiness	5.08849522357058	5.103174360092083	5.2381902207763895
assume	5.039286017549035	5.062953759829558	5.210477658609809
notion	5.0314161397746355	5.021764850550336	5.154983285519016
purchase	5.133106183480147	4.909814967890675	5.165894747432086
faithful	5.101559931681492	5.103271484869682	5.247492033014327
soldier	4.880870089649957	5.211101364639928	5.105088790897184
father	4.9501543220850985	5.108009152920183	5.071276779941301
narrow	4.977476917072143	4.920231376438243	5.00726484698584
great	5.0803617447914355	5.038908292736582	5.243982678397311
tear	4.874368135175532	5.049894286636988	4.889693317149159
honorable	5.097041118205036	5.156195084711361	5.369957546506926
previous	5.065976259782729	5.005576544866185	5.2053334110525755
good	5.056448336886321	5.028971204230284	5.126124413240641
domestic	5.111804121649989	4.988037264200979	5.194455676422483
glory	5.139682818797916	5.04586952801939	5.202207939502155
lay	4.964391582732671	4.9359107152796895	4.96137998430852
occasion	5.03386599907534	5.093790627799221	5.212255950570937
guard	4.869355742937917	5.158546155772325	5.0933194214223825
whole	5.033636932990282	4.984817226387897	5.149628730340444
mouth	4.948150825819217	4.911748407205061	4.8542300017311275
receive	5.106250776684489	5.018104577709512	5.227250283931616
take	4.972148992894118	5.015815369721568	5.062428372177897
simple	5.13384346636428	4.925316660605264	5.146917194110165
error	4.934752687257723	5.133560987253935	5.256682657473296
wisdom	5.067848858214181	5.109402855636544	5.276029662033141
rock	4.947011433826715	4.921617914935146	4.910005784710267
decide	5.027177303989955	5.110018549741698	5.3030494948867055
exclaim	4.873945291672602	5.11046512262696	4.911027168813479
assure	5.035702877724058	5.106471774047586	5.171939427394236
sign	5.001999182705461	5.015864210966577	5.1180815613586645
preserve	5.091706504464974	4.9575720954366576	5.167750101650589
commerce	5.098056504636101	4.998669255974112	5.278587494051251
plant	5.087461987580036	4.819657160416764	5.003876770739896
walk	5.106919951491981	4.894341410659537	4.930355817947122
difference	5.0447562938600345	4.982507926373134	5.204858908660313
hang	4.9223965321641385	4.927809934979397	4.835809724148479
following	5.216725928317283	4.903667317920923	5.242753063177874
employ	5.092224000489777	4.952030784620563	5.198067538312241
