deal	5.031059206222584	5.001069960658232	5.0971528008507105
study	5.2474966271606975	4.903918281468066	5.228979914413737
afford	5.1524480102702785	4.938486478251601	5.204367464160469
service	5.167593732235489	5.012795912118392	5.277411981560612
height	5.067459200636933	4.863959276697954	5.033357932099835
prospect	5.14169722643316	4.980461759341016	5.157792704715507
pleasant	5.22312755402597	4.833121023516314	4.9685287441314605
shade	5.1241586193963435	4.8352520277147875	4.946841290190947
listen	5.0169701614256255	5.0523678570419674	5.027060842232397
mighty	5.00303331681673	5.02234562801075	5.077917015770808
country	5.102484736588263	5.010352776034472	5.26074221135135
title	5.198306231748741	4.9668191209377035	5.326475433869019
choose	5.129401641339816	4.9481038947071285	5.1953465767134865
village	5.133820598004063	4.89660813307508	5.063552492542809
acquire	5.191631232877442	4.968300451476178	5.285102390598882
rank	5.127677919822544	5.052787338573715	5.265214940369219
bow	5.059399197944993	4.952150844397283	4.983436065535195
doctor	4.99168591666473	4.975532372453373	4.991528251834621
talent	5.225661149479865	5.014720218012775	5.308074224485283
source	5.143209055564578	4.964350837122902	5.239935980871996
lead	5.040777553010141	5.018558310080988	5.139950804794406
question	5.031950549305742	5.034028046662462	5.245820443789889
publish	5.206267649075428	4.939780220305358	5.313025715238734
interest	5.1306586342435665	5.030275605592175	5.283787348768843
serve	5.043831073880056	4.9617769628305295	5.086937417042546
divine	5.1147768776606615	5.006987980283515	5.240624370310243
put	4.952411711239274	4.925347956224364	4.941241966502889
shadow	5.043548341442124	4.907467483448535	4.984807226885848
practical	5.148779682473723	4.973618769897406	5.307184587009192
surface	5.055086397957043	4.797424955834966	4.949953182131785
account	5.073098534960101	4.97844927148526	5.182490953140766
loss	4.933994411125396	5.083701816237238	5.124695201977306
indian	4.961191393762393	5.0238072588125275	5.106319713396226
vine	5.120653506238067	4.7875685812358535	4.997906553861804
certain	5.026304938946751	5.0174025278457055	5.1939404275202286
sin	4.8615627820149045	5.1163941113506395	5.09047807718263
necessity	4.984657837320313	5.069083004933589	5.245327073496712
lose	4.975232758850655	5.046802746454663	5.0536705845367385
private	5.085685216103545	5.050384989985843	5.272960836968511
gentleman	5.137135931867654	4.95151373630441	5.104397936350769
daughter	5.043903403569499	5.040016958607268	5.0729398869434865
drive	4.845231291661392	5.082617837457592	4.960558089326364
strange	4.957749100841078	5.030170045547144	4.961258919598797
journey	5.123054129105241	4.927988364885138	5.040347630884818
uncle	5.099903460708535	4.9289820701314255	5.0052926286138115
species	5.03368466514739	4.936988848528532	5.124750550723988
think	5.020397073920356	5.018246089475507	5.060291500388531
bed	4.9915807658006175	4.829115301678307	4.815331265340905
wind	4.9414821553471375	4.943966067131836	4.884929332706697
bless	5.079703456438456	4.959251999664038	5.016011220895032
destroy	4.874589989212959	5.091807501937317	5.111374951230698
author	5.186779262511887	4.985137697096593	5.272243737884127
sustain	5.030746775514838	5.047833555414183	5.246059269861543
black	4.96208686702584	4.859375753225719	4.8443887267230075
event	5.062671434203692	5.0757959802293815	5.25717797977596
liberty	5.064666612867879	5.109306858877964	5.313493238080566
negro	4.932675046825671	4.957708100805896	4.96860531688712
little	5.093112576762426	4.892077252437726	4.993177989203736
fortune	5.07793034432156	5.068181125747019	5.1647252870488645
touch	5.0415751841012835	4.96349645565459	5.007877843213512
kill	4.780331858496251	5.0827336615155	4.899384579220559
feature	5.1007074002617205	4.9327337467524295	5.0837674895865606
happiness	5.10772741926201	5.0621270948950725	5.223603250449443
assume	5.065003445459724	5.01846795755436	5.196807905710524
notion	5.056609557275559	4.980268886900004	5.137549141717624
purchase	5.141362318053751	4.881185587057616	5.144941210049992
faithful	5.121967656638205	5.054958236404278	5.228502789065786
soldier	4.924187283576805	5.149558133155746	5.090019274056155
father	4.984681418502524	5.04915445189512	5.061017928362393
narrow	4.998778426978897	4.889496443463856	4.9975920318464
great	5.0969202111478	5.0027654350009545	5.22591294645946
tear	4.913462951586753	4.999382207181495	4.889689017717299
honorable	5.120588733014715	5.1085428194048195	5.349386641556847
previous	5.074968947864459	4.96440546030813	5.182667913566692
good	5.0798424375004165	4.989898846343463	5.112471459437504
domestic	5.130548515352761	4.955665780008426	5.181035952176112
glory	5.157556209109835	5.00799956963414	5.184357917197402
lay	4.993061687079382	4.90192914411645	4.956911765933762
occasion	5.054459135274454	5.04824428590383	5.19336575089279
guard	4.910970060046306	5.10391201113708	5.082386071304861
whole	5.054486135259073	4.952010902308299	5.135561852301783
mouth	4.977087360323258	4.8706666786118475	4.846815440918617
receive	5.122241769805954	4.977643075792411	5.208621220002161
take	4.9982016962683735	4.973567842655345	5.0494581686270195
simple	5.149097685956158	4.894038588670119	5.133553018634862
error	4.95968238095613	5.090862963743422	5.242218241311668
wisdom	5.090166870118202	5.072041286079689	5.26478527993343
rock	4.968413995076432	4.885574178607314	4.9003972103092135
decide	5.0457103225937665	5.064530916893693	5.281256690078574
exclaim	4.917804968941661	5.045849009218436	4.900732358327308
assure	5.055838431651329	5.055454326314318	5.150683931340918
sign	5.0269592118243605	4.969805986634203	5.104622345432279
preserve	5.1091390448093215	4.929938978577115	5.158344551619179
commerce	5.110772793934384	4.971457331904687	5.259181450138348
plant	5.098203240412117	4.801624263068688	4.995754665289701
walk	5.121770984656066	4.85416728170633	4.913492559704323
difference	5.064099006984784	4.948683338437382	5.188064362972264
hang	4.96126835670042	4.8849779888993305	4.833215314347366
following	5.21162603753068	4.870342231186846	5.212315057096251
employ	5.10663411619221	4.923647543076905	5.179945131736121
