deal	5.022140134036358	5.005839269381428	5.090457720024472
study	5.243365362502036	4.902205363967407	5.224215818573966
afford	5.144115478628037	4.935004301274523	5.19040588642273
service	5.148352142223766	5.019679820916262	5.269078470007425
height	5.049147154861498	4.846948765650744	5.0174893038699135
prospect	5.1283427266500095	4.976618480368992	5.139322901746835
pleasant	5.210114117007014	4.836003107690952	4.959011970623937
shade	5.107931199636353	4.828574209924151	4.929949142955932
listen	5.01205099070307	5.058032256439182	5.021712252859931
mighty	4.983711678711559	5.016845401112243	5.057036749314166
country	5.084097650364631	5.007625932963768	5.243059195745278
title	5.192544125531285	4.970835808799866	5.328671117608669
choose	5.1130160304343475	4.953952379643951	5.1905112527190465
village	5.118321784626747	4.902901715814839	5.056456886633195
acquire	5.180014090466097	4.964321130328291	5.269619663707587
rank	5.103775399286627	5.049543789732891	5.252311454807456
bow	5.0417422218357855	4.951440867138887	4.972233429306937
doctor	4.992660820229341	4.9858360085751015	4.9930122027623876
talent	5.21301766083308	5.008839296141354	5.297414707148368
source	5.137508991191522	4.957190589907626	5.219439072587367
lead	5.028503282558873	5.018761281553189	5.126597847596321
question	5.034420615537744	5.037854269952141	5.247397069591742
publish	5.207126507784855	4.939405474503974	5.319875713431148
interest	5.1181581368234	5.028385073568733	5.2713566630154896
serve	5.026672538195707	4.9641288878014125	5.075322369581612
divine	5.105501754402183	5.002968442934558	5.221470617721777
put	4.941653104741066	4.929309299608327	4.9359017396172
shadow	5.033079593535904	4.902840962263702	4.970074287348945
practical	5.144395318573882	4.96751865339063	5.299576571637857
surface	5.042145133406304	4.7823475967257	4.932673703767207
account	5.070306297253482	4.979483033968631	5.178656301420446
loss	4.917943185861709	5.086890893974443	5.104068881599867
indian	4.949032708275646	5.03192841157452	5.098557571350277
vine	5.1018401360789865	4.776579250212854	4.981895079428788
certain	5.01869697300988	5.017413351022916	5.181086857419288
sin	4.845988511261059	5.120942243771282	5.067304331145091
necessity	4.9755748869808825	5.06700317456001	5.230318974998126
lose	4.961249953746171	5.049867065604598	5.034352869089233
private	5.073855652371868	5.054501699280719	5.2663077572895824
gentleman	5.130823186575543	4.9608592244620215	5.111318746845108
daughter	5.026784913220193	5.0552139702892	5.063345018529421
drive	4.826203571810573	5.0855524747058665	4.942105840809166
strange	4.950749830522202	5.037689380917055	4.951040894215773
journey	5.115579794847303	4.931924463358819	5.032530264219715
uncle	5.095472953085323	4.9460447584809195	5.006406758588439
species	5.019912179091086	4.9280024148870645	5.106090320013894
think	5.013589301361535	5.0281422730248595	5.053507882205703
bed	4.981344311718107	4.832504255554917	4.805070577704188
wind	4.92500950985938	4.937492823739579	4.866990541823259
bless	5.0606596529354535	4.968457883227212	4.9984365304598235
destroy	4.852638929396287	5.090069364674906	5.083946193077494
author	5.185035043469842	4.982758477238253	5.270622803188169
sustain	5.012944427702452	5.039166516963751	5.224398729780197
black	4.949168786411685	4.8579235888594745	4.839231374018701
event	5.053825723441917	5.072666718786638	5.243296591689942
liberty	5.041860477920379	5.107284846103508	5.295471345447079
negro	4.923199969729771	4.969940742747728	4.965058179793851
little	5.082150273843118	4.897338477938265	4.985904599365095
fortune	5.056790847910266	5.0722986312844895	5.145691166497905
touch	5.033087064827632	4.963882332400535	4.996637798186477
kill	4.758388446223834	5.09793409213791	4.886592328367482
feature	5.09237645444305	4.925858714141074	5.071824794890832
happiness	5.089891028177344	5.061568509893792	5.200063774988208
assume	5.057058500074798	5.0159658784088075	5.187544507716423
notion	5.053662510688643	4.985412420988083	5.137505282500663
purchase	5.130778990187134	4.889787165995295	5.136363353514345
faithful	5.10636029545703	5.0635833549153615	5.217705332678943
soldier	4.898512700173216	5.15572838985747	5.079850267529538
father	4.970524578533093	5.06560745781371	5.047643897860423
narrow	4.985633887089878	4.882254158408722	4.98130866335438
great	5.085181700664729	4.996500657691562	5.210019368111926
tear	4.895598279566067	5.003419148052384	4.86817115213602
honorable	5.103981963937365	5.112989745048488	5.340420650443429
previous	5.0716801523646975	4.964052527919714	5.176095563484255
good	5.0671427042914035	4.999521196360842	5.103385695288237
domestic	5.115154448093272	4.95601255707819	5.166096754824841
glory	5.1332429677010625	4.999235631934395	5.160534187286194
lay	4.978032158083047	4.901153805602393	4.942748348890345
occasion	5.046479519574209	5.04708587320718	5.185764598977472
guard	4.890863411621278	5.111507720694987	5.073896156969319
whole	5.042376946545976	4.9452495513351815	5.122834317598449
mouth	4.969713007546113	4.868608301418003	4.84061768391942
receive	5.113036387119447	4.983448576157484	5.199704839127731
take	4.9902094300576545	4.9816759413844665	5.043531674510651
simple	5.14147700918978	4.8918538608696895	5.123659250982089
error	4.953847355763118	5.087794423410924	5.229906874701569
wisdom	5.075486520649468	5.0683201773694515	5.245058639822814
rock	4.952180112806816	4.878184324408311	4.884422602470189
decide	5.043420060445961	5.066224479764736	5.281403208428411
exclaim	4.909377613919271	5.057099781246342	4.8940582386486735
assure	5.049676491165582	5.063227761994195	5.144197988863898
sign	5.025212101938104	4.974762966149812	5.100790490078979
preserve	5.091279679892981	4.923738249361688	5.138351356456043
commerce	5.097892765343055	4.963563763753011	5.245492340031425
plant	5.07769300649792	4.792562921733497	4.976777993732236
walk	5.1126615560804645	4.85789450400099	4.909141381265503
difference	5.054675484859681	4.947503691649952	5.179764641147531
hang	4.9444706825839555	4.886573358141653	4.822522746773765
following	5.213455060521721	4.870407587581458	5.217161145182634
employ	5.097701569749515	4.919602810161391	5.171267051407781
