deal	5.0546586601944465	5.013756418647934	5.125107827927878
study	5.284016830238543	4.915672626155719	5.2618611903606105
afford	5.194377899013739	4.946490305095079	5.235800167990424
service	5.195443092825954	5.022777919561714	5.303629076206718
height	5.081744253515196	4.869392386123389	5.05457881964626
prospect	5.172891212606918	4.9884272914022745	5.182911946576476
pleasant	5.249364903986543	4.834949447006879	4.993821427934483
shade	5.1382373058981	4.842999839499228	4.9680171989655415
listen	5.030901793966627	5.074865724510891	5.0548336444678466
mighty	5.018179199476665	5.030777854990732	5.095675672407033
country	5.133575783448198	5.018544754580088	5.28306453738178
title	5.226901167995424	4.983791276829803	5.355991677476445
choose	5.150667090187093	4.960022358609022	5.219553988777946
village	5.169054484724681	4.90510500677349	5.099781582223105
acquire	5.22600801150611	4.977188353614109	5.311380465660264
rank	5.138450106981792	5.06414243365612	5.287592020460869
bow	5.060655355557862	4.9641138166531675	5.001869047578658
doctor	5.021417106159728	4.992895119780454	5.026722706689928
talent	5.245816408622672	5.02636416490533	5.334806651603362
source	5.183870129056745	4.97500380653083	5.266834377005477
lead	5.071239530159172	5.0341438321503835	5.170640898692607
question	5.0663844150563735	5.057605964926513	5.278816976250246
publish	5.246656896398442	4.956561259122837	5.350191022286426
interest	5.159814051131083	5.043585995622613	5.306224265675125
serve	5.068240923401734	4.9704839480200596	5.113351020213482
divine	5.137495259752406	5.024015919304715	5.260479026351181
put	4.975945323766214	4.9348268381317375	4.971925693804389
shadow	5.056393698550521	4.924818906572051	5.007346374607952
practical	5.186009686066463	4.987538646367414	5.337389042646885
surface	5.078902997011479	4.802393123419964	4.974055558506928
account	5.112323750037135	4.9931086718704085	5.2182971013009825
loss	4.963463397276748	5.095483103165659	5.148367638350891
indian	4.9943943559605914	5.042538941381242	5.147563512355768
vine	5.148376770271584	4.786877903404801	5.0215744264783115
certain	5.058969170624844	5.035270425110942	5.223929722400903
sin	4.8779201210243235	5.13695104720526	5.109062241923088
necessity	5.021567597477238	5.085580306304606	5.272520739412811
lose	4.997489805176695	5.059043993495688	5.076396929694679
private	5.116985016888165	5.066168863353904	5.2985523558636265
gentleman	5.160266679521186	4.966958091857637	5.140458860182655
daughter	5.058963652956846	5.0580075548447825	5.0937464373828165
drive	4.865139066229801	5.094202667458292	4.987082954724501
strange	4.974831577987889	5.052405332933029	4.990128896837425
journey	5.1660929534991125	4.936633203086518	5.078123848305436
uncle	5.125218370929833	4.943809053532343	5.035483006135501
species	5.067536823986683	4.941599321156056	5.14853279634625
think	5.0405394092193365	5.037749073259192	5.087201762879026
bed	5.018014434269898	4.836960234521214	4.8410086331634865
wind	4.957785472299101	4.952048564937598	4.908318597769296
bless	5.095713413904862	4.966191691217925	5.030251340399988
destroy	4.90058333029761	5.102086081709816	5.132765990434502
author	5.218010185557473	5.003093081416305	5.307266703804673
sustain	5.05389959974458	5.059985988450621	5.265123635179623
black	4.9696221050709966	4.872800524965456	4.876548476088231
event	5.095924519960936	5.09576564398264	5.287036655407489
liberty	5.084672688378432	5.120585112831471	5.330180890569532
negro	4.970260512526675	4.971418380587948	5.012881464449655
little	5.118571416948773	4.902144664972803	5.022724384661669
fortune	5.101567210445374	5.075874851682486	5.186273729519899
touch	5.053920395553929	4.981197717297833	5.031495950010696
kill	4.799091867695663	5.099143962479138	4.934042791970664
feature	5.106792033094615	4.95675945711313	5.107784301127672
happiness	5.134188384710892	5.07328388685315	5.240751592378594
assume	5.080736344610784	5.039710792684112	5.223090002424271
notion	5.078253627820198	5.000568080616064	5.168674361143718
purchase	5.190053881536999	4.881850775469684	5.172827042630074
faithful	5.1440563503040515	5.073207997267002	5.253257449463545
soldier	4.934940017983549	5.16458735976979	5.1186186090281725
father	5.004066418108257	5.069635954870286	5.084201159609973
narrow	5.027801157902694	4.900754483336289	5.0248689558773325
great	5.125981670393696	5.012532748519298	5.250520774125395
tear	4.922678854479549	5.012818523031015	4.904680822697201
honorable	5.141803740614344	5.125088371162579	5.3736982099810575
previous	5.114655912514628	4.982159385279696	5.219361686729987
good	5.105689411969742	5.000338451496776	5.140268828591778
domestic	5.164023464909166	4.960923938867651	5.203748096359865
glory	5.1650825830943745	5.012181274777725	5.195356454160348
lay	5.013852236392611	4.9107428162284	4.980541365316732
occasion	5.084835604191099	5.064072120877798	5.225969196694005
guard	4.931817666241292	5.122023639863342	5.112178048215053
whole	5.0825958914196345	4.961520873284244	5.1623774220205885
mouth	4.991140567531287	4.884363631521663	4.879955975645498
receive	5.156576384791107	4.990402808792264	5.237576677208867
take	5.028638794046756	4.988449018272379	5.082418383150605
simple	5.173690425223593	4.908496762919845	5.159741805675538
error	4.986797907343595	5.113917898946591	5.269075514038156
wisdom	5.10738001088356	5.087854810275045	5.284427394285641
rock	4.989048799537097	4.893622871331525	4.926461045377489
decide	5.073414662488784	5.089709203874018	5.313451938685781
exclaim	4.928354086417586	5.066792592662147	4.930675327723289
assure	5.080915844553584	5.075348648328443	5.1807694283893175
sign	5.052673811164081	4.992047401045313	5.136311281303651
preserve	5.1346608643887715	4.937702173149718	5.181132966855439
commerce	5.153583331597645	4.972863385846116	5.282973830191849
plant	5.125629342489183	4.801449857901226	5.0200371648984605
walk	5.1430355113123865	4.863463487915344	4.942146771670595
difference	5.092681035943228	4.962419156344356	5.215814951805845
hang	4.964873992895989	4.897902158535687	4.854612317637403
following	5.252092455862052	4.8863438208163235	5.251839078831769
employ	5.146129345434285	4.930962993520305	5.212234608454864
