deal	5.030654594633325	4.998593182985615	5.085030929582492
study	5.255892001944128	4.9022272069943025	5.2240319347243265
afford	5.153246505995265	4.9398980006808735	5.194142095161431
service	5.158584266956943	5.016264381677745	5.2672751073384845
height	5.0474866656776	4.856059059954304	5.0185343764242605
prospect	5.1309283214759125	4.982713409413104	5.141064394763873
pleasant	5.217298373215416	4.825876292329538	4.951460703892819
shade	5.110399164980288	4.82924462789979	4.9263625681491305
listen	5.01305287016984	5.058525070985024	5.021532203901542
mighty	4.985572691897609	5.021141759880577	5.061208252459926
country	5.092766026913598	5.0136864674634625	5.249676632365988
title	5.194994307683912	4.978112795783126	5.325693668389523
choose	5.121332594742015	4.945964747761856	5.185883460782163
village	5.124965580514357	4.8940763670560665	5.052642818750299
acquire	5.191236030879094	4.9704968250078645	5.279049780627436
rank	5.109584370200443	5.058901200815429	5.257845063606764
bow	5.042297843242942	4.950563460191879	4.969033725205744
doctor	4.998656342144271	4.974208292761132	4.982519564169246
talent	5.2222085305813675	5.018685861688924	5.303745062624379
source	5.147476516468018	4.971264593478595	5.232612121244968
lead	5.037590905878113	5.023070053047806	5.133992728107766
question	5.040665518776169	5.042059278128067	5.245314996028993
publish	5.208596505910073	4.941582699167457	5.310999822481742
interest	5.1268768591172265	5.03788378527514	5.275591117338997
serve	5.040243642694984	4.95928865066228	5.076471142183346
divine	5.115200300454696	5.017106324815126	5.232508765253577
put	4.953235566392054	4.914029647351196	4.929150162371848
shadow	5.032055078342243	4.907594696530133	4.968178894687248
practical	5.157985865406395	4.974187906909924	5.306644568685078
surface	5.047745732354416	4.782726211077409	4.93049538518877
account	5.0766112075163745	4.981418210209074	5.176151006545015
loss	4.925378123166187	5.091562278502378	5.1114438536931655
indian	4.9594932576399815	5.027736474486828	5.105838750949987
vine	5.116660570467918	4.7668288618917085	4.978626438800544
certain	5.027362284562365	5.0254570979863775	5.188044798010679
sin	4.85954142508658	5.125437888834451	5.078426693944717
necessity	4.987002472778884	5.076974926152616	5.241094020097239
lose	4.967163059551117	5.051486139356072	5.040686148557331
private	5.08071550434112	5.058424717333519	5.264942404052649
gentleman	5.133819671852151	4.95308485135579	5.09676075101517
daughter	5.029769839504213	5.05349938398457	5.058306404782087
drive	4.833225021050801	5.081002232881567	4.949954971455485
strange	4.950792059764652	5.0401393878160405	4.950549452980222
journey	5.119490002845567	4.925917608584867	5.031409292542506
uncle	5.098728911656358	4.928357167110996	4.9897648141802975
species	5.029479089868357	4.932853252420753	5.112845955904203
think	5.021480703629995	5.023040737817267	5.0500211426716275
bed	4.987873524257194	4.818811128087222	4.796426041429224
wind	4.9292576201335345	4.93327335411362	4.86958043973667
bless	5.074072142837419	4.958059251188356	4.996692392496422
destroy	4.86277760207882	5.09497083000657	5.0971527475904175
author	5.191789469955068	4.992397695566276	5.272073033457023
sustain	5.016635721363306	5.051664656313758	5.232157434391604
black	4.945624759934185	4.850842508926915	4.828947780485494
event	5.056107756613484	5.087875163070591	5.249585402273907
liberty	5.053881727744619	5.115944564461485	5.304448231626838
negro	4.933970555164915	4.953954904388908	4.960808944357235
little	5.090411899323556	4.888702090704792	4.979799926094337
fortune	5.063250808207189	5.076154404178458	5.149556731299684
touch	5.0376854139752005	4.967165971413835	4.996596258514216
kill	4.782776921835902	5.078135553432372	4.8963618138684115
feature	5.081687098241394	4.943256384945467	5.067204014968272
happiness	5.10533369858431	5.073759577592183	5.210741304571879
assume	5.052628816104491	5.027994960997113	5.187474015956195
notion	5.063212747075889	4.981623705506954	5.131994206435366
purchase	5.140217282332418	4.878706709599727	5.130593691717805
faithful	5.115208564779694	5.065205503192068	5.219159639328507
soldier	4.909883299796424	5.150527168678907	5.086873552735566
father	4.976039634608573	5.061341955611621	5.046504103042166
narrow	4.988151885600108	4.886452362270158	4.982356426372905
great	5.0910390807599635	5.005929884979636	5.216361976242017
tear	4.901466507609647	4.999507403221932	4.869627808394839
honorable	5.111090377229286	5.120389459304291	5.342469267975743
previous	5.0728033166073505	4.966728148330099	5.173549570230158
good	5.08265569879849	4.989916029641154	5.102613664555452
domestic	5.1285757727205326	4.95666153924964	5.167055903157609
glory	5.135432119444909	5.009125835796494	5.167941089699006
lay	4.980651511633366	4.895182981530045	4.938386708652426
occasion	5.054093761262806	5.052278548940362	5.1884402781901535
guard	4.901201331843859	5.1064744294861875	5.077958317200584
whole	5.045443219895791	4.950791372682307	5.122554146068547
mouth	4.9677582118258785	4.862147741274885	4.834741400943526
receive	5.1179972773197	4.983948544311317	5.1985851201871345
take	4.997652505259045	4.972430287118247	5.039201986046366
simple	5.149775353721591	4.896039265065407	5.123143375337245
error	4.959908494007951	5.101527414693906	5.238765203211947
wisdom	5.084701755094948	5.082042310550654	5.258788115616318
rock	4.954590006377909	4.876111753907653	4.884971047901507
decide	5.047517857741456	5.072207751306545	5.2807620950941345
exclaim	4.913210026825096	5.049956180845419	4.892768202238116
assure	5.056525890400905	5.064018294867397	5.145240027852979
sign	5.025258179640717	4.977083141447851	5.097546423861345
preserve	5.100699591914276	4.928885270455026	5.142481567205122
commerce	5.1075055978138675	4.968910715031054	5.252109634581288
plant	5.094325586445755	4.783497991888682	4.976920189485701
walk	5.115750210819123	4.846709755732588	4.900676680250529
difference	5.06749265061313	4.951462905401038	5.182084644749182
hang	4.944223669142905	4.877603620265399	4.813499509872748
following	5.218072360016438	4.867236433087426	5.206095065517575
employ	5.106291848289895	4.918655337445976	5.172870837412688
