deal	5.030288516632419	5.007578792196805	5.106419890786418
study	5.256530960334733	4.9093463324412525	5.243218393431032
afford	5.160570286445582	4.950018233162593	5.219628630483592
service	5.167376384933027	5.021467463905206	5.28693344259152
height	5.062803645809697	4.867888231786472	5.041128354799877
prospect	5.148179611099131	4.9961384039393195	5.172632327724667
pleasant	5.227970864955925	4.841559104559066	4.980818699517644
shade	5.122792868791427	4.842460299050272	4.951613394525132
listen	5.019546535255838	5.075952595445553	5.044908220091643
mighty	5.002065438979682	5.033001345688035	5.081830796718264
country	5.10296930642066	5.016236995811783	5.267821755139709
title	5.200823754850424	4.9710981108262855	5.338498556544455
choose	5.125373344352268	4.959730398867184	5.20988066005965
village	5.135233063318409	4.9130596850561865	5.07846310032114
acquire	5.195365545694204	4.972267489491615	5.293833908950112
rank	5.115895682678095	5.058786424090243	5.269136790908473
bow	5.048828868045313	4.963744041814084	4.98993004575047
doctor	4.992892309594605	4.988398523430384	5.005812975220308
talent	5.223754777301477	5.020361145678102	5.315636577300911
source	5.1554283726723575	4.974967729262864	5.253646780315119
lead	5.044229313374506	5.034994168046376	5.156572737078068
question	5.037487908543249	5.048009566729247	5.26299362368861
publish	5.21596817855322	4.946570703099113	5.329125526301814
interest	5.131498657221739	5.043266355329865	5.296857539499413
serve	5.041534409878986	4.967724824281994	5.096763085657345
divine	5.122960045964113	5.018260390243185	5.250556298238749
put	4.945180454079258	4.9309831792974235	4.952407248636069
shadow	5.043750686907799	4.922031847675934	4.994588916943202
practical	5.155383389527908	4.978673220048283	5.318472531723545
surface	5.051272194722109	4.800046587201034	4.954049509414869
account	5.079975683671008	4.9891653118329256	5.198482631210341
loss	4.938733738711203	5.097736986764116	5.137063751338188
indian	4.961785628493939	5.0372885174303725	5.118847707482758
vine	5.121622933762762	4.785246957826542	5.003334669619471
certain	5.028203893063851	5.030152153396009	5.207230147092601
sin	4.866250395091018	5.1302251447886285	5.098848990046265
necessity	4.988717211478966	5.083196435493636	5.258498122064943
lose	4.978533704883407	5.061113673674185	5.067540189647296
private	5.085258391153724	5.068173317744246	5.289284078563145
gentleman	5.128291928364654	4.9647059485356495	5.119103515714086
daughter	5.043073869826722	5.055377211712248	5.086329021163471
drive	4.839746196673031	5.098476173760109	4.972228995737604
strange	4.957475845409517	5.048694252300344	4.974489957222714
journey	5.137442690092407	4.945512016836259	5.061275111620561
uncle	5.10165047323398	4.945180111735953	5.022509702295282
species	5.030917636404148	4.941353806707261	5.132405815003877
think	5.02435745732274	5.032176038692218	5.075941806828886
bed	4.990842695335972	4.842822497825716	4.8254114073348955
wind	4.9381058461232	4.954099157814671	4.891524104567846
bless	5.083385024302663	4.968290097807867	5.023688009837841
destroy	4.87657063319308	5.099818850532573	5.117192619235356
author	5.195532535686848	4.989658752741097	5.285836646666068
sustain	5.031002354031816	5.058092599157847	5.2536875526323765
black	4.9466874482233	4.861177685147531	4.846698623053848
event	5.070031142142151	5.093795000469262	5.271574400572388
liberty	5.064666487950456	5.116003716948826	5.320262127752605
negro	4.929306646562448	4.969651440627526	4.979865367572439
little	5.092354989813046	4.900956050649412	5.006027128141262
fortune	5.077958313748569	5.077576361992746	5.1747424508555815
touch	5.039516528327746	4.977122937377112	5.018009185538446
kill	4.777160466178048	5.09309194647007	4.907574384684241
feature	5.0935359159689515	4.947216130194439	5.092229292654739
happiness	5.112451894421928	5.07668996287907	5.236082001978923
assume	5.060061470168415	5.032209828774217	5.208370379255405
notion	5.053538728286748	4.98647124983843	5.149011687653752
purchase	5.148026926152305	4.887893715200596	5.161256786147997
faithful	5.128276294770504	5.070111614846517	5.242323683126965
soldier	4.91647871541511	5.162801702514396	5.099568792312124
father	4.987957365439245	5.06782578179687	5.072753687106992
narrow	4.995544789682347	4.903170069960892	5.008616758972867
great	5.099900218597369	5.009986421191024	5.234896530731641
tear	4.9095954719317865	5.01255540172117	4.894363961560509
honorable	5.1190116436754405	5.119331028139791	5.357714375912087
previous	5.083255874798299	4.981202957780222	5.201369683197314
good	5.0820942824273425	4.995391920360501	5.1238643850533245
domestic	5.130563908347067	4.962103478176038	5.191472282999401
glory	5.158667042405408	5.011443805958582	5.188434048464389
lay	4.99187462932254	4.911151255206963	4.9657406330419205
occasion	5.056003461374533	5.0641613838358275	5.208851745418665
guard	4.9091523335211935	5.12244782874032	5.099282426297478
whole	5.052690429063433	4.961306567515617	5.145665850711646
mouth	4.966964857630923	4.879769158432343	4.852540918777169
receive	5.125132675768866	4.991944473977256	5.224099084119229
take	4.998910889173439	4.9864616233968375	5.065491538166454
simple	5.149939508963042	4.902246721063628	5.143768767222945
error	4.966914128081504	5.100981025181494	5.254474783697721
wisdom	5.094141295775908	5.081257676372502	5.272842147762205
rock	4.966184442364333	4.896907078133926	4.906012737038199
decide	5.047932622997188	5.081228595710757	5.298711913818004
exclaim	4.911161764078191	5.066443277092542	4.912751964625345
assure	5.06098681405343	5.074882575693081	5.16989539543198
sign	5.026735402740703	4.988142198044652	5.119858045749066
preserve	5.109773549736098	4.93318804853816	5.163743536300845
commerce	5.1122967442734115	4.9737339270356085	5.270064376329297
plant	5.098097691343469	4.798601292119472	4.998004203499755
walk	5.122323481094304	4.86919353165265	4.929036387929756
difference	5.06139507672351	4.953808987810594	5.198136489502038
hang	4.949806917598743	4.893565811356201	4.837704926490478
following	5.2219523816449644	4.881996529009471	5.230350933851503
employ	5.107885987417782	4.929612059707412	5.192792010136671
