deal	5.048706308843878	5.005821084170129	5.112876337669524
study	5.281617388372963	4.903301146510531	5.247259728829682
afford	5.183595624134188	4.940844946583861	5.217327637143696
service	5.183419182031748	5.0128166303852515	5.293352300783622
height	5.0816670659595164	4.869012532117164	5.0365221556292825
prospect	5.160936265011827	4.993569666456715	5.170330480591905
pleasant	5.238079085666337	4.841026353009779	4.981938069974396
shade	5.132720539514358	4.850135771696304	4.950424031892756
listen	5.0225031235908855	5.076528609284128	5.045123326193223
mighty	5.008734734877909	5.036431359986746	5.085437804620001
country	5.1220466889814835	5.013302676963592	5.267916537913517
title	5.222839959309692	4.965421819130573	5.341551239359867
choose	5.147963441973025	4.94694162641551	5.208160086188467
village	5.146896438224837	4.90584999447879	5.0783461061420505
acquire	5.2203685791847585	4.963568159272228	5.29449435158089
rank	5.134318784968669	5.054239828027957	5.274027145515969
bow	5.05773310930699	4.966366330346243	4.994496472477716
doctor	5.013419398362428	4.9830928162246355	5.0165381306216155
talent	5.247564821388342	5.0093770210472846	5.318361381524748
source	5.177048945471324	4.9735546672383695	5.250436065797841
lead	5.055505486358282	5.032743039486906	5.151428720395843
question	5.063313432843465	5.043188574036845	5.265357166162372
publish	5.244845312517604	4.937548689161776	5.332349337129269
interest	5.153971909021843	5.036918647905711	5.295553320722291
serve	5.059956437450318	4.963231033510985	5.0979254044073885
divine	5.137507530084191	5.022546923533495	5.252540617630303
put	4.971718250012589	4.925193368510644	4.955087290150786
shadow	5.053482071837369	4.930548021636349	4.992612548782282
practical	5.187892174803673	4.971347933013274	5.3220844161390275
surface	5.078744840293205	4.803653485788446	4.953002588653913
account	5.105719535936155	4.981960101725232	5.199048948085644
loss	4.95121013039472	5.092977497392331	5.1324586930272895
indian	4.975980991949323	5.0334243732976525	5.117636879042973
vine	5.14493859946246	4.784264276844237	4.998412875841479
certain	5.05378617488543	5.024397355722794	5.206368182102726
sin	4.866979509896178	5.137663244940292	5.097750667904001
necessity	5.012791669401876	5.075885752792869	5.257184099336969
lose	4.9868762795743145	5.060967793429979	5.062641766926987
private	5.1058587532177935	5.057046794798867	5.290183419516044
gentleman	5.151565043969212	4.953611954626179	5.128507827095913
daughter	5.038050043761902	5.05769736342734	5.084163745223027
drive	4.844793749744346	5.099433898471927	4.969172310783935
strange	4.962264301195562	5.0556910606019265	4.974864970138701
journey	5.143068343804094	4.941001895676204	5.058077407257544
uncle	5.114994316786311	4.937912127466917	5.026623122011624
species	5.064246615791635	4.935234199219402	5.130755665749411
think	5.03518013927588	5.03191565126486	5.076447709932104
bed	4.999995333646894	4.8437670213236625	4.825370389335248
wind	4.9466850147032435	4.960678808735335	4.8901998966959885
bless	5.086091036991708	4.974552653804012	5.027867251377414
destroy	4.884570243670143	5.098537294293575	5.1105142685440335
author	5.217519153271543	4.987134495877063	5.287257984957611
sustain	5.049159558225982	5.053349452735104	5.2493567909973065
black	4.967235806841441	4.867936772211439	4.855383603964695
event	5.086686363494918	5.089826167283749	5.26842168448757
liberty	5.0776384714968845	5.1130591946234665	5.318913024129626
negro	4.946996930237539	4.9624468396829355	4.98742667120604
little	5.108198880545206	4.896785615438338	5.005749852653143
fortune	5.082739054601897	5.07489315221636	5.172376885614823
touch	5.052476651574452	4.980880944068358	5.019086791483703
kill	4.780516509879432	5.093350599607027	4.9068392308144055
feature	5.108303543164098	4.9536210342094895	5.092528240389147
happiness	5.123495738161598	5.076329344960188	5.232035429011677
assume	5.082363049311146	5.0282250257757015	5.208912640511525
notion	5.082507230053139	4.9830228235267695	5.1555798343833645
purchase	5.168065180981709	4.878712911386067	5.160364436269268
faithful	5.128938112298336	5.069382513654915	5.241609257476673
soldier	4.918153768851328	5.160601934976617	5.102568794775249
father	4.982839931577142	5.070995195832968	5.073356638450335
narrow	5.009817392930455	4.903799191710978	5.004299582857064
great	5.121719495568131	5.0066900865081765	5.235949845896005
tear	4.91195013778424	5.023093554790449	4.895338586961129
honorable	5.134213731127064	5.111736289502494	5.360963687360009
previous	5.108001146138781	4.971396367664392	5.198671940396562
good	5.09656788362561	4.991843857073935	5.127212182929532
domestic	5.152014845842413	4.956637790364487	5.189933203244982
glory	5.165205200243948	5.0173204562948746	5.189559782384533
lay	5.000164275562127	4.915323970036971	4.9627433875351405
occasion	5.077725454154478	5.055887444596234	5.210207832696054
guard	4.909117716456137	5.122099988864385	5.095534849272116
whole	5.077511890249965	4.956634023650066	5.146016086417382
mouth	4.985591759046616	4.8831655194243595	4.859702097447924
receive	5.148342978289152	4.983069541518034	5.225309151052036
take	5.018507516296821	4.982079573796322	5.066381653704171
simple	5.172895930928718	4.899952281824719	5.144938283903778
error	4.986038397205971	5.100624694575228	5.250357174193468
wisdom	5.105174127435411	5.081026951539	5.272743267194569
rock	4.973400483584902	4.903432847051763	4.904432870989589
decide	5.0736650728028	5.072015487482844	5.29803510085385
exclaim	4.916616780971454	5.070292198033464	4.919877652360047
assure	5.072298505899743	5.069552679438024	5.16861057305108
sign	5.050425035006864	4.985111768075165	5.125391507608668
preserve	5.131958984734576	4.930604984653846	5.162188431173326
commerce	5.141366251538288	4.971413757556715	5.270114464746799
plant	5.119018538135466	4.79894392041969	4.994650701494244
walk	5.1311479095283365	4.8662867023739125	4.9294581550897
difference	5.0953039254116765	4.949530197368319	5.200663285780119
hang	4.958429531851355	4.90055859210438	4.839265374306954
following	5.253470409131923	4.8729366186102	5.232605097402436
employ	5.138219521022442	4.918964645527825	5.1941718231015255
