deal	5.042140793861533	4.999266634476478	5.108035150786383
study	5.262540608482645	4.903139564138102	5.24635396435045
afford	5.174724236176204	4.9359775766585985	5.220749558007324
service	5.185454374705531	5.007732564438451	5.2963611636566466
height	5.064459117822035	4.851333796259026	5.032246180004815
prospect	5.152218958633147	4.981953151130451	5.162272103451147
pleasant	5.226780724288907	4.836695441352854	4.971021535775888
shade	5.117813646217101	4.83236979260377	4.940797932613515
listen	5.005752881298111	5.0669942668520935	5.0299367016479515
mighty	5.004804336239335	5.011186525395064	5.072352899543407
country	5.120596049520105	4.997415267075981	5.270549200955157
title	5.223559985843915	4.955390943384803	5.35352794369472
choose	5.143523770340008	4.942295241945242	5.214310812596989
village	5.150240346665685	4.889740048748981	5.074913672538028
acquire	5.213006326184922	4.960413557980477	5.301850300953802
rank	5.130138791262077	5.0432453658175325	5.274383861801761
bow	5.049188003678381	4.951116469971839	4.980374026268725
doctor	4.997084574466396	4.9901459257524605	5.00498911995761
talent	5.235828630099482	5.009594032936573	5.323710663273848
source	5.163958059143598	4.9605958217674955	5.251982021717454
lead	5.048090994555253	5.019374896732722	5.147569875557594
question	5.050997089194338	5.038484994909856	5.267336108695747
publish	5.227945141448786	4.930896218562656	5.3383032402644055
interest	5.143623411121541	5.030852739331167	5.298545832801218
serve	5.053941436797885	4.958695472711171	5.097672642625642
divine	5.1211857663623	5.007144717562352	5.245977124294913
put	4.960264253821138	4.923562145527304	4.950495074762764
shadow	5.0378619709206065	4.9095258038162815	4.980524155946576
practical	5.168723127810342	4.968085298013165	5.325354575506369
surface	5.060538467905843	4.7873653426779255	4.947385789211162
account	5.093929735805799	4.977820584265771	5.201154265335679
loss	4.946620070909818	5.087159391675504	5.134067617556043
indian	4.984559456469085	5.012535798502231	5.121289221840127
vine	5.131176726223841	4.770848543042708	4.998894136871972
certain	5.042085878542089	5.0195697310852685	5.20927697881715
sin	4.860576026700471	5.118831162747452	5.090503205295312
necessity	5.002477444007432	5.069633876473632	5.26014354772384
lose	4.978931958579129	5.0513237127652815	5.057526634099965
private	5.099513694737346	5.054830011560367	5.293428184068756
gentleman	5.1453181854072065	4.959677754425017	5.124935099689808
daughter	5.041801844172008	5.051189809640852	5.082593120989472
drive	4.843931602987972	5.079549044187247	4.957365641231775
strange	4.9492573815656975	5.045909877392937	4.962642245358465
journey	5.13915825635453	4.928934601680831	5.049484790990922
uncle	5.1140014230693325	4.938822036018179	5.02223992715732
species	5.051076763798717	4.924768799864369	5.135125342260239
think	5.0246614628689885	5.029330332867544	5.070201706496679
bed	4.994733345266873	4.834446668969144	4.815900757941846
wind	4.932937829776197	4.938861574868341	4.87393363011213
bless	5.0829265569702	4.959371227808872	5.0171596230198015
destroy	4.8846592591749864	5.080339387895137	5.112603337890645
author	5.199801851798487	4.980358438060746	5.290111812084078
sustain	5.038299621287318	5.041572135095185	5.250978327984601
black	4.956614074187795	4.850771907925181	4.843190520196737
event	5.071505010724907	5.080862714771406	5.265307732696992
liberty	5.073591126383961	5.096938141942281	5.319976933380567
negro	4.951569270965084	4.952171210120986	4.983509742816487
little	5.10102846904714	4.895491369737094	5.002487376977001
fortune	5.086560272060035	5.068578839559968	5.172478542979756
touch	5.035633589217173	4.971810423719579	5.009643367357807
kill	4.789127402036794	5.076790774331887	4.9034744868198485
feature	5.09025034953283	4.942620674846368	5.084847934772159
happiness	5.115919120918191	5.0682850039105425	5.230878292736684
assume	5.068049505128221	5.023661617133656	5.20764270072823
notion	5.0683062694585725	4.980962263832264	5.152921788569855
purchase	5.17943518064639	4.872199972522142	5.17097495948733
faithful	5.127901603570399	5.05753968894261	5.239158152520248
soldier	4.919053244790001	5.144303961261495	5.092338312426088
father	4.989661229371509	5.059225025231549	5.068721053673604
narrow	5.003932484189842	4.88687642917429	4.999947467457958
great	5.112324483309857	4.996799514656702	5.235868036773086
tear	4.901511951661122	5.006097477020887	4.8819992610038
honorable	5.134191937078083	5.106593407096957	5.367116434862712
previous	5.091143469830529	4.969462676282435	5.199240253249853
good	5.094297939973193	4.990856122209623	5.125587095469427
domestic	5.14618673765572	4.953385299057376	5.194680871443424
glory	5.1564550634400685	4.993723395494849	5.178658946942288
lay	4.998208492943622	4.895773793276365	4.9573084721705865
occasion	5.063242435672925	5.053070474785059	5.20593478361485
guard	4.908044213691963	5.103272065263846	5.08797993557593
whole	5.065837481590644	4.94582667584504	5.143713113064776
mouth	4.975174790108419	4.868517828149298	4.846583371988023
receive	5.140420858730751	4.980887528803483	5.227996285776613
take	5.010850506901079	4.977581005986337	5.063383967595887
simple	5.155815159048245	4.895471251017261	5.144102427861504
error	4.965383554239919	5.091779552141537	5.25228002274002
wisdom	5.093611329077126	5.07013066066259	5.269866419754129
rock	4.969704026155183	4.873906418464226	4.894197609747583
decide	5.0594482263867135	5.068575954572907	5.301514877830037
exclaim	4.908395715319591	5.061145126610317	4.902430689228546
assure	5.065654355210043	5.065540387269432	5.164783553134248
sign	5.035302335328939	4.9785172460648335	5.118367162200435
preserve	5.1211214511685945	4.922405842421722	5.164689761824095
commerce	5.138115910961364	4.954666111641385	5.274313033901624
plant	5.109801564291818	4.782736008601233	4.996208989067726
walk	5.120321618061534	4.860063859366879	4.916602734575584
difference	5.081841474987079	4.947289624091918	5.20669370805012
hang	4.949810326097962	4.8845019121543585	4.8276736601036445
following	5.230252007615646	4.867774882378621	5.232161833701465
employ	5.128498744618952	4.914598803569825	5.199509870147453
