deal	5.024859809515975	4.9924737045948016	5.070662082585068
study	5.252172156695272	4.899762437331393	5.2086495191167455
afford	5.157223499218621	4.930807060426101	5.180199880181885
service	5.156900015911136	5.0079768233017345	5.243563300062957
height	5.0563515135606325	4.855275080073491	5.005471163533134
prospect	5.135171313533025	4.975235052208532	5.13159204857246
pleasant	5.216056694564592	4.830644249930226	4.946876183604037
shade	5.1079906299601	4.83549547163629	4.916321790059812
listen	5.001865583764595	5.056037777777086	5.003452385846772
mighty	4.982229765024132	5.017586018667091	5.040881366976888
country	5.095352115801567	5.005185151926489	5.229955918110119
title	5.196788531406433	4.969757435872795	5.301263080580479
choose	5.121586456984834	4.941056085583086	5.163181124766947
village	5.125120483648858	4.897045237045657	5.04022476795679
acquire	5.195155368163382	4.958993090590119	5.257506149074272
rank	5.111997086371817	5.047858806832692	5.231696776596313
bow	5.0327699822236935	4.952159101276487	4.948434654914445
doctor	4.990012502673791	4.970749928270379	4.971782624679744
talent	5.223128421870327	5.007781935962104	5.285007077440241
source	5.14781752350871	4.964552387142023	5.21580496574556
lead	5.033865138064835	5.015753445523368	5.11261646778636
question	5.040547313304941	5.030264104811726	5.22581184539199
publish	5.209588995651675	4.943682129772362	5.3018916549242405
interest	5.125487022948795	5.028019096684048	5.259196237269687
serve	5.036939381951605	4.951600606468235	5.054439494798192
divine	5.106911586423721	5.010271945740432	5.204364240381969
put	4.948505756091477	4.910773022490119	4.914880212451252
shadow	5.027861587266074	4.909674703160695	4.955235795680121
practical	5.159840442285693	4.965229344005047	5.2887984123422
surface	5.0534515563816855	4.7863124595649085	4.925604349090132
account	5.079459374993691	4.975221422187706	5.166022430559023
loss	4.923955363148107	5.077848862116262	5.092017003204886
indian	4.959313682036077	5.023425900137191	5.080572110036258
vine	5.118758647703378	4.770714455065643	4.968640191942929
certain	5.029902068419622	5.013438133634163	5.167634986622488
sin	4.839508494769344	5.116447196539697	5.044462652825072
necessity	4.987032015418856	5.060934749926795	5.21521171087319
lose	4.96141210328135	5.0415936448334175	5.020545678104952
private	5.075559159746144	5.047825577880914	5.244795494540027
gentleman	5.132330204195408	4.9476189016404035	5.085164243851373
daughter	5.014837798180568	5.046704135147446	5.03235563227988
drive	4.8281207825859855	5.073627566490062	4.927986360651079
strange	4.943296794971766	5.036002761890177	4.93685248201168
journey	5.116686382929113	4.927691669249945	5.022249882335251
uncle	5.085991482331595	4.929499615784691	4.98238793428034
species	5.033661736035899	4.928553101469772	5.097720756438303
think	5.012889160282623	5.015870871248459	5.034422117354059
bed	4.977452546651355	4.824267862718614	4.785961138430425
wind	4.929262186429317	4.935594923167389	4.860074735126965
bless	5.055084598971875	4.960852745494683	4.973269557777827
destroy	4.8606721354827265	5.0823569350476445	5.069014775522001
author	5.188391897524488	4.988368972157165	5.25582781254655
sustain	5.020362255197114	5.039452233735938	5.210999692756487
black	4.947246737946143	4.856919991524785	4.820130596095401
event	5.059336856567621	5.077366423373402	5.234766392704838
liberty	5.049525421162347	5.105880963052408	5.275655583684128
negro	4.927563297301698	4.95212841331327	4.943630166487805
little	5.087629979484311	4.88527163541201	4.968186387970673
fortune	5.058402579666445	5.062617942163507	5.128722443457137
touch	5.0303218112021515	4.96558044334035	4.980811819763266
kill	4.766849841506776	5.07553570505925	4.867402889570059
feature	5.08948562074162	4.9385963156972785	5.0588950579726415
happiness	5.095231891427517	5.062282909639702	5.1876312437122785
assume	5.06261047290569	5.014613546946129	5.170471810471167
notion	5.061122782403141	4.973843989622828	5.118415145095177
purchase	5.136931979982881	4.8726331968022825	5.111252531633538
faithful	5.101716397991668	5.058855471319503	5.1924238640471465
soldier	4.901869944391305	5.143139061784839	5.057196336382732
father	4.960209764449465	5.054047464907501	5.018160006679161
narrow	4.989503246872151	4.882475397364241	4.966512930913414
great	5.096228898369471	4.9962149304413535	5.19885882640558
tear	4.8859949412360235	5.0008108690534705	4.8514905638741
honorable	5.107536273553801	5.105515229296798	5.31613218120524
previous	5.081031960989854	4.960763310074932	5.163453883783638
good	5.076813126659856	4.980618545491037	5.08270141576731
domestic	5.127784381037501	4.948609928077097	5.151114159277082
glory	5.134437140517788	5.005879309234441	5.146123682251696
lay	4.978341228298053	4.894463998685873	4.9216324533869225
occasion	5.056303734881134	5.043172658575813	5.174087253802055
guard	4.891490452832443	5.099649950223891	5.050290618242392
whole	5.053860677634887	4.9432142867366	5.109254837171443
mouth	4.969398938691675	4.868098123225004	4.829781879507676
receive	5.120736321823515	4.976023628559522	5.181351923615104
take	4.995982172208505	4.966865543558705	5.0237251526286535
simple	5.149055404834223	4.8911611643891835	5.105930066541966
error	4.957423162169956	5.087693973470513	5.215558727658721
wisdom	5.0810918241447105	5.068064417170458	5.229400865370982
rock	4.951784822852661	4.882144306463653	4.872635460650944
decide	5.048694490866121	5.0589796705477665	5.259759111183411
exclaim	4.899553137261921	5.048450798695171	4.877165017971385
assure	5.050935788702549	5.054088717615113	5.126034303070526
sign	5.023047650109103	4.97290503826369	5.0794270117077085
preserve	5.105598069401403	4.922340272425279	5.124700615863011
commerce	5.115032494280027	4.960594138258295	5.237337684820856
plant	5.094440072182068	4.787189132925886	4.961886582715494
walk	5.108295403436067	4.85099371089991	4.8892041891221965
difference	5.072618124000389	4.942670683348421	5.165839033876246
hang	4.936894869588355	4.881504934019079	4.801072811856717
following	5.222612983929869	4.871919831454578	5.200182965064202
employ	5.111055959175352	4.912428270075697	5.158148717618474
