deal	5.049666199289578	5.003522374211928	5.115849646175395
study	5.276676693687623	4.902576489130317	5.263371393378701
afford	5.180723795932648	4.940277187330151	5.2316950859874725
service	5.1900511746478335	5.014702454490818	5.303693777851868
height	5.075442681083549	4.8721602640785555	5.050901273250431
prospect	5.163234994453084	4.987492443014814	5.179945324370467
pleasant	5.230024531765139	4.841427279453065	4.984600994837493
shade	5.123571011325343	4.848563788768438	4.960217330708068
listen	5.024780911381072	5.061742699663924	5.040986811616378
mighty	5.010061896366649	5.027530841478004	5.088049505395525
country	5.126618663202339	5.008793295790478	5.285472131922914
title	5.2264003715016445	4.964516941865036	5.360621136902342
choose	5.148324710923593	4.946968033346072	5.220302498741579
village	5.149443319321618	4.906822577738712	5.086222669848213
acquire	5.219727830129073	4.9663945241524585	5.315552926775098
rank	5.1379917264025154	5.054165601318246	5.28658404598217
bow	5.053638737736498	4.964455150905835	4.99109935596914
doctor	5.013132029366119	4.983423892302709	5.0121085956103695
talent	5.248410727819696	5.011714622333768	5.338310164374828
source	5.177048185508245	4.963704115137278	5.269388734749816
lead	5.058590192684443	5.025510477129897	5.159745921198033
question	5.071831517754703	5.034236339991408	5.279824873696841
publish	5.245816414194589	4.9327592572116465	5.355148753446782
interest	5.158780842102389	5.029741327283254	5.312427454030345
serve	5.059830697263759	4.964768299785098	5.103534750013843
divine	5.138956182027575	5.0077123122088425	5.264420910758603
put	4.966552604120029	4.931744545226364	4.954656643250359
shadow	5.050345027302374	4.92218969148573	5.00043089847475
practical	5.187311994273737	4.969694439755545	5.343998140729004
surface	5.070486665858673	4.807293392339593	4.968679705729582
account	5.108792055016496	4.979032295780322	5.213602840376052
loss	4.9596660743332315	5.089488152060496	5.141573364316207
indian	4.986296034333835	5.034486869948232	5.132278939840475
vine	5.136096809664482	4.794084504772901	5.018114853590317
certain	5.056028346799092	5.019490183109826	5.220465836323393
sin	4.875497817726822	5.12204412954759	5.098133277503121
necessity	5.019252670827325	5.070398150237749	5.272125018945241
lose	4.98826142899973	5.0546002336878155	5.065878433142748
private	5.10919657076415	5.052095871182122	5.298482020424689
gentleman	5.151754151642429	4.9578294852009295	5.127953507248374
daughter	5.045763096733567	5.053617675666382	5.081676973155623
drive	4.847890524640949	5.094741079077748	4.9638994690001494
strange	4.963886518241843	5.043580830101272	4.971226365414682
journey	5.1455958425254815	4.939129158178347	5.0628819936973795
uncle	5.113941722235019	4.940872460959796	5.022079169756349
species	5.0575691473305335	4.936119585338791	5.147021250993747
think	5.038188926730251	5.025727971919101	5.077281020705085
bed	4.9946641291847245	4.8460003451449944	4.82177473731139
wind	4.944541734655121	4.9584473504262405	4.892465189163045
bless	5.083171650103183	4.967056121706112	5.0226441634091
destroy	4.889330318417615	5.094196093416589	5.121160577299035
author	5.21814762792546	4.9801854105041485	5.306576048357637
sustain	5.055568730716878	5.047087357914352	5.269246312390863
black	4.961050873946777	4.873816183629504	4.857121493555701
event	5.09756917699043	5.0774661745515095	5.287480514741862
liberty	5.084861343195813	5.104258448560218	5.33420279240758
negro	4.948033429553202	4.971744267702166	4.985257796835183
little	5.105107598265452	4.900286050195608	5.00920291546189
fortune	5.088153079287867	5.0743665853510835	5.175935378402618
touch	5.049869985863691	4.972493134262101	5.021395783556179
kill	4.788834802699659	5.096065834603462	4.90247072433408
feature	5.110873805691973	4.945504227914835	5.106855966505824
happiness	5.126908225293799	5.065243594180829	5.241237191290888
assume	5.088357931371213	5.022675571249717	5.225793087135525
notion	5.08230214053586	4.9825552159662765	5.164796230231949
purchase	5.165089473815807	4.884983492405149	5.167401076998748
faithful	5.137137483235857	5.061418676236028	5.248231972703749
soldier	4.927955654397986	5.160430842953611	5.09990571318394
father	4.993838320324985	5.062295276635124	5.070197288997053
narrow	5.007046455657157	4.903125610447503	5.010612318630275
great	5.124860483675249	5.001018256451978	5.2521105215809945
tear	4.9109109261369195	5.012953203375152	4.890153322398726
honorable	5.143320216654629	5.108957785134557	5.375432294528065
previous	5.112632476410331	4.967404505221621	5.218247928137068
good	5.098480249657503	4.993608247484504	5.13037202173129
domestic	5.15149154129442	4.956294207459911	5.204820263540662
glory	5.164242526346823	5.0084013758072885	5.199834157893879
lay	4.998952927993595	4.912275803149379	4.967468077877885
occasion	5.084420381757749	5.0496029046298245	5.2220053409052225
guard	4.916468135193052	5.118548519363187	5.09352432020275
whole	5.078711098996511	4.952681176506082	5.1592348160734405
mouth	4.982172811438415	4.887083706359427	4.859381591864823
receive	5.150491439141062	4.978914536167511	5.235902543026632
take	5.019684132872842	4.980116807771698	5.069565106841606
simple	5.168347156304973	4.896751219116423	5.158040481421777
error	4.992785841709385	5.0890325408096055	5.2678910546547275
wisdom	5.1109966135841	5.071683984055783	5.28611837708736
rock	4.971898731942705	4.901545210073385	4.9092969285891686
decide	5.081451053434046	5.065712363675958	5.315283999840097
exclaim	4.9185627323468095	5.062554884838124	4.904679089913519
assure	5.078943947245276	5.0620988411861925	5.172772810857483
sign	5.051413736392925	4.9769923911078	5.1289761091299875
preserve	5.130086776524698	4.929435269622064	5.180622122656558
commerce	5.142860718065181	4.96985415088619	5.290357434328089
plant	5.109464404689046	4.8073320531818835	5.01275039772608
walk	5.122323452559974	4.868593755994026	4.926154057576769
difference	5.096147793800383	4.9489515155973764	5.217885118525706
hang	4.950819039896246	4.902602015842783	4.834637488391722
following	5.251310746915954	4.868357321944607	5.252689974526917
employ	5.133918339308664	4.924194011279885	5.209062198877226
