deal	5.0460500478136865	5.003644706631539	5.102053120624643
study	5.286687387840052	4.89831639039238	5.245888827875772
afford	5.1846953412051455	4.940216655413951	5.220493295073898
service	5.194177490822412	5.005251387385804	5.29293303623942
height	5.064174159924882	4.872478428799098	5.039994212072328
prospect	5.155398419817631	4.990180813144995	5.1670311603358
pleasant	5.228008204767844	4.841399511456639	4.969349519314799
shade	5.12150607599927	4.850865254826256	4.9472667043144485
listen	5.016285716420469	5.067288863137572	5.0287338360347675
mighty	4.997406908207623	5.036194550997203	5.075789869008487
country	5.1264715628073745	5.010713221934637	5.271974600935959
title	5.231588814855114	4.955589411135943	5.338465567064718
choose	5.145827805457761	4.9395713671928645	5.199900127240568
village	5.14472087692693	4.901237610150867	5.073436035196827
acquire	5.2263895524796595	4.965114612398749	5.302483252139587
rank	5.140972567684888	5.05132094249662	5.277870446060675
bow	5.043429045589531	4.963365685239831	4.982685245545506
doctor	5.004951069336254	4.97955859431057	4.999843870974994
talent	5.256872377524159	5.012227337040662	5.32548047514022
source	5.175586876173661	4.971758250038262	5.252490561270003
lead	5.056911959398068	5.026745322976428	5.149835255812821
question	5.059934068534061	5.032572410812522	5.255702552195955
publish	5.244704986121284	4.9294006361006835	5.329837263315154
interest	5.159383231977944	5.032449614161197	5.297938745412131
serve	5.055430488075637	4.962705745086208	5.094312460875428
divine	5.139421745156528	5.01335752538548	5.245559651832498
put	4.94968073780787	4.9290851883274005	4.943263852915667
shadow	5.038440814942942	4.925092912054235	4.981787372695721
practical	5.18935197161583	4.970284336918647	5.324492130035564
surface	5.052069932374085	4.812368273218388	4.954062424630106
account	5.1028120162210096	4.976458744131835	5.195856198677831
loss	4.949909301606754	5.091089660839826	5.135652722125176
indian	4.971646176266267	5.027775881451596	5.117246028558768
vine	5.1291246097222825	4.7901246913851345	5.004108802691599
certain	5.049981306477543	5.019464864101684	5.201304374610888
sin	4.873411374829337	5.1283685395801	5.090403902603285
necessity	5.012725387857625	5.0726804566191905	5.259098781174843
lose	4.979250646066728	5.058217733545881	5.056270814085538
private	5.115267374518425	5.04988741483513	5.2870523098826245
gentleman	5.153393270481255	4.947878486413257	5.115847200232185
daughter	5.051249683889904	5.044440926054408	5.077341432098977
drive	4.836391328704204	5.096615403903328	4.962907137144585
strange	4.954269429903646	5.0462318530995125	4.957081698063429
journey	5.136504353313452	4.935109253675334	5.052162838342652
uncle	5.109138104834868	4.928199522833776	5.006691014988811
species	5.052473013531381	4.941644557032842	5.133468752183135
think	5.03053812895242	5.023142639689624	5.060023085841463
bed	4.983805431318158	4.843159402552044	4.814337150920952
wind	4.923597185588717	4.963280229944998	4.883210786106056
bless	5.07888034402357	4.966848437942849	5.0088976349828265
destroy	4.886205520732581	5.099441395324916	5.116663234542297
author	5.22347662670536	4.980367953096305	5.286572943813031
sustain	5.049929423798578	5.053285141406414	5.259424883220219
black	4.946140486381141	4.868713398182753	4.84615088513707
event	5.08478996242767	5.080548678667127	5.268112470400371
liberty	5.084141662881072	5.108075734176292	5.321930193131606
negro	4.945719227431701	4.96165820539375	4.981029151735783
little	5.101594141044644	4.896266538700193	4.997570314969602
fortune	5.0928411394191535	5.071402661467884	5.1736709494027044
touch	5.0400491870480035	4.9766850635413356	5.006705235027148
kill	4.771725442191994	5.0865524761486185	4.898217738339709
feature	5.102737229427189	4.946429652033529	5.089163003055967
happiness	5.128525443335845	5.070967260463185	5.231153991056978
assume	5.0796962185555	5.023213688532965	5.2076316908174825
notion	5.07658721708886	4.9794224561245235	5.140969291769451
purchase	5.173270202044612	4.875734498975622	5.158299924132902
faithful	5.143028928856565	5.05710121770379	5.238561162609303
soldier	4.917600076040888	5.155300876587052	5.097300223640102
father	4.990420462035968	5.057630927938843	5.062309362266755
narrow	5.000845243845631	4.905128991481486	5.003628411366671
great	5.119028244514781	5.004953754564578	5.236419644086255
tear	4.8979331960988635	5.019847567321696	4.885083440177574
honorable	5.150202296849681	5.104864981067372	5.365538652294581
previous	5.101605918218747	4.964889085042929	5.198314419452398
good	5.098716837420195	4.988553807294109	5.11733979373394
domestic	5.157845652792755	4.957429890333398	5.193246609234046
glory	5.159411251867482	5.016024177155695	5.184566369911678
lay	4.987880969488036	4.912869681989967	4.958162088833264
occasion	5.077213558238809	5.052061240839161	5.207865455183765
guard	4.911533540066909	5.112117014384063	5.091335429542763
whole	5.066405538580133	4.95616473961167	5.142901978470778
mouth	4.958677729325662	4.886758513777035	4.848469220113936
receive	5.147932756230819	4.975889890622321	5.221648553124153
take	5.008665112104666	4.976955891979741	5.056461301665919
simple	5.171831335555382	4.8978509052044314	5.140167913824539
error	4.989757426925678	5.094503521927844	5.252607801589422
wisdom	5.112993568634949	5.07698577753019	5.272556572825103
rock	4.952950829964596	4.906041730837989	4.901895302237699
decide	5.071060719134601	5.062770396660715	5.292652994120852
exclaim	4.902104011073509	5.062722636310553	4.899021121767891
assure	5.07071842042843	5.059931176774734	5.157995275197118
sign	5.035955117559196	4.974488894653086	5.106842707138761
preserve	5.126550149020448	4.931628882706598	5.167497342518089
commerce	5.136005629946888	4.973151649757713	5.275352318855273
plant	5.108343906533855	4.805191733722442	5.001034315677373
walk	5.1200841649089375	4.8636790792175715	4.9142469600980165
difference	5.0886207146831595	4.94792817796871	5.196093852882009
hang	4.9404831444395025	4.898133835846325	4.8254868059995735
following	5.24186902663464	4.8630474845316165	5.223461550325976
employ	5.135406684744366	4.921471366489592	5.196932156577939
