deal	5.053080783051553	5.009205262624504	5.125252607620377
study	5.276057078046348	4.9135114908323665	5.2649875472956555
afford	5.183887831289038	4.947065192020493	5.236505133848554
service	5.1943412487670395	5.018354197723667	5.306775219894028
height	5.082837821747123	4.871339710916601	5.057345870424054
prospect	5.172987635424366	4.987216705310518	5.185231821957723
pleasant	5.250724809195256	4.839629023480332	4.995066075760839
shade	5.140690240262057	4.842021116878911	4.96424635119975
listen	5.046374960754679	5.064064459919587	5.056668489132292
mighty	5.0300538086736815	5.0264470648647235	5.102408337431887
country	5.12889070638481	5.013982695475901	5.290991451828957
title	5.235892696061198	4.975122010361001	5.3720476194256035
choose	5.150647086547696	4.954381373536305	5.225630012598595
village	5.15999089336609	4.906969629689981	5.0987007645993385
acquire	5.217222245061061	4.9761004348266935	5.31816070535729
rank	5.1463857314124875	5.061451417601954	5.295588427906536
bow	5.076774629702699	4.96188943371934	5.0038817112266525
doctor	5.0093160386329885	4.987570218394214	5.015031620623678
talent	5.2498417946519	5.024401855734506	5.345181902831543
source	5.17735795130513	4.972828882710557	5.273320280030156
lead	5.068629635748963	5.028493587310866	5.168946798145051
question	5.060741094332	5.0420939627117365	5.279936380676611
publish	5.239279897008526	4.947982764693668	5.360825879824981
interest	5.155992694881123	5.037800170415134	5.314035193314979
serve	5.06307772667555	4.96832621108557	5.110319434578882
divine	5.1456162765648985	5.014705646123009	5.265116237742202
put	4.960664097168946	4.933017902233431	4.95916205557747
shadow	5.064566484120081	4.916331515356742	5.005045103088735
practical	5.172895785747508	4.981498732516105	5.342241173075284
surface	5.062195748750907	4.80158677371956	4.963702901291458
account	5.0983481672165984	4.988215646657484	5.216983246061136
loss	4.956032434886735	5.089347914363392	5.145102464638556
indian	4.981850664835671	5.03372383553407	5.141751308651432
vine	5.128403666340181	4.786037233233783	5.010556708091898
certain	5.049029912971042	5.026530918442876	5.222385199688065
sin	4.884094508944911	5.120859349528178	5.102845286504875
necessity	5.007036871286092	5.07635536100902	5.27015545696759
lose	5.000765883290272	5.054204871165166	5.076267825932578
private	5.113683575755998	5.060171419809933	5.305014775844832
gentleman	5.159211905802111	4.964080660625268	5.139349513723626
daughter	5.073217867727591	5.047737845423629	5.094593705737706
drive	4.861432402335393	5.090879913578472	4.9798899522331785
strange	4.983941915644229	5.0411226162231735	4.986440155478633
journey	5.160464644402275	4.937198871417669	5.076143114168621
uncle	5.127694623057912	4.940150094189132	5.033555924675812
species	5.047742492841816	4.9418283789249475	5.150899278213206
think	5.047811957384583	5.027063988434576	5.086041666908853
bed	5.005186767515664	4.836403848309935	4.8245266578114006
wind	4.950590437257217	4.9495477126378855	4.898952963932557
bless	5.110270600137693	4.960574327791685	5.0314361095586175
destroy	4.890215977638291	5.0942905420641535	5.127631939884778
author	5.219033858803255	4.995302776704328	5.316285059050015
sustain	5.047565545110889	5.052775424513247	5.265750061906725
black	4.9630620230760325	4.868795127967201	4.861542161794805
event	5.089928673231419	5.084366367584378	5.288349956189198
liberty	5.088174890325058	5.110620810906791	5.338729056357355
negro	4.946234374685955	4.96938159348353	4.994740643157394
little	5.1129624602547015	4.902580165500051	5.017825853239664
fortune	5.10750015231357	5.07417220112153	5.191295015999503
touch	5.062747081285707	4.974242881051542	5.030125125126151
kill	4.793077787015807	5.087380299465445	4.9180640633965185
feature	5.11670616139579	4.946962306105653	5.107459064223381
happiness	5.138971082294256	5.06571164361273	5.244418377589217
assume	5.080371996290966	5.029994525737586	5.223872515569146
notion	5.074740305009443	4.99105132687567	5.1697767467121745
purchase	5.176556743248974	4.8845742168411155	5.175981953300462
faithful	5.154606101782356	5.062595853952246	5.255948061201817
soldier	4.945289536710809	5.156149191836949	5.119668959845582
father	5.015582473224377	5.056320717915667	5.07960731906347
narrow	5.018164202311645	4.899376375845367	5.018676076325037
great	5.12450747403445	5.01017143458014	5.257279107716758
tear	4.9274686008442	5.0046259634837025	4.895395863293849
honorable	5.150510237332571	5.113404430199415	5.379554696036978
previous	5.094125840958279	4.974869903091543	5.212180104307687
good	5.104369507096361	4.997439809142751	5.138678499254946
domestic	5.150736503340241	4.9600577741883995	5.205108732385962
glory	5.188760793540659	5.010416885082179	5.213104535978443
lay	5.007680916236401	4.908302719940037	4.972121317659011
occasion	5.074092321013094	5.058375784320772	5.2240468365226205
guard	4.930596359141739	5.113135177738666	5.1068799546805765
whole	5.073340491180631	4.9594632402506855	5.162563718123619
mouth	4.985689233209827	4.88364198606761	4.868958581238233
receive	5.149156477971188	4.987589935586009	5.237516719031573
take	5.016032392866172	4.9837861489935715	5.072975685688357
simple	5.172129493390015	4.904492572759673	5.16197381646188
error	4.980456220994127	5.0992061556811725	5.268894775303262
wisdom	5.118265445020937	5.0791077524191905	5.2921577248221885
rock	4.984019851178443	4.891432626558095	4.91865306538224
decide	5.070003752944118	5.073863927547466	5.315416591413846
exclaim	4.940462686841263	5.059083613328989	4.923531133071718
assure	5.089047908719848	5.064905557499357	5.181983863034131
sign	5.052802203466772	4.983454868472391	5.134837639552761
preserve	5.124308258156495	4.935537286049406	5.17765311504492
commerce	5.136006338016294	4.972668565121352	5.292465848753669
plant	5.106278945641922	4.801118285510505	5.00843951057621
walk	5.14657408158556	4.865393863884217	4.939873062251281
difference	5.081959053749275	4.955462884792592	5.216558009551789
hang	4.97000057368469	4.89320204131137	4.84548746930178
following	5.239545665214798	4.879969494939591	5.2512688806175785
employ	5.126331901406982	4.932927346425936	5.213351228083824
