deal	5.035061739230289	4.9953193688552515	5.098639224901891
study	5.2662260533594605	4.9052927195843345	5.2382935767865755
afford	5.170422245331044	4.936924748320301	5.213252234478686
service	5.169181444123187	5.009046632395354	5.278164808915782
height	5.064172523582867	4.875469406717937	5.0413784267156165
prospect	5.150275681990987	4.981935572200715	5.161279126261589
pleasant	5.227925863621798	4.832733550162176	4.971807869840643
shade	5.118512332586405	4.845143558767963	4.94656340544637
listen	5.011397060992425	5.0566736718603815	5.030017516232849
mighty	4.9892467365329045	5.028995273090364	5.073299771219379
country	5.1071857926657245	5.011783719069379	5.261690895354216
title	5.214070676808915	4.963403547669258	5.333637848680681
choose	5.133603792048138	4.942655455405919	5.198545228512557
village	5.139147677395999	4.895784009431615	5.071285670735579
acquire	5.211133258293613	4.971121828956253	5.296217930760147
rank	5.124428018377272	5.053486632705838	5.271434224668491
bow	5.042711252548661	4.95719532989311	4.981576428182071
doctor	5.004018259587598	4.9680438261158235	4.997651915633546
talent	5.237888320406375	5.017483390749168	5.319800808608128
source	5.160991834468142	4.971595006050517	5.24474604692085
lead	5.046253106260469	5.018333139131948	5.146001987382225
question	5.052117980555098	5.030392325034496	5.2550849266679425
publish	5.222795174523889	4.93882303964803	5.31992987894254
interest	5.14033141113519	5.031607396885628	5.286161411017043
serve	5.043791254128058	4.958093178816691	5.088850101028533
divine	5.1149560629891395	5.016863122575209	5.235292649196605
put	4.95244636980146	4.914685644417074	4.944158660882939
shadow	5.038949455693293	4.9173418570020555	4.984520648039559
practical	5.1697027589144495	4.974902349125783	5.316864618013285
surface	5.058111039986495	4.806898600482794	4.956968417200665
account	5.089426574668709	4.9747495252467155	5.1908212364514545
loss	4.934233208367278	5.087623526418275	5.122717051486147
indian	4.965021975534353	5.023813653067998	5.1167606614088355
vine	5.123911513120652	4.793133125369998	5.004193152912065
certain	5.040537113576295	5.01749772484557	5.201553230848386
sin	4.844875009235295	5.123478494005572	5.074312708070417
necessity	4.997789631472906	5.068724481394591	5.251555420797381
lose	4.972721856756964	5.048967640299264	5.051671568476622
private	5.096127010292452	5.044854479955881	5.275103192276328
gentleman	5.1501326914167365	4.9401046616751705	5.116615154657811
daughter	5.0391939863104	5.04044838589918	5.067913860860559
drive	4.834368568534427	5.078958618227581	4.961198936763278
strange	4.953632709342792	5.034111175744928	4.961794645722265
journey	5.131533331927792	4.927127738370648	5.0486005217985275
uncle	5.112079119976132	4.920762953965577	5.009118306870051
species	5.0399072713119555	4.941972951462433	5.129565238042385
think	5.024760578538169	5.01608517916622	5.062009712879004
bed	4.988713401491938	4.826362364939962	4.812590405050233
wind	4.929599926585663	4.9500716696351335	4.886841153083773
bless	5.065104370695684	4.961736759463928	4.999746980458989
destroy	4.8668132349723505	5.0948633255551465	5.1076864681720195
author	5.200305910694732	4.987105372675396	5.279997591134665
sustain	5.030452368696319	5.054041818330304	5.246270168797453
black	4.950860117978537	4.859326397761869	4.848093902962183
event	5.073217451352419	5.0807470906921735	5.262167599323013
liberty	5.059643241557092	5.110894486115752	5.3089923490033835
negro	4.938354996703863	4.94851055319893	4.974562420829514
little	5.098488960123091	4.887686755651169	4.998019908852914
fortune	5.078598927687687	5.065519586870947	5.163727398383669
touch	5.038868369021979	4.970533672563154	5.009426466988748
kill	4.767847142510622	5.079146578040711	4.9014095225115915
feature	5.104334532262021	4.945469597220229	5.0923981679467225
happiness	5.11152123506703	5.067305950731264	5.219372088512628
assume	5.073966783934906	5.021677595265153	5.207311077391944
notion	5.071921207748594	4.973885517234633	5.147038277890327
purchase	5.155638351600351	4.873549364483248	5.146037414187098
faithful	5.1179941772982485	5.055813711532444	5.2238979508471575
soldier	4.908320627440851	5.148353378781795	5.094973765960739
father	4.978199802193674	5.0510138952500006	5.052919266836793
narrow	5.003056271832192	4.892154986654776	5.003788596782952
great	5.1045965915755955	5.005178367703664	5.230744184055646
tear	4.891791986945519	5.008587651533687	4.876388147103826
honorable	5.125754107544449	5.105606743933902	5.351731724917696
previous	5.092971643524576	4.964224951220682	5.1921499766028845
good	5.086071566348439	4.983230243175226	5.114544688312057
domestic	5.139497112552795	4.953949924030363	5.181777158508924
glory	5.142242103860981	5.018199144305851	5.17774314378122
lay	4.983579835330625	4.902578434514398	4.953682004136842
occasion	5.064851517196541	5.045705627510737	5.2028016943001605
guard	4.900786335938644	5.099546250200423	5.085508312177988
whole	5.0599173596238725	4.952657183132341	5.140176588568389
mouth	4.973217136456744	4.874581224361745	4.855818238031361
receive	5.132198171969327	4.976008103439218	5.213020696310068
take	5.005750242957435	4.966077572784575	5.054795274897736
simple	5.158529852413446	4.8986070984476955	5.138262631081289
error	4.966956891721257	5.095263248102252	5.243964652348003
wisdom	5.089268775181202	5.078496976448835	5.2643335255258465
rock	4.956729915717923	4.895268049508589	4.902873221627882
decide	5.064374480202483	5.061000503156605	5.29305113623222
exclaim	4.908154923756444	5.0464303046316275	4.901302898410978
assure	5.06357066331561	5.053185119040017	5.158279773557296
sign	5.034522186688718	4.971659147289575	5.110198943266442
preserve	5.111355945986623	4.934579595160769	5.160304085789975
commerce	5.124174584441651	4.97120178546809	5.2668686863475545
plant	5.098072077946726	4.807130884332339	4.998901435632218
walk	5.124077180757584	4.849965786670813	4.918434889117876
difference	5.078703195866504	4.949631238557435	5.195513592698272
hang	4.945442346245393	4.884874198828612	4.82956277954027
following	5.2293655719769365	4.869998263384305	5.220535741814956
employ	5.121525607919036	4.921746421257903	5.191102980876708
