deal	5.007334698182817	5.000345302033595	5.090307103618375
study	5.24519955638342	4.901035139944021	5.229628210122161
afford	5.1507746090022435	4.940281704765329	5.207090948572799
service	5.153188912712766	5.019147505913998	5.280175245466594
height	5.05128971661122	4.8670780152334165	5.029316817687933
prospect	5.134663862544224	4.986585911443227	5.158585657586762
pleasant	5.209805373747662	4.83112015076902	4.967257853455819
shade	5.111809395700154	4.841163473149178	4.944795670152415
listen	4.990529393513734	5.067891037635027	5.022471971941817
mighty	4.979894823114034	5.031159848675594	5.071012359778033
country	5.0964748037513035	5.014548409413798	5.2642821484316915
title	5.195342089595284	4.974640330444923	5.339269838926227
choose	5.110997211725027	4.9536210766763125	5.195160277153164
village	5.121942295134575	4.904950219810611	5.069399718647414
acquire	5.18683194793598	4.970101648048539	5.288488900862978
rank	5.107789426626518	5.065415489913882	5.268553814938897
bow	5.022394316654689	4.964349787271602	4.975081316016214
doctor	4.960650571291997	4.977484576532825	4.979575068685398
talent	5.215338063021255	5.016960304256787	5.309668718431671
source	5.14795555092612	4.969290948204951	5.2437243107474325
lead	5.0267505706982885	5.031265235045384	5.140522036390241
question	5.0248892311552105	5.042522630977263	5.248278742930419
publish	5.206658762127794	4.939877660134473	5.319595039100743
interest	5.12374712150098	5.036125424264141	5.284597613861057
serve	5.022650979255122	4.965408613622928	5.0833455632898294
divine	5.109977123075406	5.019183468496373	5.240146198129477
put	4.917052962346447	4.923286510388969	4.927764414132143
shadow	5.02821817095572	4.920936683060173	4.98241127832485
practical	5.151891279228799	4.973764871341589	5.311704842785373
surface	5.04354684692994	4.793806965123662	4.941871708028963
account	5.0647443270265455	4.981386502865819	5.184319937236329
loss	4.910541774692689	5.094085456589732	5.1190899453735845
indian	4.946225865281122	5.042724987325547	5.116667115054855
vine	5.112269042887692	4.77642735153763	4.991648671295847
certain	5.01515434746836	5.028012734331725	5.194662723811345
sin	4.837687986316091	5.129689299644234	5.080942910360898
necessity	4.975789696527628	5.079409351124937	5.244595526021544
lose	4.948500392456071	5.0581031782389925	5.04767444630029
private	5.073644406524224	5.0584553595449	5.272463279952547
gentleman	5.110811787362698	4.955581402619827	5.103158437351008
daughter	5.011773777058044	5.05496016563181	5.06907873013487
drive	4.811599776186786	5.095873978783033	4.954473398124294
strange	4.9307769408378554	5.047555670804378	4.95883807100866
journey	5.110864486869985	4.935820010608238	5.04392734997414
uncle	5.067556556349527	4.93048186593592	4.997268209369911
species	5.023564604684167	4.937040146508911	5.122722044184563
think	4.994493897022028	5.02482888839016	5.0534719883245955
bed	4.963201917468372	4.830039743661904	4.802059622467889
wind	4.917074846368844	4.950136598738096	4.876794791626641
bless	5.053710773167812	4.964335126962961	5.008636492470426
destroy	4.8531232654326555	5.1023211052584445	5.106613880145403
author	5.184165591758034	4.988520280276669	5.27831831211434
sustain	5.0167320134786335	5.0561891157121766	5.2419738090301635
black	4.927962921767143	4.866500494823015	4.840216232068849
event	5.056086671678148	5.089376975500289	5.258128694704082
liberty	5.053270660370077	5.11624083866453	5.313270665005281
negro	4.904130114508042	4.965296486229515	4.968083896933113
little	5.0689337027467385	4.893496309123089	4.987649384275523
fortune	5.052288233523274	5.075411341945659	5.161111142933656
touch	5.017042644229281	4.9742854177389235	5.0009177535773786
kill	4.739006660364778	5.094065705753996	4.893525662526674
feature	5.083262288318132	4.948624405350525	5.08135201548028
happiness	5.097607537039545	5.068627689106576	5.219480048150051
assume	5.049497067315972	5.033036090477742	5.197963041064395
notion	5.037220463327326	4.981858712642623	5.134358892908335
purchase	5.13048215857174	4.878409164304224	5.147968992265125
faithful	5.104328425920883	5.0699338194813794	5.229257330375032
soldier	4.8893891044990925	5.166328004169187	5.088497917513618
father	4.954078560786006	5.065982202389144	5.0559078709023675
narrow	4.983460497636657	4.89774361548383	4.993530538872338
great	5.088517059592354	5.008319256357299	5.2266477819615975
tear	4.87765909342556	5.009556787346419	4.875735870321444
honorable	5.10546668500794	5.121052830560053	5.3533585238088985
previous	5.069157629643657	4.972131565756226	5.184065813732472
good	5.059282730548433	4.991741881191616	5.110164172564706
domestic	5.124519030723343	4.9541842220425405	5.180979161238522
glory	5.142931122587811	5.015220501031961	5.183620073617584
lay	4.966943568599952	4.907737745574589	4.948614988743588
occasion	5.043575295704687	5.055365462688493	5.1929510561984005
guard	4.882913872430403	5.122788089286427	5.081054113618881
whole	5.041462993710742	4.955311391926022	5.132352573764137
mouth	4.943829763567991	4.877657768506052	4.838666074350654
receive	5.10848670280961	4.987147961073513	5.210218116637673
take	4.974492446025465	4.9800577349768576	5.044511832191713
simple	5.139814995734816	4.8982175533223105	5.131928441053753
error	4.949377519494892	5.101262527202224	5.240420900842916
wisdom	5.077598686051174	5.084707822468883	5.264223866376686
rock	4.9473004598971935	4.894761010346858	4.896048227940501
decide	5.035926556259655	5.076219670947661	5.2836117273744945
exclaim	4.874052612009078	5.0610575527604205	4.8907811149076545
assure	5.0342286899404165	5.06813315118536	5.1496643167917515
sign	5.006052324439038	4.9872943731789166	5.102864627615178
preserve	5.098102553524656	4.932359011778763	5.15525909350725
commerce	5.113300568400266	4.970381786362444	5.266963856628696
plant	5.088479649529473	4.7941800584462015	4.990963008233989
walk	5.097082000275132	4.857652839368935	4.9080010003301435
difference	5.0573321649860885	4.9508893167630275	5.190963719918526
hang	4.9231761060392225	4.892642858103787	4.8221556175789475
following	5.214566232513911	4.872431091064143	5.217996208458939
employ	5.096604654535759	4.922915864448617	5.180481010768125
