deal	5.046526191446913	5.007833151387747	5.107215561182572
study	5.270500124198315	4.903303832057998	5.246146865069021
afford	5.178967409128544	4.937534033561293	5.21966553056313
service	5.177914301597097	5.008156011493959	5.2829052461784025
height	5.08224469054805	4.86489387315003	5.047968920513219
prospect	5.1606067653569845	4.981574538684031	5.165245309972866
pleasant	5.233171137872463	4.84003192495686	4.975435052219311
shade	5.136359981017356	4.8431233612093445	4.955290450727256
listen	5.02587933171921	5.061715759870625	5.029136002240134
mighty	5.010699386482238	5.028407615604636	5.080013250859838
country	5.119280599773236	5.007283957901061	5.267947496390033
title	5.213196738198917	4.964057410079342	5.336067592399009
choose	5.140249241888177	4.945322722530714	5.201112753218383
village	5.1436929665031235	4.899388739924266	5.0703271455781875
acquire	5.214138645161278	4.966629334871323	5.2994724197780085
rank	5.133575243152559	5.050608524061107	5.27017242671657
bow	5.055956283358208	4.962688053717521	4.983978093612855
doctor	5.006356437589697	4.983952613855736	4.999371113890273
talent	5.242655756196787	5.013658062026164	5.319941016212675
source	5.171053017509027	4.963635913161054	5.251246594331139
lead	5.056274183427969	5.021406873127334	5.14791538006938
question	5.056938130401879	5.035006705923565	5.257197811306214
publish	5.227224600115272	4.935077185588318	5.326116599862526
interest	5.149153207802078	5.027611544059519	5.292637265072789
serve	5.056226605748474	4.965925606932496	5.0966554016422645
divine	5.133774783773066	5.008143413872744	5.24553302765772
put	4.963730344326902	4.936548402051748	4.953106818626018
shadow	5.057219148451377	4.918036748932157	4.9921833418735
practical	5.175808044106556	4.970348239161995	5.322868136966429
surface	5.0761709658277745	4.805994376116969	4.967782719036037
account	5.096848184172771	4.980119864900258	5.196841161634853
loss	4.957959060049516	5.0837405134640505	5.134547306144548
indian	4.975599975091207	5.030348336075361	5.115865046802171
vine	5.145718436861272	4.788100681225439	5.019605933877822
certain	5.050882301631291	5.020327087625915	5.206552571678008
sin	4.8780556191672675	5.119153852158161	5.091676788101709
necessity	5.009238034729379	5.067309305231976	5.256041369077152
lose	4.991962184544901	5.053752561174254	5.061376298966294
private	5.100991913977958	5.04702818911445	5.279125216735325
gentleman	5.145142868568516	4.956863678194127	5.113336125396246
daughter	5.048760401754579	5.043440234389643	5.072305794428868
drive	4.8531858092884645	5.089128017650758	4.963521037555289
strange	4.972072827166437	5.043881559211572	4.967785360742557
journey	5.141452982819078	4.931309227721624	5.050858622829939
uncle	5.108155869056286	4.939024922717302	5.0099416777231465
species	5.059791732537691	4.935882549380571	5.1413518912275
think	5.0361805976714145	5.028166113166036	5.067840114003583
bed	5.001340479693815	4.839612685392666	4.8198583918482285
wind	4.951781473178436	4.951024293776661	4.890573634243184
bless	5.085649427648224	4.964993926713086	5.014932759941604
destroy	4.894709510873775	5.090948259648954	5.118402508452821
author	5.207834270985395	4.984107969317194	5.285323540118718
sustain	5.048848241150131	5.044481330542842	5.252884281282149
black	4.965820477138102	4.872949066737614	4.853420380217543
event	5.084070560918878	5.075975663807662	5.265853617946288
liberty	5.071829041032671	5.103631167169535	5.31248825449733
negro	4.945953216852019	4.964011036652857	4.978147273411774
little	5.106333798952374	4.901623106556399	5.005360451267587
fortune	5.0918075846822655	5.068826527640282	5.1720417760952655
touch	5.053294309503571	4.974348874853105	5.014149874549805
kill	4.794170711889766	5.0919393713277445	4.908393135224658
feature	5.112517119801008	4.9447976097537785	5.092349441370369
happiness	5.124519879470023	5.062541969959561	5.228581663400572
assume	5.078939924799263	5.023004053359008	5.20419977392603
notion	5.071311152931448	4.991212581594243	5.148771830694848
purchase	5.1635843428506005	4.88042031037227	5.159357169895589
faithful	5.130451621243462	5.05456836610165	5.228820883251885
soldier	4.924890668257847	5.152092915812651	5.091945266644584
father	4.992701167831314	5.056015877143784	5.058988995335079
narrow	5.01413293464485	4.8964832860851635	5.00857413040302
great	5.118476899577068	5.0031590053002	5.237651832229944
tear	4.920295720739787	5.010296810818733	4.8889111400524925
honorable	5.134286020412649	5.103896318558028	5.352872371590512
previous	5.098688575532721	4.963261987527094	5.194084961986191
good	5.094649947062778	4.995576965856441	5.121704516428851
domestic	5.146623327879585	4.953987270373122	5.190444300957717
glory	5.164881695288693	5.010101633401776	5.187124088614958
lay	5.001415508161477	4.911040187227653	4.963663895301027
occasion	5.071983122034895	5.048115186642453	5.201748037762507
guard	4.915389885565751	5.105393854015173	5.084402394484994
whole	5.071129308177167	4.9546445453160155	5.146739609852712
mouth	4.9837959280307	4.887888869903394	4.855715286082948
receive	5.141354434825236	4.977027026914198	5.217240348397395
take	5.013967079616897	4.980375018414311	5.05946798209624
simple	5.166809449563036	4.900236014457994	5.1460821634583445
error	4.987692158543004	5.089373378123992	5.253876578444033
wisdom	5.106943680359103	5.07316671343355	5.271288366413538
rock	4.979229907059474	4.89489026652241	4.90822556330969
decide	5.067368367344222	5.06390619140437	5.2909651723444915
exclaim	4.922431619408283	5.062114583556067	4.902815193357416
assure	5.071473131251734	5.063745396575204	5.158471428376897
sign	5.044430790341547	4.978542048261951	5.11340430780226
preserve	5.125345905981996	4.933628200187516	5.169330184648141
commerce	5.133613752747465	4.966957124500866	5.2736147330548135
plant	5.120984164915217	4.80299425562287	5.014153786151006
walk	5.128449883482131	4.863052247928644	4.919901233326126
difference	5.087269441898943	4.951800632387501	5.203727918417791
hang	4.96575108388697	4.898947330741088	4.8397748062671555
following	5.232642477650291	4.867192781656531	5.2245426586898045
employ	5.1299955329799145	4.922920687790305	5.197420350150638
