deal	5.0544654369023965	5.013161427442413	5.134415909703897
study	5.286146864643056	4.906316060977901	5.273628071240327
afford	5.194967991557529	4.937635283468609	5.242710946571588
service	5.18507778807802	5.019846966192384	5.313051084465371
height	5.0826365914278195	4.8795626153530804	5.059667365537395
prospect	5.167792190007233	4.992371708160708	5.188336153212534
pleasant	5.238711293840888	4.855912158423273	4.9965765122076125
shade	5.137108668663845	4.857297060574532	4.9688333140691
listen	5.017088944944676	5.083571951211346	5.0554064788441835
mighty	5.01153495938807	5.043196139856175	5.101810213512642
country	5.131664607217048	5.010389027719113	5.294221329522212
title	5.221022734471505	4.975341841837638	5.362755877743031
choose	5.140409466364874	4.960899314107377	5.22709369780753
village	5.151666119922581	4.9089144141150145	5.092122585585013
acquire	5.22996857420116	4.966947813340513	5.327135594137517
rank	5.136334878092575	5.06185771106027	5.295699652291395
bow	5.04590093355998	4.985103636753313	5.002772552797607
doctor	5.003152858809988	4.99864966162613	5.026147844653771
talent	5.25889570431425	5.015920092682155	5.352289715368545
source	5.187360140421701	4.967299282124856	5.277433689446309
lead	5.0588095375396795	5.032396986770034	5.171722739772995
question	5.059864021725477	5.042311144398803	5.2860697057057555
publish	5.243768827581523	4.938090221742728	5.358392395944935
interest	5.16351675496482	5.030795663234649	5.321556978207332
serve	5.058472921520268	4.97485726035554	5.118334768031855
divine	5.139308224198224	5.02291915183821	5.273525455942785
put	4.95895024514525	4.943348653452874	4.969779678276645
shadow	5.0546040887252595	4.934432818392759	5.008761637041148
practical	5.194829383658995	4.969956888953991	5.355471728785154
surface	5.08404762710891	4.80505974377048	4.976051266823619
account	5.110798987984989	4.979289664536745	5.222741146932475
loss	4.9583744830230865	5.090854987080093	5.15699980506955
indian	4.975598520453653	5.035566205799155	5.137374310951244
vine	5.14980283748181	4.786532611146449	5.024900679095616
certain	5.057673578433594	5.023194976804536	5.230918933781006
sin	4.873103660664084	5.1375601855488835	5.118879247200772
necessity	5.016439660722256	5.06897026806236	5.2830826531440644
lose	4.989252473968989	5.066441019965464	5.082026793758521
private	5.10954187827962	5.054649873641482	5.309744521464747
gentleman	5.146775757384613	4.970705670549877	5.139953478431723
daughter	5.036605794933499	5.070042756744395	5.0947015182974225
drive	4.845908874106269	5.103067382719404	4.982593037255761
strange	4.9662789629987865	5.060356387651447	4.98907783861549
journey	5.143550235103541	4.946285600858739	5.072844450344092
uncle	5.103226994846426	4.958439111150525	5.03506870331147
species	5.071350809789123	4.933155036657297	5.157430109582206
think	5.034638440115896	5.041329573602523	5.093662741205509
bed	4.99761352940112	4.854347578335665	4.834419820130499
wind	4.947482423545292	4.965785982144154	4.90553809725985
bless	5.076574872952263	4.991194878074345	5.035862288544413
destroy	4.894530842127829	5.097393370944075	5.1379544037525084
author	5.223667346437576	4.9884727254497845	5.316040399723313
sustain	5.057321654239621	5.0486091752648745	5.279835581313081
black	4.960293441703389	4.888770302641147	4.867740942432362
event	5.093538179456093	5.078210804548131	5.293651829010553
liberty	5.076406790454638	5.1127797981522525	5.341988844394052
negro	4.948599052576109	4.973941214872134	5.000226617594254
little	5.110004308202253	4.910626201790842	5.024427595075408
fortune	5.093009855175733	5.08089122171578	5.19426463457943
touch	5.048875305115722	4.989963303848766	5.034304178702964
kill	4.777378905992961	5.104791970951465	4.925261210424477
feature	5.115183471848917	4.956426609407065	5.113159103941599
happiness	5.1298597230284315	5.071654983992414	5.252735780183711
assume	5.0838548402645145	5.0312502326649815	5.231729731584898
notion	5.083090079512995	4.9917579195832795	5.178280846079574
purchase	5.1735915792772795	4.885107495388701	5.177751306420432
faithful	5.130697146548053	5.074157040800596	5.259412859750888
soldier	4.91262369775626	5.170317088406219	5.115403921828554
father	4.98080061188915	5.079453157068566	5.083498159944117
narrow	5.018870881388899	4.905761700697923	5.0236426652562685
great	5.129798616545925	5.00727807607892	5.263361877398402
tear	4.907016208373789	5.030500165155585	4.906268819273166
honorable	5.137770900590299	5.1159127027878935	5.386344870608503
previous	5.107318193247363	4.966946753296717	5.221392413969698
good	5.099600239637601	5.005279306492175	5.148610483043735
domestic	5.16170621335232	4.955278924972494	5.213857833819832
glory	5.165397505564472	5.027784624239933	5.2094494434392065
lay	4.998999252046599	4.920787272964772	4.977453967266206
occasion	5.0814985922827445	5.051837251420618	5.231645387366626
guard	4.906347427439951	5.122757292332908	5.10709140290238
whole	5.080808481207641	4.958269525032797	5.167582981551018
mouth	4.976702310446978	4.9036149092852215	4.871806947317615
receive	5.146548732612516	4.985650036367752	5.243517926851144
take	5.011498149910346	4.988743527615951	5.080174598755594
simple	5.179339032409127	4.906176917638484	5.169958745007644
error	4.994120376571333	5.093545216339732	5.283400852101676
wisdom	5.111957089525703	5.085869137706727	5.301285254891983
rock	4.976951422430261	4.908276577195665	4.920926948157574
decide	5.06999183752772	5.071074809513705	5.322294226338727
exclaim	4.906341137087344	5.084146783203418	4.923975040984794
assure	5.071051427339812	5.073941212151783	5.185133449821799
sign	5.039714426936021	4.992972165150763	5.137324968834243
preserve	5.135603119672858	4.933935483758733	5.1896966452270625
commerce	5.148926811231979	4.964527987163511	5.295488908961409
plant	5.1257041011718565	4.80365956058665	5.0217218318421475
walk	5.125626573435902	4.883802125915992	4.93991881072862
difference	5.097671883642537	4.9514484467290405	5.2271656800905415
hang	4.9560959269335845	4.917100624019358	4.852293852224813
following	5.243645888607503	4.8745615564653875	5.251160212769118
employ	5.146254902460251	4.920384998278725	5.22067372727105
