deal	5.015914087573317	5.000632505436246	5.092852710196414
study	5.246398017588003	4.891514855738982	5.224133822239367
afford	5.150149324339475	4.92909754520364	5.19284033889001
service	5.156987011201113	5.000714424759244	5.269664430400005
height	5.049399697837619	4.857693751113675	5.026623605091277
prospect	5.130749292860464	4.977286157963854	5.145748881469074
pleasant	5.215758080725829	4.8310223476955905	4.962374466269132
shade	5.109564465188758	4.829855154498798	4.932626789846218
listen	4.997306349792204	5.055536368726614	5.0226881567186386
mighty	4.983361163842324	5.022060863478542	5.0686361969218305
country	5.092532629197634	5.000055939658611	5.250035906240197
title	5.183437183386534	4.950641674177898	5.323172434347535
choose	5.118542975230351	4.937381199288731	5.194097331716747
village	5.127628946057628	4.90235620250732	5.065008109040275
acquire	5.1860640828349	4.955543630643564	5.27607297441584
rank	5.100127410823826	5.041972266576394	5.255290381567402
bow	5.033041395385928	4.952976037047115	4.979364070285441
doctor	4.986265214054766	4.981632789899273	4.996515036746498
talent	5.208365254058424	5.000037257770237	5.298180397567044
source	5.141630391721488	4.9536877015232	5.226432714524337
lead	5.031673648405553	5.017033609503809	5.134414302272477
question	5.025114650918194	5.03008986369732	5.2446945509844625
publish	5.205526138754044	4.925229318120188	5.31773393936679
interest	5.115379727321493	5.019887404968305	5.271003419765941
serve	5.036854282549787	4.953953597641804	5.081863748121994
divine	5.102379470596709	4.993238445370497	5.223449709240333
put	4.943556519596748	4.927069229387356	4.943808089416626
shadow	5.0259242220411275	4.9085794754875804	4.974838923343895
practical	5.145773462874966	4.960389293790254	5.3007569750109385
surface	5.047040269958679	4.796233736390566	4.941913349119092
account	5.067713217581396	4.974292753537735	5.1798657956831
loss	4.92117402197027	5.08096176138857	5.112268599944283
indian	4.9532001421632845	5.032826434123835	5.112076360177208
vine	5.118489321726227	4.775802328043146	4.988612069989261
certain	5.015823188813417	5.012926174796934	5.185346002778376
sin	4.846312309062442	5.108771677920241	5.072581620312899
necessity	4.979010727693556	5.061986229395343	5.234200248899727
lose	4.959736397730953	5.04570386428604	5.043704908145178
private	5.071951374369444	5.040673919525114	5.262286114433471
gentleman	5.119202876590121	4.951662993459014	5.106822210697243
daughter	5.024614670340417	5.0359409700749564	5.0636191891874285
drive	4.8272659464410514	5.090836218922722	4.956312496478156
strange	4.936259294471579	5.037137044875898	4.954193600687669
journey	5.122466480114263	4.93396747735817	5.043007627635094
uncle	5.090895637431563	4.934406160731504	5.008846392074103
species	5.022558584692755	4.925992577862785	5.111844664538544
think	5.007873103358747	5.018589344251531	5.055695322626338
bed	4.988080047065646	4.835902067643769	4.811817034197904
wind	4.9259904027157235	4.9498174218856965	4.878920668059106
bless	5.066205621572588	4.9524009593920635	5.003360977505345
destroy	4.864429297972247	5.083230833745253	5.097398589528149
author	5.177314796891885	4.970077171337443	5.267723605917346
sustain	5.018144352922642	5.035831866497417	5.2330477616687965
black	4.9409216976404196	4.8661458012536825	4.847824297324603
event	5.053094248835864	5.073286951288224	5.250184145132088
liberty	5.050026475120804	5.0928845174147765	5.301302586861144
negro	4.924548255811866	4.970885345055326	4.973979830361637
little	5.082949818979502	4.893945748586018	4.990500132918466
fortune	5.056861966146215	5.060589682963167	5.150263760051696
touch	5.022298506420282	4.963092943408556	4.999522630714416
kill	4.769775600483733	5.092990259761112	4.904719990512393
feature	5.075255340856745	4.9327704128595204	5.074255140958861
happiness	5.094908531317709	5.048632727756074	5.202482265392508
assume	5.045417790193163	5.013921239539136	5.189682942366893
notion	5.04184116568807	4.980073416796696	5.1374338071022985
purchase	5.140920600653243	4.87124817666594	5.136478767200147
faithful	5.107971054923965	5.046280213302235	5.218634380236174
soldier	4.9002675678999355	5.151512253968002	5.089267611594472
father	4.972153952890193	5.050942005856389	5.053776362298794
narrow	4.987547789220624	4.892944216359822	4.988800030671372
great	5.08543935046519	4.995492551616555	5.217475906411558
tear	4.897669431997932	5.000336765413858	4.877676588303826
honorable	5.101538904787293	5.093856612188105	5.3375713195230405
previous	5.0753943391646406	4.962238176558463	5.182568931302424
good	5.069002859465246	4.986219094420659	5.1066764438678405
domestic	5.12494287946726	4.941808789493955	5.167086866561098
glory	5.133520208675422	4.993897811286672	5.168747833622883
lay	4.981762340200832	4.902027370229157	4.951492922996309
occasion	5.04425913784755	5.044399362280064	5.188530809790138
guard	4.893087355945607	5.1051607498828675	5.078860256045783
whole	5.043605258294554	4.947310934600961	5.129523035786253
mouth	4.960006126865433	4.8838489592401	4.852313299978757
receive	5.115910319120793	4.970727422825849	5.202199479239352
take	4.991675476841531	4.976492454611161	5.049970995522222
simple	5.1392752490171345	4.883873906966033	5.123539546798657
error	4.947396965419496	5.080248843969491	5.230524301597437
wisdom	5.07267947859269	5.05874506982758	5.249438301810133
rock	4.9567785408046054	4.892842526240874	4.8982734619595
decide	5.0340029738290335	5.059649890312905	5.279366382986454
exclaim	4.8944155651243575	5.060114237069295	4.902210179320896
assure	5.044394854637479	5.056221223084351	5.147724014197884
sign	5.014855540825864	4.973528212977203	5.105516754943921
preserve	5.104668198705184	4.916416714513722	5.147838435403809
commerce	5.106309063515772	4.958111312756996	5.250670979232956
plant	5.096268682286685	4.789881752931098	4.985380282648314
walk	5.108303751224526	4.85927139439733	4.911157626902818
difference	5.052722717382577	4.942723786345784	5.18222523503585
hang	4.936232974695549	4.889059280774021	4.8265239683565
following	5.213537263660501	4.861522649808249	5.215248686344399
employ	5.102566839748084	4.915294428843129	5.175001599702206
