deal	5.019316608518272	5.0143462184663505	5.0927808817972675
study	5.252324329097118	4.914320717720721	5.230197506574727
afford	5.151153588937124	4.950935113093481	5.202269595820244
service	5.152671198221823	5.0258944396360725	5.264468919905113
height	5.047052692436306	4.883653227589199	5.035799017215407
prospect	5.1276276304824995	4.998707971552044	5.150680043137041
pleasant	5.223679205252167	4.848049362548239	4.972042230215275
shade	5.119508030675579	4.855866429987161	4.94961820119851
listen	5.010421560108728	5.078926538321358	5.034317913816569
mighty	4.979747713721787	5.04264567747738	5.071265799727231
country	5.086200254059419	5.022356170585631	5.247043505118912
title	5.198270560747406	4.974902388919858	5.32014883922412
choose	5.113595811235593	4.958463898507469	5.189731850800754
village	5.127052972011424	4.918836344430481	5.070244279999308
acquire	5.183521932190861	4.976558408541351	5.275849213680586
rank	5.107124480890759	5.068835381835028	5.257507644626962
bow	5.0434091198014634	4.972772095747762	4.9826896341631945
doctor	4.987225077276465	4.99523836938423	4.995414152823125
talent	5.2158851140860705	5.024819206881184	5.30212162227826
source	5.139953081177036	4.980692358212063	5.231941914558651
lead	5.031146876263547	5.038257450333056	5.1406374690864975
question	5.0275977005537404	5.049678869901222	5.24573619906103
publish	5.213053484574637	4.9502349433565564	5.316403437747204
interest	5.119211087122973	5.045968976227775	5.27374841038424
serve	5.032833396846441	4.9716765702592625	5.080235832450125
divine	5.105746552311862	5.029525120109629	5.230698936804991
put	4.94131071494278	4.932254422827324	4.939846903054209
shadow	5.033721117960277	4.932425116415853	4.988570837728949
practical	5.145836194545148	4.9841003361917515	5.305460627899368
surface	5.04722123918234	4.811376215855912	4.952634201097435
account	5.070986220363413	4.992152307286613	5.18211133860496
loss	4.910775842411251	5.10138539581461	5.107890491711167
indian	4.952050710746922	5.040899315660068	5.108599975447481
vine	5.1140010338163036	4.7925151420805445	4.995823979427805
certain	5.0161674840371635	5.035261446175772	5.190753580513933
sin	4.836794572445054	5.140954745681985	5.07220497381817
necessity	4.969770160152534	5.086784217883824	5.2365243823386995
lose	4.955330996963809	5.065059824095112	5.044605454168141
private	5.071668333798916	5.06924484204908	5.264875490884488
gentleman	5.133995475388693	4.965979124905463	5.109396402553578
daughter	5.0262296258247785	5.064818979874699	5.059163119545463
drive	4.8196568830540825	5.1051175921174154	4.958814338672365
strange	4.9490590033786965	5.058059679523566	4.966052822042366
journey	5.121550107777442	4.94524865233641	5.046584111858317
uncle	5.091953600659515	4.943767469414854	4.999945722418633
species	5.021890536029858	4.9495727274774355	5.118796501307805
think	5.009973780810768	5.035250356053607	5.055958999224516
bed	4.98534386102387	4.850195193499992	4.818813564704192
wind	4.9243702692147195	4.9667895221055325	4.890715285616965
bless	5.063484908813307	4.976788525214034	4.99937990509222
destroy	4.849691481314438	5.108110883210557	5.096154277483907
author	5.191463245123438	4.997224236916977	5.273266677269979
sustain	5.008326490131659	5.063933709917741	5.232133836080376
black	4.951081334843112	4.878360524590749	4.852667220123858
event	5.050735093656912	5.098438404774207	5.252248787186859
liberty	5.039858255530038	5.1227573308680014	5.293543942502004
negro	4.920327158280574	4.977490408823386	4.97225359182512
little	5.088116221805644	4.90483922682693	4.993236297001794
fortune	5.055899051133908	5.081099885395553	5.146291438759014
touch	5.036854400065499	4.984894039601915	5.00956640407564
kill	4.758664800553545	5.097454640341295	4.89626040997074
feature	5.092948735088993	4.960174041966983	5.087129441779906
happiness	5.090771424707498	5.080215642164728	5.203603001250633
assume	5.05166600984126	5.039032450232458	5.195676905225865
notion	5.0502187215156695	4.991808382284974	5.13890419969417
purchase	5.136048524480616	4.884896424541409	5.129911818562705
faithful	5.110939141272118	5.074530619685963	5.217748033640849
soldier	4.898828598561979	5.1697458441036614	5.088087340170739
father	4.966811056105104	5.074273848136822	5.0468159857322625
narrow	4.985414147372692	4.911576982049286	5.000142515268799
great	5.0854990111239085	5.017901140957881	5.220211590257291
tear	4.895347242275021	5.022244332718336	4.87886642329663
honorable	5.10317591348323	5.120774169413375	5.333497406726651
previous	5.068439228651127	4.983777126537881	5.185299937239783
good	5.070535072390141	5.000026848824017	5.103623190567227
domestic	5.123569105600286	4.966229067067302	5.169259872265579
glory	5.135154752789728	5.0215604609091455	5.168731720125822
lay	4.982337840342774	4.915938890019937	4.954319352057204
occasion	5.046931807533566	5.066862506739579	5.194633538871854
guard	4.892219432560411	5.128493720461814	5.0839361091594055
whole	5.04247339191948	4.968017667687577	5.1337615377719805
mouth	4.969495610097062	4.890737790819329	4.857762331275401
receive	5.115552398390481	4.994504953955035	5.2030229699927135
take	4.989258731861178	4.988901268691276	5.048824642889932
simple	5.149995646020094	4.910030531351566	5.1352208297108675
error	4.945395278986868	5.108674305693147	5.2331084508889365
wisdom	5.073520983232762	5.088381736247611	5.252416527033601
rock	4.95511292727829	4.908684159624819	4.907846871843172
decide	5.0343309461607895	5.081395694284921	5.281269796286209
exclaim	4.9044295458473695	5.0744069966052745	4.905928024595028
assure	5.046544393249553	5.07359437419921	5.148362904362639
sign	5.021456378868704	4.994450661330681	5.110219127918889
preserve	5.100499052012827	4.940134382724	5.148338076440625
commerce	5.102970396344535	4.978125163213151	5.249997099687174
plant	5.091982772867412	4.807852990509307	4.993355818295114
walk	5.118223675526984	4.874040307662869	4.9235601935220386
difference	5.053423399283765	4.960879317585413	5.18217105313249
hang	4.946511638699212	4.904699416533593	4.835724124747034
following	5.2227946982879	4.884277431757223	5.222345901320088
employ	5.101403838936587	4.933287425876634	5.179995827398679
