deal	5.042663745776517	5.011843872781842	5.10040519608334
study	5.27012982815955	4.906866009790841	5.2391557318446615
afford	5.169957637544206	4.9495838380432495	5.210831705912234
service	5.168567911634032	5.021853561669205	5.27418759223798
height	5.0831914651244245	4.87542441888342	5.040104236068979
prospect	5.159089487962162	5.000083392006449	5.164150433022332
pleasant	5.258147143267156	4.841606720560361	4.98196951767779
shade	5.159260513183141	4.840004961429561	4.9569508179249375
listen	5.0384053290989606	5.066601628100969	5.033106290632239
mighty	5.017665314187335	5.035280157083761	5.078497851270027
country	5.107793584464788	5.0252598958627654	5.260512887835874
title	5.202408081334517	4.969906467578082	5.323276498521787
choose	5.1356076689294	4.954948020571964	5.195836528732825
village	5.1597829015660635	4.91136620678188	5.0743298883821
acquire	5.201455161384226	4.976821786602661	5.289478029794888
rank	5.124696772130556	5.0618812025685465	5.262151911250272
bow	5.0672524396714085	4.959199750966672	4.980064774054582
doctor	5.009183780241312	4.98390598091281	4.999532327580328
talent	5.234329405784507	5.022651507109394	5.310946203275378
source	5.163086618949534	4.9762981264978645	5.244373212603473
lead	5.056485854518564	5.030570541784061	5.145401497553734
question	5.039801949514903	5.049037318146212	5.248477661388166
publish	5.221661659389658	4.94395079777693	5.316768377171401
interest	5.132256970404502	5.0500494973435925	5.281819241470244
serve	5.056543569202416	4.963021544794052	5.088416211494554
divine	5.131883243741017	5.012846031637883	5.239863318750357
put	4.964558944827583	4.926307126839592	4.943290932604329
shadow	5.073051993179987	4.919005397246663	4.992781890186561
practical	5.1609413293929185	4.982145759214333	5.3128732642062335
surface	5.084089128076585	4.806882896177347	4.961222918781537
account	5.086611199357415	4.990455258679763	5.186247482693873
loss	4.938519562410132	5.105492993160774	5.123331363901992
indian	4.975256837082715	5.034647780139113	5.1095861059426415
vine	5.150038521480631	4.786586395223411	5.009052508010928
certain	5.036041037905819	5.030080427901719	5.196157671406169
sin	4.87580082931284	5.126564641673839	5.089122844112327
necessity	4.988566279342954	5.084582627607481	5.244425424243503
lose	4.987694644851299	5.061887221318936	5.055925991910817
private	5.086220955575592	5.06763279439963	5.269326173074289
gentleman	5.146069882424105	4.96166207334863	5.110008687923225
daughter	5.05219272300478	5.052231773984533	5.072269483597804
drive	4.854621862585576	5.099101113074528	4.963043858052121
strange	4.98221044058372	5.045410218842269	4.969237991001834
journey	5.153486522011744	4.939125528215847	5.050573810880781
uncle	5.11669551423191	4.938137604055721	5.007716509012902
species	5.043424027552165	4.946082744218919	5.125148741142178
think	5.037157727115078	5.031815415466157	5.0653593513105655
bed	5.023388971477937	4.8351569618208305	4.822937383756005
wind	4.966742518331306	4.956169107258458	4.894500894234637
bless	5.099964178309168	4.962354041380736	5.015262229344876
destroy	4.884746092319229	5.099840886469221	5.111806984502916
author	5.20546996203107	4.988205429289843	5.2777040227352545
sustain	5.033090859822346	5.062832193752085	5.243599577437158
black	4.982514399452438	4.860796477987313	4.85126020066143
event	5.073657061812792	5.096302694752971	5.258747870590375
liberty	5.060549369476517	5.121805316708523	5.30696438630529
negro	4.947340091785568	4.970299026057466	4.97658493124922
little	5.113038659254259	4.90042673996753	5.001203664161408
fortune	5.082620694898043	5.081111119625189	5.163716441358837
touch	5.0611741161012915	4.9735165782341975	5.011549507983426
kill	4.796801610310133	5.089216716525071	4.9027645729483345
feature	5.118386891761282	4.95113360528366	5.090382496696681
happiness	5.116847689722163	5.077274884875879	5.222057518255714
assume	5.06977165641638	5.034763661564506	5.197655595973905
notion	5.0675049236292296	4.991038493281639	5.142758752852423
purchase	5.153813039066718	4.887813524933736	5.144450387432549
faithful	5.131643522168711	5.063769241479481	5.226543326788461
soldier	4.9268143181661195	5.160744577670961	5.088939375216593
father	4.997672814312904	5.062116438437381	5.06000539997509
narrow	5.019654105851377	4.905370162863415	5.006020676211368
great	5.105015773875321	5.015156479336675	5.226311786814665
tear	4.934410922164242	5.009711622459109	4.891491043353977
honorable	5.117281340162803	5.12018386404512	5.343837059038025
previous	5.090440649527045	4.980541262532305	5.1893461641997565
good	5.093877580246353	4.996224310164489	5.1170859026774735
domestic	5.138864894011703	4.966109468842947	5.181986209782921
glory	5.172274212355378	5.0138277401264455	5.182542039899455
lay	5.01237802326843	4.907530696484355	4.959221327114181
occasion	5.064518278348276	5.063319703297503	5.196329457487957
guard	4.9171930542313484	5.114639138253089	5.082203540240304
whole	5.065511834174283	4.9651574036210055	5.13942243551919
mouth	5.002434397117483	4.879416621870086	4.855960826989488
receive	5.129138731777698	4.989648251499714	5.208352890436627
take	5.010532437655359	4.9825991261621665	5.053090202567693
simple	5.170104965623921	4.899675897162464	5.13991859644885
error	4.971100782851227	5.103867146267907	5.245026018553571
wisdom	5.100490285508824	5.078341288366753	5.263911934631086
rock	4.9984517479264285	4.896425497700551	4.909530611939628
decide	5.050258463046288	5.080862871392441	5.282918222025047
exclaim	4.932909167971535	5.060808680749714	4.903626089595205
assure	5.066459121911417	5.070764771665628	5.152355739736676
sign	5.0424453771334585	4.9801575520095716	5.107230905670208
preserve	5.122946019512791	4.9313826661329365	5.158851746165111
commerce	5.115354824746526	4.98334495002257	5.259178156723146
plant	5.1277053214951955	4.798578747890174	5.006131524630423
walk	5.151863307224822	4.861375018704711	4.923230492561122
difference	5.071073937124081	4.963361764854323	5.191154227195929
hang	4.982731186930974	4.888155530900376	4.835354920893888
following	5.233030676112188	4.8748002927579455	5.21845433312105
employ	5.118143144829875	4.9304354780129165	5.184167697075668
