deal	5.0498163277655275	5.033852166175305	5.12147492713449
study	5.2837333243211235	4.9333287235498595	5.263357826666018
afford	5.182545902509134	4.968671602271993	5.233814839396662
service	5.196389961916211	5.041934171650771	5.304781784786172
height	5.064263995287793	4.900391783634698	5.057442418887522
prospect	5.158586223252585	5.015960923484971	5.178154412474075
pleasant	5.231378488090252	4.870228474786964	4.98705054273337
shade	5.119273641964404	4.8717963968068	4.960870713891114
listen	5.02500788285785	5.099080356381912	5.0511034464315765
mighty	5.0002144957276204	5.059312764256279	5.093589886025834
country	5.121057155441435	5.037578555811315	5.282528092436596
title	5.226925966477158	4.993905391550091	5.359255356824514
choose	5.153540884700308	4.979217448876419	5.225119959181273
village	5.141615395696975	4.933325233292833	5.086179089324135
acquire	5.22249871309352	4.9949676402503185	5.315106483701264
rank	5.141508632189486	5.082252987472373	5.292622485166427
bow	5.049679706882392	4.991431910292007	4.996619878453411
doctor	5.014629119876441	5.014823507388568	5.0185118599476946
talent	5.258552108434814	5.041008410606933	5.341326206095718
source	5.170387217136077	4.995277601770394	5.265729881220468
lead	5.056137344962585	5.056715973957722	5.166035353331712
question	5.064405571442311	5.068554594020258	5.278136039160036
publish	5.2465353069348675	4.968347229561923	5.3544186187655844
interest	5.157846166825298	5.058358550883979	5.307525041047286
serve	5.060789043964138	4.9965338595038595	5.114879714217303
divine	5.135983962809751	5.038946475178567	5.260414252102203
put	4.962389939260507	4.962287840170459	4.966678378452664
shadow	5.039040037080063	4.949347241061376	5.000618679674998
practical	5.187778704080633	5.001189949618491	5.3425436135170825
surface	5.052133663488596	4.832874868899312	4.969566701818655
account	5.103415689031899	5.011696768547947	5.2154611117414085
loss	4.953319134230218	5.120783741960752	5.145577854603604
indian	4.969571195320051	5.065085162806078	5.13509580486579
vine	5.131580034944893	4.818260524266356	5.021583641187712
certain	5.050081058830526	5.051610746928211	5.22166455508883
sin	4.87058897718842	5.154492032486949	5.100776031904693
necessity	5.012113591891978	5.102042369635412	5.271744877871044
lose	4.985478043565927	5.0863607439719845	5.073385495183612
private	5.115292579841964	5.081230731748772	5.300505736610381
gentleman	5.158347842924673	4.987517640470751	5.1353784243080245
daughter	5.049062381102312	5.07775102513044	5.082519247569125
drive	4.836091498119765	5.126873153004035	4.975597767806191
strange	4.957092777229075	5.076788404538317	4.979692467311366
journey	5.141873966187967	4.970872017637353	5.068826202340547
uncle	5.1165994229783	4.9676756661753565	5.024185075389588
species	5.05001051796169	4.966439373450765	5.150313290528781
think	5.0373433880390515	5.0586001126242985	5.083524775744849
bed	4.986771553686742	4.868267870992483	4.822749112430321
wind	4.927107328751347	4.9896034273630905	4.900748840748882
bless	5.082868675718541	4.994767178004751	5.021579468202973
destroy	4.883393278928808	5.125815718054514	5.130065596728978
author	5.222519823584189	5.015089529443507	5.309888322176854
sustain	5.050920983745913	5.076564457726941	5.267706845189852
black	4.948513596638288	4.896541292281725	4.861213180150147
event	5.086958533143071	5.1135226038498445	5.285335091390124
liberty	5.08219073432468	5.136461870279953	5.3326060467365215
negro	4.940219800849054	4.994365887064178	4.988759491064635
little	5.105393909131273	4.929090182539454	5.0161982754154115
fortune	5.095323267899044	5.100841042922001	5.184345743563555
touch	5.045621548598366	5.00494554414092	5.027954824915869
kill	4.777977481856667	5.131165528538843	4.921067537163525
feature	5.100042821548992	4.970588061880727	5.101887616537279
happiness	5.127305488300053	5.0938228082881745	5.237285659460639
assume	5.0815343255184615	5.0538702763402545	5.224045489048657
notion	5.07685376339829	5.013526246342016	5.166318216069122
purchase	5.167527064327743	4.905308396007232	5.165358567618393
faithful	5.144716855195502	5.088667966618939	5.25076012222618
soldier	4.927666650392065	5.1936427265884575	5.1197423910136655
father	4.988858748860665	5.0911510147631605	5.068776712702227
narrow	4.994548272114073	4.928136845673733	5.014636513577431
great	5.120017979363278	5.033643171504259	5.253536445546007
tear	4.902487471101716	5.041705415926692	4.892668291602361
honorable	5.152649310417461	5.136756407674696	5.377189542016847
previous	5.1052436562878025	5.001455247595734	5.216016874266335
good	5.10223493504858	5.0235373645304096	5.1375391527852345
domestic	5.152138284846723	4.9818388615541815	5.200408040547344
glory	5.163971143696298	5.038725903573196	5.20376146243625
lay	4.990205611651215	4.938226203853301	4.97142283942182
occasion	5.081298625532473	5.084624336147218	5.224910423081309
guard	4.914293583600012	5.147552633977771	5.107733273555366
whole	5.069425159087583	4.984612995303398	5.161898769887275
mouth	4.965323843073834	4.915951480412003	4.867340902176179
receive	5.149300691308334	5.011622148961163	5.236988052116565
take	5.015018569342077	5.012232197981022	5.076155782299477
simple	5.168235591680338	4.927177842037236	5.159859183320475
error	4.9898567769191695	5.124807556293945	5.27230507213117
wisdom	5.114044046438057	5.105281564783826	5.2909216994517925
rock	4.951765390719092	4.928351082410919	4.914337310989566
decide	5.078834628642514	5.099165346307526	5.315890617930052
exclaim	4.911003160603412	5.094922366222467	4.915365166589008
assure	5.075852058420988	5.097136147080667	5.177567869772369
sign	5.042421361070984	5.0123134901468696	5.1337638085369885
preserve	5.1265300831041944	4.960506887472893	5.183117459079946
commerce	5.13186701594998	4.996544813796731	5.286422520212945
plant	5.106374099895623	4.831467528114191	5.016550124375376
walk	5.124826168109125	4.894747820685272	4.93225234997429
difference	5.085459780732331	4.979761454244599	5.214863338142289
hang	4.945308342153674	4.925855435321611	4.844029235924772
following	5.248088037393724	4.905817400562381	5.252911715600495
employ	5.134441680527246	4.95124722498973	5.2137393404115775
