deal	5.035502953398015	5.00439892338521	5.1082972291488655
study	5.274206614183275	4.910396729571054	5.253928516198681
afford	5.175052667402154	4.94293479930158	5.223978298060324
service	5.1648727116425635	5.013099319414904	5.286921526704329
height	5.071950543994492	4.87448946941096	5.050825658348813
prospect	5.148831918120145	4.991165736513227	5.171158810031737
pleasant	5.233262439246173	4.84551688829787	4.979258521235121
shade	5.128079607662643	4.855867962563279	4.95979826647646
listen	5.007940372328014	5.070557478253251	5.036452040565798
mighty	4.991449352247899	5.03638414664295	5.0873538612775
country	5.105082642794155	5.0168357644809936	5.27479746532155
title	5.20481249828597	4.968227093000241	5.347515704370285
choose	5.126026045521198	4.949754152346307	5.206093910774171
village	5.1367702100526875	4.910205904821424	5.076242044541017
acquire	5.210524243419647	4.970421179921291	5.306469349857434
rank	5.116423167155901	5.056068048727702	5.279143750311633
bow	5.040561163043394	4.964611695267532	4.987343764221003
doctor	4.99246315121358	4.981660690949179	4.995931027397104
talent	5.241873740935377	5.016206886129467	5.331568235606296
source	5.164292417662571	4.97515948921681	5.259051259348975
lead	5.042543226538959	5.03112405008562	5.155549030056674
question	5.042723220090327	5.039831615309412	5.264670050232906
publish	5.226204851958313	4.944901974433733	5.335279062461963
interest	5.138556340288453	5.035667822826866	5.299322408231854
serve	5.042533280597116	4.967749075329185	5.0963454314399845
divine	5.118478705503658	5.020881043572233	5.255207167679526
put	4.949835513167803	4.927246394380224	4.945914597742147
shadow	5.044026388559897	4.930043236182476	5.000133414972351
practical	5.173573568359044	4.977185975291858	5.332256253855456
surface	5.072154027289509	4.812131715656117	4.9676828300775115
account	5.090892963196945	4.981788104739489	5.197308137548431
loss	4.932026469123662	5.089174284228849	5.126138266992017
indian	4.957167656783784	5.037180469878523	5.120416459599516
vine	5.140652828823958	4.796167891734411	5.014656838055378
certain	5.036286201639811	5.023113277130675	5.209608784391925
sin	4.843736356617689	5.131653615857762	5.090564673147647
necessity	4.9920893228031415	5.074013807821672	5.259401983800163
lose	4.971890858131802	5.056352463273685	5.060116169427404
private	5.086310577088452	5.054025492559323	5.285646613215926
gentleman	5.136997348180075	4.953500398388065	5.116121176839364
daughter	5.019405533791929	5.0524968442694815	5.070134515608926
drive	4.824509771648375	5.092860557417837	4.9604557420299455
strange	4.95004825473393	5.048500259944016	4.969661647145331
journey	5.135485896757847	4.94249402170955	5.053858600951079
uncle	5.099323679197854	4.934893591516341	5.0078117771107875
species	5.048265275283725	4.9395970985490445	5.138515768360595
think	5.021386352605353	5.0270390995066805	5.069317913486014
bed	4.988297373894896	4.843927852424129	4.813215516221296
wind	4.9347558702435155	4.9586347276850855	4.890743564808572
bless	5.062201025000884	4.9719776822462975	5.012196191039283
destroy	4.864237892125879	5.099955521497509	5.114800675954324
author	5.207216528902903	4.992833028623884	5.296246813133752
sustain	5.030469951556853	5.054809963346343	5.256422286256058
black	4.948836824793259	4.871380632216107	4.8498212949966835
event	5.069068798425373	5.088929248379671	5.2708325958538325
liberty	5.04903528972489	5.116093134435601	5.320821558523208
negro	4.927466053602632	4.964221563173699	4.974380712740727
little	5.100048240419434	4.89931765157559	5.004263283956606
fortune	5.071237418974485	5.072880465022487	5.171521062234111
touch	5.039417237673067	4.979322357302877	5.01756190702927
kill	4.758983796404249	5.093334758083278	4.895829510684774
feature	5.100952969441816	4.951921819523113	5.100887613516624
happiness	5.105550631166249	5.073810227165937	5.231985847160658
assume	5.0664872517382085	5.025305176954111	5.211216144814703
notion	5.069070783775708	4.9829511733280025	5.156849526313729
purchase	5.154383225429164	4.879440690297086	5.155334739177889
faithful	5.112815856063549	5.0670052050786225	5.237947793134673
soldier	4.895992585216347	5.159655518347467	5.095506059342766
father	4.962649394383481	5.065358193949063	5.058058722676422
narrow	5.002351353552344	4.90508600719129	5.013681938677033
great	5.107387191440081	5.007432683721697	5.241877462734992
tear	4.889119832050717	5.020458966079882	4.8823680238573655
honorable	5.1148169797381335	5.11015761413738	5.361414026420531
previous	5.089178975097299	4.972129973987153	5.195611913424757
good	5.082836643505351	4.992251564012744	5.122312941329163
domestic	5.137425900797604	4.960867679127805	5.192723697997898
glory	5.148701001735539	5.020541594426133	5.196895304150069
lay	4.986507528977211	4.915369980762892	4.962441399782145
occasion	5.060868233806972	5.055283661376088	5.206385730843532
guard	4.889191706806486	5.11490448771322	5.089168262658514
whole	5.060040035589988	4.958941433724143	5.149091936400126
mouth	4.972564689897816	4.885141954572516	4.854886036608402
receive	5.128510211733808	4.979064002065492	5.2169293679686515
take	4.997892257141053	4.978620740535852	5.055528113271022
simple	5.165928752652984	4.904306721377952	5.153997145689594
error	4.9694486897406795	5.098262320082921	5.257650648021708
wisdom	5.091612786735395	5.080016557727852	5.280740178576317
rock	4.964173567508474	4.90631202924097	4.911160971540171
decide	5.0534270604459035	5.069080970780021	5.300410711516374
exclaim	4.896517330972877	5.061242037350781	4.899207824824184
assure	5.058712717660926	5.063050705907375	5.162356568836377
sign	5.0291737159687	4.98132162178468	5.118181364896182
preserve	5.1162432833119285	4.93763113353914	5.169332222725528
commerce	5.123344875489161	4.974257126534331	5.279067344136274
plant	5.112857535457667	4.812242577385492	5.010797020953363
walk	5.125049207467646	4.866170820761744	4.923416372955177
difference	5.0765678301192825	4.951887062202378	5.2046529752231425
hang	4.9468570715839135	4.898187703097957	4.835065175579455
following	5.235527732714868	4.87659974546794	5.230521200513773
employ	5.127217986689311	4.9238541578521735	5.200550569456162
