deal	5.022838900177597	4.979721763200348	5.085672115541246
study	5.24775390448602	4.876757445259638	5.2183981389538605
afford	5.154812220068422	4.913397923281883	5.189243519983335
service	5.1646535762287185	4.991470448720389	5.270242160915448
height	5.032916979260639	4.845133678561556	4.998272802473815
prospect	5.128404351925001	4.960021223700613	5.138131112896853
pleasant	5.202734135710233	4.806763924425532	4.943077196628572
shade	5.097452740844151	4.815482339092134	4.912874860835206
listen	4.997450371552192	5.043838698773515	5.018431324440976
mighty	4.972821401240538	5.008152396489113	5.048832134660819
country	5.094756918815945	4.991641973436289	5.2448382900660855
title	5.1973733172310075	4.94993472807134	5.320682103057145
choose	5.119027766279241	4.923921165904956	5.18034422245809
village	5.114993995562911	4.872941276648712	5.038562862816928
acquire	5.189366666759068	4.948472856888119	5.273848694807731
rank	5.109704934099896	5.03583210745781	5.251832379653293
bow	5.0246999386749716	4.942870319621152	4.963759162273766
doctor	4.9857093569184086	4.956687173717509	4.989139449286252
talent	5.2191275832583495	4.9935396013905295	5.2982232619390155
source	5.141677211940137	4.946407505704622	5.225033707763703
lead	5.031620890282717	4.999811922867033	5.126267513903271
question	5.038441213182451	5.019189051842124	5.248035263934844
publish	5.207467342963128	4.917121782823428	5.306490270866997
interest	5.12724717623435	5.013087702057086	5.27628259800889
serve	5.036602828007835	4.936945212466751	5.071386697882443
divine	5.108232547879333	4.992256816349588	5.2270315805778065
put	4.9406050114969	4.899012685650284	4.925432825271141
shadow	5.018624218805297	4.892481904450767	4.955944056140949
practical	5.155969879944594	4.94937706286378	5.300853112184554
surface	5.030656043136602	4.776892072556747	4.915371315187267
account	5.0742327611378055	4.9584287455232525	5.1760698479832286
loss	4.924490923528588	5.0729356209412995	5.11440201039555
indian	4.950048007071419	5.0145203649153	5.09545352255845
vine	5.10361010733395	4.758880421963708	4.964950992410043
certain	5.026469637173442	5.001036839458017	5.184808920284934
sin	4.849383923728699	5.1050342238101685	5.077593109156796
necessity	4.988930651212093	5.052376542768181	5.239401121222481
lose	4.959417222154801	5.031065514112335	5.036940836674835
private	5.086662135680644	5.026310852161715	5.265586014237938
gentleman	5.12911558993885	4.92885575992426	5.1002406326253045
daughter	5.024665116113374	5.029735267303875	5.0641425623591685
drive	4.821642426439433	5.066628904903927	4.9409099997974915
strange	4.93901239656296	5.020746135285481	4.946877033878772
journey	5.10668706969869	4.906087319511294	5.021259279962284
uncle	5.085781968075357	4.908618592276012	4.99728505255426
species	5.024607150891103	4.915755609002145	5.102088584494951
think	5.011749609156066	5.002837234492985	5.052754848991041
bed	4.968909774314354	4.805324851058573	4.787092255287105
wind	4.909278981588923	4.927779627032543	4.855047834498767
bless	5.060221651958462	4.939819509162972	4.996326709468503
destroy	4.8636606332971235	5.076554348064002	5.091219173469644
author	5.186166439170782	4.965418143128458	5.2659843404635005
sustain	5.019839511037826	5.034900969297092	5.2320482043342
black	4.931056294031686	4.844597197672071	4.820387091344504
event	5.0554016019464045	5.063322548921014	5.247530138451792
liberty	5.053097335983453	5.092241646331897	5.301396075809599
negro	4.921841210945788	4.937419736590157	4.9552686082239115
little	5.07876531422255	4.871056891511129	4.975951279577837
fortune	5.061884489323421	5.0496629339045205	5.149898871885315
touch	5.021789966825994	4.954566656116908	4.993377966790542
kill	4.759515808943236	5.069461338573688	4.886481030321665
feature	5.075950659898976	4.930991616584847	5.067111414157728
happiness	5.101100210976517	5.043837728531042	5.211366336229876
assume	5.056871722843589	5.009085806159557	5.190189821116378
notion	5.054084996494005	4.959417551216588	5.131364856029702
purchase	5.142486805444509	4.852101957768832	5.128279599410794
faithful	5.112160344890606	5.042031344260347	5.221876808588254
soldier	4.901158188213753	5.135161669143374	5.077824008703051
father	4.970109577261691	5.042256032228342	5.053026278229863
narrow	4.976735320181045	4.870093228647341	4.966860741189159
great	5.088924032903758	4.985102166234231	5.211102090803645
tear	4.8850263324910195	4.99207041459458	4.870374630431018
honorable	5.11893913954573	5.09386816314797	5.349423293095033
previous	5.074397458127614	4.945404983005497	5.17358382986181
good	5.076790076508496	4.96682226233028	5.104154992486641
domestic	5.131402810218428	4.930727477142392	5.1675406384194424
glory	5.127089082431484	4.9902088589042535	5.154957430184776
lay	4.970032347173797	4.885498867814082	4.931583552100368
occasion	5.052317610696572	5.029299857963296	5.187712132386878
guard	4.8961166247160195	5.086494852215349	5.0704419494201645
whole	5.041863902540187	4.933063350238801	5.115956504699781
mouth	4.942463332122066	4.860678581260112	4.823953543000013
receive	5.12205649079166	4.961322149712902	5.203485590175958
take	4.993324422083633	4.952965834912329	5.040556959893744
simple	5.142476137674302	4.874867718386603	5.116614109271516
error	4.960016160403093	5.0778572994583016	5.2375741207354904
wisdom	5.080627789884916	5.058367372192744	5.253580526112646
rock	4.9321990853167925	4.871389318031963	4.865169278302267
decide	5.047611912619525	5.04884314691769	5.281001932106803
exclaim	4.892643387042279	5.0396439912939925	4.893160461929606
assure	5.050891933479209	5.0437994192063496	5.14908694092631
sign	5.018027834916946	4.957556410752936	5.0947921483208285
preserve	5.09987498611268	4.91039977125047	5.139540468234365
commerce	5.109804557470005	4.947412222490505	5.245255183682527
plant	5.080658387907567	4.775290766176784	4.962350986377983
walk	5.098512633333439	4.826647047823374	4.887315493167538
difference	5.063403790466695	4.928356583727494	5.178317552765716
hang	4.928653635591915	4.866798068483986	4.802595997346786
following	5.2133093322921455	4.847831384168457	5.204367940439337
employ	5.105672683690435	4.897850363110813	5.165242792757059
