deal	5.047740623150481	5.018505767954093	5.1176017662029185
study	5.282855797407205	4.914115947235951	5.262804825508647
afford	5.179905944315783	4.953531818252084	5.229105852704361
service	5.18930340739468	5.022201115983664	5.299109976746491
height	5.082344032886499	4.88621962813036	5.067282003505697
prospect	5.160574566203784	4.996792467229218	5.176580962101834
pleasant	5.244714968819132	4.847626118303642	4.995712297871006
shade	5.143731928379722	4.855992331137689	4.978148301491441
listen	5.0301895203842175	5.07129833493331	5.047046157174065
mighty	5.01106252157575	5.042100347433331	5.097449895541395
country	5.119930308285633	5.028605675391064	5.284974701497925
title	5.214358567586481	4.985632854193975	5.354900609837452
choose	5.143670657865341	4.961497673326137	5.218774521294486
village	5.148377840837356	4.912859611220448	5.090085821559543
acquire	5.218921548555481	4.9828832573096555	5.3148238997866075
rank	5.140220296835262	5.070088337902602	5.292835970089952
bow	5.0655771267188	4.971525749294266	5.005736001065914
doctor	5.0157466441847	4.987165607405517	5.009616466043213
talent	5.250051716831259	5.031337965217324	5.338624701525714
source	5.171469735474468	4.980428597223524	5.263041562064328
lead	5.059066559938027	5.036740026601683	5.163595616250784
question	5.053443650266175	5.0509945271806735	5.265155836038874
publish	5.231492760788225	4.955419640101072	5.340894513916679
interest	5.151607428249382	5.0456425839273065	5.304332035779833
serve	5.064085998932703	4.9775275828976255	5.111288489784399
divine	5.142393666159881	5.019278103819238	5.262982312100883
put	4.9636712040001445	4.942148611554278	4.958253716562886
shadow	5.0578634681941255	4.930059688961704	5.010260994112758
practical	5.180630861023116	4.988407874789999	5.336698968183598
surface	5.073482192458843	4.818103951420483	4.97822350178454
account	5.097642939073699	4.994254155070828	5.205428775878103
loss	4.953996892294995	5.099116095616014	5.139524263572733
indian	4.970971475280674	5.04617186940961	5.131923703892752
vine	5.143331722150192	4.8008523257119124	5.02948910638282
certain	5.048319933729968	5.033964409980832	5.216608207635247
sin	4.883635758873312	5.126754966914981	5.105148718697546
necessity	5.008215195871611	5.083003685724202	5.263453545237028
lose	4.990414309606976	5.06395642644931	5.070622136510904
private	5.105728257406688	5.06642260897631	5.290580774168554
gentleman	5.153325839753458	4.967884982319018	5.129530342373804
daughter	5.058014133942589	5.052480838973557	5.090280177543318
drive	4.848040182596928	5.101228150568741	4.975282730975189
strange	4.971416694909232	5.0513164716926156	4.982914576015927
journey	5.14250941925033	4.943455718195652	5.06216605439058
uncle	5.113461495278753	4.942313799115001	5.018139042513845
species	5.052737605166126	4.954530402106974	5.1523504751489915
think	5.0375245232699095	5.033985802933826	5.078072564336732
bed	5.006809990763361	4.841545533685232	4.829014845697525
wind	4.948277800451302	4.962828341057286	4.904297179378624
bless	5.093980528172967	4.967981327435116	5.03046735226094
destroy	4.890869055413868	5.107748777802936	5.130376696717647
author	5.213635665285158	5.002014983122121	5.3027231326336395
sustain	5.051525335977653	5.064440099968107	5.265694026180535
black	4.970776466392198	4.882379663254144	4.874862717037444
event	5.084447947254475	5.091634016141493	5.275222411678173
liberty	5.0758854864411145	5.122527397871049	5.3293004998430265
negro	4.9460888243923655	4.972428854138435	4.990423290516562
little	5.111546231974525	4.909326823149884	5.0182418249832335
fortune	5.092440966063267	5.083217590764765	5.182608161962691
touch	5.056908534733985	4.983804347633228	5.029563681426849
kill	4.7847357632032175	5.097395175145217	4.91525428565664
feature	5.119285906568245	4.958995904691575	5.114222168801817
happiness	5.129180349388184	5.071826562400402	5.237750271928634
assume	5.083928757300771	5.039769884873976	5.2224111774191435
notion	5.073433809345005	4.998984134511146	5.163041950690215
purchase	5.1618949420482245	4.8929608291475155	5.166726237055169
faithful	5.142003969199865	5.067658030788055	5.246500186852637
soldier	4.929037491638477	5.167828771437979	5.11213152673582
father	4.9994084048254095	5.062735508967112	5.074488422115988
narrow	5.012685703689242	4.912779156009452	5.022410522942769
great	5.118978264012586	5.021016035239145	5.2507741479138135
tear	4.92448562943998	5.015742677727914	4.902086792208459
honorable	5.138539105615556	5.123981003664783	5.36776320399725
previous	5.101359112607842	4.97936759585283	5.204140521670928
good	5.1004679552436105	5.0037539959911985	5.134463850804935
domestic	5.155431677696591	4.969002736592019	5.205470704390566
glory	5.170302741810383	5.027049233511209	5.211243443871837
lay	5.00321968104092	4.921267829868934	4.9753832983856645
occasion	5.07657434673311	5.0638000255304885	5.214903684941534
guard	4.917003574748678	5.120951563531941	5.099650047400984
whole	5.072417113147576	4.969957584596802	5.158591795275
mouth	4.9821521409091165	4.89579638819374	4.868466022319802
receive	5.144719804189616	4.991663992835739	5.228963995009967
take	5.014252411966997	4.9890927305367745	5.066492784899458
simple	5.175795692087748	4.912506490618166	5.164596318078327
error	4.985363822358469	5.108377513033139	5.263514683494222
wisdom	5.11361266646161	5.0873799619994164	5.289194345567461
rock	4.974066864166123	4.907690147948126	4.922029590205932
decide	5.063764189552644	5.082492644840672	5.300280544329929
exclaim	4.923019686226885	5.064132021666505	4.913588922359979
assure	5.071349035073182	5.0724604474377015	5.167944106574432
sign	5.0446974948393795	4.989189772092102	5.12576618536768
preserve	5.133886149894795	4.946307281071372	5.184143202333343
commerce	5.1280538877470505	4.988650769516616	5.284925443247954
plant	5.120249828069869	4.816261637685034	5.028005389744724
walk	5.137194118453014	4.86970355311673	4.93836812146225
difference	5.087318563209222	4.96728046883071	5.216599573866561
hang	4.966301242116887	4.9059228846659355	4.854542984492934
following	5.2402976391801195	4.883392164556327	5.237860162397329
employ	5.132883244282983	4.938710387424826	5.209946356063089
