deal	5.047830830094957	4.9962080577561	5.109863299883342
study	5.277188208269334	4.900834816584586	5.255974195443196
afford	5.181749184932975	4.936069102947748	5.2244902652641345
service	5.187129728496366	5.010994314704588	5.29597574575868
height	5.062453427328634	4.864555414456217	5.031933177348907
prospect	5.152427166611869	4.980880305610105	5.16487162875265
pleasant	5.223675653323117	4.836133028218576	4.9731971560289505
shade	5.113056001736769	4.841952376582467	4.944295245817074
listen	5.010764323539359	5.063114414121596	5.038927119945607
mighty	4.99135054258664	5.025554881715322	5.0728681921357
country	5.125194516133023	5.004534920754066	5.275151886856856
title	5.2288899846934145	4.9597371474252	5.3530177581671055
choose	5.142878544372529	4.9465885177503885	5.210957848911854
village	5.137963648686952	4.902605098011631	5.072532476348669
acquire	5.2221781225707655	4.962734778489541	5.308838409231038
rank	5.131569731599237	5.050532787917208	5.281573127132762
bow	5.04378014600013	4.956521797060003	4.983109941148911
doctor	5.008402441915302	4.974626877010569	5.007910740683148
talent	5.251768420762956	5.0081562773160195	5.334950142118572
source	5.171848837621705	4.9615037802021655	5.2560230222235855
lead	5.046800291126676	5.023520670838838	5.152546691885096
question	5.0707531562340336	5.030208752159192	5.273611281460344
publish	5.249474878225959	4.9294938312946055	5.342512039784427
interest	5.159063484337438	5.025401277179458	5.304016121158052
serve	5.053222373350392	4.960723403125569	5.098051363026842
divine	5.127729038749791	5.010728435982052	5.254772908949404
put	4.964040259760783	4.918144803994922	4.94652409684548
shadow	5.032573557249791	4.917415779396807	4.982603777413739
practical	5.193174639299708	4.963718531460051	5.336415690088673
surface	5.063342016612333	4.794964378354491	4.946742852443787
account	5.107797947098475	4.972270972235718	5.204488086291535
loss	4.9501116506095375	5.0856165438431455	5.135779738040755
indian	4.976563707597312	5.026522266205634	5.122892464843443
vine	5.13168405018319	4.78345220909274	4.999634110665322
certain	5.051741599341137	5.018275055709069	5.215477726504279
sin	4.854151261343253	5.126259795306304	5.093581404317519
necessity	5.015642198702388	5.068281169987929	5.266969788054974
lose	4.973738886693171	5.051826253615482	5.05884799338234
private	5.110172112810168	5.0492179032805975	5.293202069432455
gentleman	5.154487754482488	4.948983667809014	5.127258899615877
daughter	5.028860640157817	5.052656553277467	5.079974211037359
drive	4.829821501327726	5.088742909588914	4.957295390424076
strange	4.9456663196920445	5.043549451151018	4.96801656367137
journey	5.129967010789096	4.933408721360235	5.0489597670549005
uncle	5.106752766820636	4.929262768088677	5.01167346686843
species	5.059136219652242	4.9294475163388	5.136927399194199
think	5.02808418591836	5.02268036892264	5.072497149700885
bed	4.982541311900149	4.836913173480152	4.808865447064367
wind	4.926281923755399	4.948349755128854	4.8746664247753
bless	5.0657240496680815	4.96600700219663	5.010287612524089
destroy	4.875170766503615	5.0933563292348385	5.115585360409454
author	5.219222071412047	4.9784969880497965	5.30199444147885
sustain	5.050424972257363	5.043887906661282	5.259128954595712
black	4.951008649620729	4.8582968253793215	4.843004192900825
event	5.083942259064345	5.079915183687688	5.2765877423841525
liberty	5.080637599712487	5.104281229126903	5.327529384616309
negro	4.943315564855284	4.958373086184648	4.979925645295719
little	5.10213049860984	4.891868962136473	5.004035878617146
fortune	5.078086420643012	5.068521340217177	5.172694994637608
touch	5.041265848863939	4.969697097733178	5.016022999093285
kill	4.765128856594792	5.093015125851866	4.900691245684286
feature	5.10258369128356	4.9394340729720945	5.09538178847249
happiness	5.116441313831894	5.067051617978853	5.23502377669891
assume	5.085430842255022	5.017306458393488	5.217518759963499
notion	5.083626495763747	4.973568033097859	5.158530426862906
purchase	5.168841819402157	4.875684177555923	5.156596025085772
faithful	5.12698397487304	5.0601911345016415	5.243252799927338
soldier	4.908683323629718	5.156257975527954	5.096884508319212
father	4.976571953596509	5.0617713321538265	5.066466781506734
narrow	4.9977033315984265	4.895088498640263	4.997502043825386
great	5.119782966131265	4.999334760010024	5.243274736764492
tear	4.892922652239965	5.008756530099965	4.880596508812848
honorable	5.141709788051459	5.105020262767667	5.37240704096685
previous	5.108414874501604	4.963438328291996	5.205338482427762
good	5.09588711237881	4.986595107575015	5.126749238832227
domestic	5.157095252522791	4.949243050952753	5.198135925904829
glory	5.146643826548721	5.0077840158367675	5.182368636732023
lay	4.989384608465748	4.901951989506442	4.953828299161384
occasion	5.0817349868419806	5.046135936848092	5.216541419769726
guard	4.9000718560138425	5.111445569401241	5.087263422058681
whole	5.0723695297439475	4.947541711089179	5.147215758747273
mouth	4.973013544040801	4.87014336246499	4.844230856702573
receive	5.149660969611252	4.976572639087611	5.229650407258283
take	5.013207209778872	4.9734470541811735	5.0617205127918545
simple	5.1697370301954555	4.893549203254415	5.152888006742034
error	4.985714482548751	5.088644333988605	5.263650124064596
wisdom	5.100411283343345	5.07254379050234	5.281054928740978
rock	4.952020255121174	4.892276012270405	4.888572420102043
decide	5.079034996814923	5.06302311079448	5.3090228906949175
exclaim	4.901209496359058	5.0563265650980975	4.902944042460189
assure	5.070888292261678	5.060437929173063	5.16971483115794
sign	5.042621625591155	4.975495102526899	5.121305737224908
preserve	5.126365621486402	4.925137179122914	5.169574254453335
commerce	5.146293869528576	4.957855611347465	5.273406789931418
plant	5.105763929367491	4.798661867371409	4.998224150552128
walk	5.112033540835204	4.8623964249749205	4.916016971911522
difference	5.098110648711974	4.94445888723262	5.210453424529618
hang	4.937137766865338	4.891658551003834	4.823106460517068
following	5.252676581726295	4.863418463275699	5.238124985935598
employ	5.137707370855016	4.915928699775953	5.200052343282092
