deal	5.053810365754762	5.0038566740409705	5.095230670753549
study	5.2902725711693614	4.899068372396601	5.237238946486696
afford	5.1961288446052825	4.929759810596672	5.207543370204
service	5.1945137886869865	5.001153749368785	5.268604140480478
height	5.087960177558572	4.868374018545636	5.0360428811501805
prospect	5.17023686305839	4.988232105209519	5.159255125393085
pleasant	5.246604189765323	4.848080058365408	4.974829599296152
shade	5.135376147642688	4.8502668917068	4.943670109594488
listen	5.021902694505889	5.075147269987221	5.026767945320204
mighty	5.008196748774859	5.037464894081814	5.070587951589048
country	5.132010223667585	5.00034882701025	5.254670535914543
title	5.229990049731115	4.948978933920092	5.320039528376656
choose	5.154842985231652	4.938995645573393	5.189271487186223
village	5.1544251010231195	4.9009276504078025	5.06800611651352
acquire	5.233147400032853	4.955719801445796	5.286524927379706
rank	5.141034717689117	5.046412918853485	5.253037668326443
bow	5.059197860057997	4.967983511820915	4.971569255795638
doctor	5.012428830824699	4.986377991445349	4.994095801658979
talent	5.2577495648225545	5.005801181130412	5.306985373728809
source	5.183703093054654	4.960492368187192	5.245435777815371
lead	5.064516453679788	5.025464979084762	5.139369938216303
question	5.068413707730853	5.0283741451769695	5.246928255939145
publish	5.243558886002623	4.921628172649657	5.317575468536235
interest	5.16209558289288	5.022921263136207	5.27945592145269
serve	5.066208988332269	4.960050604059383	5.08088022591909
divine	5.138448440309936	5.014120392007872	5.235200634238111
put	4.9692157961899275	4.9261509182928	4.936144612467848
shadow	5.054673424946555	4.928679478577666	4.983275957807325
practical	5.196628178142159	4.96008717825958	5.312297761669412
surface	5.083371343898061	4.800779069973322	4.9569978686661065
account	5.1101205423501606	4.970660304253002	5.18716739851711
loss	4.953637671132154	5.0849793593961055	5.1190624538527585
indian	4.978917206870107	5.020509406877709	5.106059645143858
vine	5.153045257988654	4.779992102616064	5.000539652941077
certain	5.058179117258305	5.013565619984411	5.192386231060832
sin	4.864145226791025	5.133911935728262	5.077340987622716
necessity	5.017657927223263	5.060055062620951	5.240051800178605
lose	4.989026191857445	5.06049725874593	5.048363994394797
private	5.112163583951845	5.042604850143817	5.263976963978632
gentleman	5.160814440739932	4.9515593799575495	5.104057362060545
daughter	5.044581314627545	5.057499601316572	5.057970068340005
drive	4.843691530441837	5.09709983248244	4.951156921570322
strange	4.961136867649345	5.058210026519597	4.959468941126739
journey	5.149672061079039	4.93849461624902	5.050309608393627
uncle	5.12027948903911	4.942098939765373	5.006538548841593
species	5.062575994587579	4.922769293480066	5.121886044680211
think	5.041230854242436	5.032562077517181	5.059799219201741
bed	4.999852521617041	4.846621378827336	4.81076025133528
wind	4.9453031125343845	4.9610731532288135	4.884833601340028
bless	5.087353643292041	4.977186765157138	5.0059190521136205
destroy	4.883394854651343	5.090623356907303	5.09565762434428
author	5.219319759742469	4.977988228172694	5.275479278553547
sustain	5.052620800730625	5.041467331142018	5.235839929448903
black	4.963480330253631	4.869888302419751	4.8392947877866215
event	5.088385681449138	5.078576732745087	5.258239598576595
liberty	5.080130667095148	5.100534887450377	5.296836192952743
negro	4.9504320115501335	4.961395340451909	4.970170358348882
little	5.118062030950995	4.8997240630130765	4.995498605525782
fortune	5.091842534313663	5.073050111251139	5.15301443031683
touch	5.054019830758541	4.979892150557324	5.005744608464541
kill	4.780446242154148	5.095244353709122	4.895679288478116
feature	5.113634955814881	4.948957953895436	5.081458561989064
happiness	5.130651086748095	5.069338037345543	5.214257617112249
assume	5.086225372192457	5.018243337721725	5.191175453655087
notion	5.089372929997968	4.981850485376328	5.140126216040737
purchase	5.177574592208573	4.866185479228769	5.139036564840465
faithful	5.136861840861902	5.061660699491213	5.218267240914259
soldier	4.918978948349289	5.157276606280388	5.077019549718762
father	4.988880767820865	5.06889635047109	5.049401642348869
narrow	5.019647877398419	4.898485243979486	4.997153391522304
great	5.128322686813651	4.998176418090092	5.225293408596798
tear	4.90493734550006	5.024058333182479	4.877573396953048
honorable	5.144531830355712	5.099493119613873	5.33638243926217
previous	5.109238267637154	4.959338202454479	5.187687783373149
good	5.107329433552451	4.992099112970164	5.110152988919229
domestic	5.16048713016098	4.9467760182437095	5.172459024263257
glory	5.165171770727813	5.017267803216262	5.174288613472587
lay	5.000758726232014	4.909550783061785	4.946897439940849
occasion	5.080657122182785	5.0444131901167415	5.193311185126176
guard	4.911834355954207	5.110616574577797	5.068711311758452
whole	5.080167074445373	4.948553529985277	5.134505077482522
mouth	4.983542227609402	4.885552531120762	4.851649628291769
receive	5.154116105330864	4.969249556137713	5.2062783099382965
take	5.02052312883801	4.974795724760348	5.047807728303188
simple	5.18035585984617	4.896053874434106	5.133273372827024
error	4.988101457437319	5.088544336047208	5.240740080861889
wisdom	5.112001064593474	5.076092649689413	5.258291528697015
rock	4.974582710990919	4.901724681137499	4.901334534822868
decide	5.078491539304136	5.0581645831218145	5.28062115243477
exclaim	4.914806868621394	5.0746095774094755	4.898239386604119
assure	5.082482269865564	5.062805099526423	5.151384462012663
sign	5.048781532128483	4.9771546233094375	5.105256812212723
preserve	5.137113047458211	4.923392887995565	5.1520492857271964
commerce	5.147790313053008	4.950264271590264	5.255683517571441
plant	5.12639932421845	4.795403337685604	4.995063332984785
walk	5.1369264257212235	4.87225412032068	4.915168061236512
difference	5.103415440284911	4.941569840392542	5.191843532242039
hang	4.957249524622529	4.904318817790633	4.821372020482787
following	5.253658047281183	4.858814539370833	5.221772035163278
employ	5.144606477529695	4.907666082201779	5.181651023477288
