deal	5.046158342770858	5.009347574325537	5.1038484909898445
study	5.274826760664911	4.9085336409714175	5.240709596199145
afford	5.176802016032026	4.945726360517654	5.2131300271140235
service	5.181719583055444	5.019864062188585	5.285282343565561
height	5.073328048402189	4.869599521143948	5.036039068035663
prospect	5.158010280454579	4.987597647124631	5.159571044993523
pleasant	5.240948460305157	4.833320839042228	4.965889774959228
shade	5.1344757055759205	4.839436562000439	4.942216187891609
listen	5.02643640618101	5.065456578708586	5.0296514348841095
mighty	5.008785933095028	5.031339064145136	5.077348706884204
country	5.11912634815893	5.018122612911114	5.269133035414955
title	5.218396149888854	4.977601879415034	5.34566643457707
choose	5.144970479205497	4.950299751166121	5.203682636710781
village	5.1500960186640095	4.901521549442991	5.068799326019307
acquire	5.212136784835926	4.975335001236578	5.295866969487735
rank	5.131247912056674	5.060310532428421	5.271906687417022
bow	5.055542735225962	4.961837748146458	4.979019649175879
doctor	5.0086822146266385	4.985890843219015	4.9984607160526435
talent	5.242230820034043	5.019907371969348	5.319001431522358
source	5.169742461173331	4.975328719168983	5.249813872214612
lead	5.053832731988396	5.029301225121724	5.144813413261328
question	5.055513458105556	5.047008739177181	5.262253454314532
publish	5.236916169210397	4.9459782154745815	5.335933313546952
interest	5.1492366614914635	5.039785017857876	5.292917155427208
serve	5.055758852898829	4.968702753431758	5.092034367554426
divine	5.134142336287683	5.019419042329892	5.245714629679689
put	4.961361598033955	4.930367811429714	4.945156088753133
shadow	5.052876559480078	4.917775144745965	4.9835862785940135
practical	5.177003711899194	4.981644614776128	5.323888154335828
surface	5.067371664218959	4.801813364817946	4.949818940439424
account	5.097523542828105	4.988936227956864	5.196602172380848
loss	4.946941295930465	5.09795270580496	5.129531888732957
indian	4.973171499945876	5.038549001145761	5.119048924548844
vine	5.1367469685423	4.784838410449865	4.997370815072453
certain	5.045504149029235	5.029524135035513	5.204291747537452
sin	4.871042385275318	5.132058391568941	5.089812917900801
necessity	5.002676334383212	5.082061950752278	5.255367521749194
lose	4.98543566612129	5.058496887553917	5.055201737235285
private	5.102825821993469	5.060091829599003	5.28283912836414
gentleman	5.149536494195426	4.958641114219384	5.11344195474192
daughter	5.047381913414275	5.052686612917395	5.071340075934846
drive	4.845030785458119	5.093646491373956	4.959039121911033
strange	4.967809004365218	5.045106934437575	4.9635691723318605
journey	5.142962177240458	4.9356438342537485	5.045450697112878
uncle	5.11351289366309	4.936615183689985	5.0077322651159974
species	5.052892696155054	4.943820771339423	5.1340215700747995
think	5.03474051235108	5.029585051267136	5.064668362599538
bed	5.00131706689113	4.833133228582903	4.807405655745163
wind	4.945415317271412	4.950441449746153	4.881210104348278
bless	5.089110832273477	4.965990840952077	5.009657443046249
destroy	4.883973782608103	5.102227535479166	5.114102405290994
author	5.212613208579356	4.994393775309456	5.290013425135441
sustain	5.042666242079904	5.057195698663384	5.251260301563878
black	4.963321832076653	4.8669245667682475	4.846243039886513
event	5.081219857861211	5.0886196306966776	5.267197069845548
liberty	5.074148729677305	5.116708366847391	5.319689390987152
negro	4.944674886712845	4.96898008996766	4.975895440715735
little	5.106503134906855	4.898765238102563	4.995058040943159
fortune	5.085009177102277	5.077158174302995	5.165536907732752
touch	5.050215839717772	4.975731187397152	5.0086392554524695
kill	4.781773775037668	5.094504351770963	4.90165241213756
feature	5.107237863882748	4.947079406098722	5.086973446035959
happiness	5.121634234824511	5.071803730703352	5.2231059003551845
assume	5.076149276835333	5.031339064560073	5.2061292637127545
notion	5.0741294451149646	4.990228428455441	5.1498850599660395
purchase	5.164725332367267	4.886621104019873	5.153036312185728
faithful	5.133943341650492	5.0664684964567535	5.232309367832402
soldier	4.9204537046989625	5.160913133832567	5.094617884592685
father	4.990706054720422	5.064886968120263	5.058855847554816
narrow	5.007076273654962	4.899707877051101	4.997358574734476
great	5.11510935085031	5.012054969133477	5.23511113145313
tear	4.914668706369574	5.010652890240861	4.881144513701931
honorable	5.132345821832201	5.119230945880207	5.358791637108382
previous	5.098814914438484	4.973597987619854	5.195170703143466
good	5.0954232743125605	4.997913012700326	5.117447639032141
domestic	5.150238531459593	4.960597407377046	5.1863008881155155
glory	5.165501747768064	5.012728881860203	5.185062765757067
lay	4.999319907705734	4.909340540537932	4.954274384150804
occasion	5.07237967147798	5.0578023644657115	5.203629364747991
guard	4.912016784360247	5.116312525659716	5.086260061415659
whole	5.069869720646047	4.959283499480451	5.143198005540641
mouth	4.980082818227274	4.881256853939061	4.848847113378692
receive	5.141763776086861	4.987821501665053	5.218015462744492
take	5.012057702469912	4.9827672223472526	5.05566732223988
simple	5.169396502179451	4.9028573766704096	5.140797917685153
error	4.9796898490962604	5.1055164649173905	5.2552431834078694
wisdom	5.104022651158019	5.083830570950125	5.270920727910925
rock	4.972995861730323	4.893731191356285	4.89776188382977
decide	5.064555001906848	5.075533262432876	5.296576578120833
exclaim	4.917411789893873	5.061863064966625	4.899278679205596
assure	5.068851164454966	5.069394008206161	5.157289146810321
sign	5.04287662868766	4.984402506315493	5.114663028267387
preserve	5.123973656588165	4.936523225715812	5.162451143751606
commerce	5.132360206896598	4.977054781972845	5.272482942043876
plant	5.113624636319655	4.800382098558929	4.994470997488302
walk	5.132524845620638	4.8573297447145425	4.910169916230501
difference	5.084518455583606	4.958940935837268	5.201037170410306
hang	4.960317536807858	4.8918671339463	4.8270819266947385
following	5.242713020433964	4.876029339631274	5.228990705770162
employ	5.128930890854964	4.929421188406629	5.192891427688706
