deal	5.033483489604114	5.00792114449856	5.10601473591592
study	5.2648921809814615	4.909863904456507	5.246014765265599
afford	5.168180665751181	4.94441054086362	5.215791665410517
service	5.171453353672525	5.016220448205434	5.282367735854086
height	5.065408658188344	4.876767286561727	5.042225543466591
prospect	5.144144404624149	4.992238137522776	5.16170965431822
pleasant	5.224333971537356	4.846254690508507	4.976232192962456
shade	5.1207952140144215	4.853062113681095	4.951007851117421
listen	5.007176700973805	5.073189616520742	5.034775552980574
mighty	4.9961970832994425	5.0374834263777855	5.0820904879254325
country	5.110139592266355	5.015717952661991	5.267775119171095
title	5.21524713172572	4.968555041319963	5.342847801146772
choose	5.137511499294946	4.951471064392838	5.204817153969035
village	5.1385093779221425	4.909532840586	5.075504483284169
acquire	5.2047030095594415	4.973943388775762	5.2976376662587485
rank	5.122312061264107	5.06021539860927	5.270266484212791
bow	5.043349847041159	4.969830202843404	4.985084126487256
doctor	4.993396739043279	4.986870884061045	5.0014882382105315
talent	5.232435505354048	5.021085180811022	5.320144997374101
source	5.160801769202286	4.9738140850926795	5.25159320613442
lead	5.042619323895348	5.032632702070222	5.148498184964299
question	5.047742329745084	5.041773562595286	5.260700069337226
publish	5.231184570010906	4.9407165859638225	5.335348069457484
interest	5.137211105714339	5.036684758331616	5.290530625653282
serve	5.047839322696102	4.9679079810835445	5.093938434467958
divine	5.122798759046848	5.019925366046689	5.247235847911825
put	4.953513766224388	4.930513706690716	4.949406272682913
shadow	5.0397035674805455	4.928471684581157	4.990037712449539
practical	5.169388081756901	4.9782640347369425	5.324190872057636
surface	5.06074238865023	4.809745208313021	4.958337532431973
account	5.088873313824539	4.983877828989187	5.197617516463758
loss	4.932876389589302	5.091959260331846	5.126403483855956
indian	4.9676038110456	5.037895836256157	5.120618871938913
vine	5.1288986002778	4.7910971524907415	5.004013390954202
certain	5.036684394177008	5.027162841796407	5.205096754222094
sin	4.855652312024528	5.12956257773895	5.089682703740443
necessity	4.994335119847942	5.076634438935391	5.252945344048135
lose	4.970075366897656	5.059308788631478	5.056481391324304
private	5.089731839435561	5.055296521216937	5.278213647259422
gentleman	5.138273969170167	4.958945289860265	5.115619807336101
daughter	5.03039141623972	5.053589185547416	5.070284534955782
drive	4.831559519147973	5.096913318044224	4.96256178858894
strange	4.949222887083533	5.051551553936981	4.968147955648129
journey	5.129327962199188	4.941824925471774	5.052576276247099
uncle	5.098857683443022	4.9390883469453835	5.01092115006449
species	5.043512894265651	4.941144918578966	5.135071747473266
think	5.020089592705082	5.030979019582655	5.067225687595909
bed	4.989100457846523	4.843316209159067	4.818614771266342
wind	4.929776736981277	4.9622276552553295	4.887896044500382
bless	5.072457435556146	4.969335172121403	5.013132552159324
destroy	4.873882947077425	5.100402047620994	5.113303768350239
author	5.204360938440714	4.991530035489184	5.291994200171338
sustain	5.03372199951814	5.056178610238615	5.249842356259291
black	4.955118328957691	4.874930536543993	4.8536023167203455
event	5.069288727936566	5.08808718905274	5.266135156079167
liberty	5.064626037973375	5.113828385037076	5.315782046207775
negro	4.9352102426131115	4.969044945400826	4.981316253979076
little	5.095282508377518	4.902939740840553	5.00220633848097
fortune	5.070822674721697	5.075229403798703	5.164551196611952
touch	5.036231064624424	4.981734597115871	5.013982019963243
kill	4.771574946194353	5.093748467616126	4.905796065725064
feature	5.096089742258716	4.955923355494193	5.091105969801088
happiness	5.107250769007874	5.0706639151470485	5.222093166336009
assume	5.06680481993181	5.032760803971766	5.206058019912287
notion	5.065833611079596	4.989436032139299	5.153137686831919
purchase	5.157203369052594	4.879231641263825	5.153519843040109
faithful	5.1201960880442465	5.067133948923748	5.231394048364866
soldier	4.905961964872155	5.162804811075203	5.092346480894485
father	4.9752085205200585	5.065336425656978	5.05939865137849
narrow	4.998938859138577	4.9061175921505225	5.00491302685384
great	5.106421582007057	5.010273877388865	5.236342339574736
tear	4.897744729063851	5.016997513688179	4.885400605333363
honorable	5.122258157674807	5.113701615030581	5.352827346802275
previous	5.089742331419047	4.9737635077494184	5.196376319033935
good	5.083271800787662	4.99625848453735	5.1190765571747345
domestic	5.138691793453974	4.9596181465795715	5.186036275626803
glory	5.152119173380376	5.018267029577615	5.1864114594382675
lay	4.990875418574184	4.914694075147328	4.9613204769069394
occasion	5.060033926006505	5.057526361542735	5.203813469288217
guard	4.897579279131095	5.118596945182237	5.084306807314669
whole	5.062321123748208	4.959822367114472	5.145818916874951
mouth	4.969806496429889	4.890637704405424	4.8567530660788165
receive	5.131610410329199	4.984323982360813	5.217274629660659
take	5.002051536810444	4.982061329156121	5.058048372428551
simple	5.160193707798306	4.906114954368714	5.146580026651594
error	4.968139973550721	5.100356593049209	5.252420752963377
wisdom	5.091710043632529	5.0839272121571515	5.270235057283045
rock	4.962860280578115	4.9053860282154576	4.907265121203076
decide	5.056387506722117	5.073320747870132	5.294625902861262
exclaim	4.899816418451304	5.066781196803266	4.903952802067776
assure	5.056506782807604	5.068604168870894	5.1584736740359745
sign	5.032317756452553	4.9853111838119455	5.11652953793305
preserve	5.118359755836625	4.937061392514385	5.16525896425108
commerce	5.124894974507828	4.97192710202157	5.268648809641038
plant	5.106848199960509	4.807133147494605	5.00291371115389
walk	5.116905467204886	4.869560194265458	4.921177303617978
difference	5.0770841374963664	4.953479893952674	5.200910781507964
hang	4.946920790367377	4.901612112071386	4.83456572155269
following	5.236439717175129	4.875772255797879	5.2326153683560515
employ	5.1219132139698145	4.92757644447009	5.195441295209901
