deal	5.027398398268942	5.012072299936315	5.097139162072434
study	5.259131123058561	4.909532340280666	5.237034144726004
afford	5.166240290232014	4.943215949017461	5.206375980693423
service	5.170675417561332	5.0164492139025585	5.273176207298499
height	5.058486085949364	4.875349662796031	5.031906611218202
prospect	5.142295266715729	4.99086681287591	5.152945208827736
pleasant	5.218868803261288	4.842656069877085	4.96679514959453
shade	5.112042947758466	4.850193992527877	4.943577788442086
listen	5.00402781380982	5.075026428499281	5.029147736710646
mighty	4.985794685831877	5.04062041999948	5.07221508686682
country	5.1066661677050424	5.016448634189386	5.2585438662815065
title	5.209812521539066	4.968705815309006	5.333176792852128
choose	5.1303974865205	4.950685454861153	5.190709715714175
village	5.134388629528396	4.907706218923889	5.0647097459364865
acquire	5.2009089397199455	4.9738340784321124	5.289019316081132
rank	5.118623833139299	5.062734582075845	5.262670832124698
bow	5.036832670097513	4.971531490845543	4.979272501121018
doctor	4.9869592009435	4.988897483879975	4.991322637307443
talent	5.22877015892118	5.022785743926044	5.313867437509567
source	5.156449335492472	4.971645921987145	5.24293841710479
lead	5.040555911067726	5.0335360187944005	5.141047239495032
question	5.043951197094886	5.043779734230472	5.250693957580382
publish	5.2248888081111335	4.940642923600892	5.3264545631936295
interest	5.137802702242162	5.037555750112765	5.283247376495074
serve	5.04089855732628	4.968664509682563	5.0836552048032635
divine	5.115582557204485	5.019196769874977	5.238166868574521
put	4.943778119691376	4.933063299647186	4.937107589138588
shadow	5.031228652946634	4.927783743382935	4.982739240775335
practical	5.165793202074435	4.978676421278107	5.316204408253922
surface	5.050867434114002	4.808243920796234	4.948984199587462
account	5.085932238441755	4.984977323975474	5.188359342289979
loss	4.931272914225799	5.094777892668293	5.117360204660463
indian	4.962496918058436	5.039314790825202	5.112553584469092
vine	5.120700850563749	4.790541577507421	4.994629182024168
certain	5.032732109984258	5.027929156141222	5.195035332915961
sin	4.848118468862216	5.132945917343995	5.080230498722522
necessity	4.993271213446819	5.078134461665782	5.24329310540654
lose	4.964955084808895	5.0622779343648965	5.047717349165089
private	5.092345640387791	5.056183184203624	5.269739165357836
gentleman	5.1351446076466996	4.960328231647575	5.10662155475715
daughter	5.027850375519228	5.053392743006195	5.0614197920687385
drive	4.827412387253333	5.1009267988143305	4.953140314799871
strange	4.94297954966731	5.05313002548029	4.9604762477625295
journey	5.126008444189408	4.941026654564005	5.044145899479369
uncle	5.09519079829756	4.939493880237108	5.00202144457951
species	5.038259705558742	4.940828681817586	5.123661640720695
think	5.014642627630405	5.033693377613676	5.0587637071054985
bed	4.979110366756089	4.84201739060944	4.805410866869825
wind	4.92380470472367	4.9623287798899485	4.880028752806754
bless	5.064910860852898	4.969526154944447	5.004199352013143
destroy	4.865864230663572	5.102668282576644	5.102047238729647
author	5.197279623126316	4.9930357807195485	5.2847809891384525
sustain	5.029790380944096	5.057179519349609	5.240696114761072
black	4.942079044053854	4.875348320078044	4.844389366142133
event	5.067702456982183	5.089661880705096	5.259049629988243
liberty	5.061500951529665	5.115806565370907	5.307084494966909
negro	4.928146095588141	4.9712002460902855	4.969972028636252
little	5.0885665575213475	4.903289522646246	4.992625973438649
fortune	5.067924317346423	5.078383810130555	5.1561456156424335
touch	5.0304429366784476	4.98299271444762	5.008108298792892
kill	4.762538943962677	5.101159684943022	4.896418100689365
feature	5.090312380576059	4.954323920162871	5.08511798218914
happiness	5.106189348555119	5.071414117037054	5.2142304834091044
assume	5.063220840969666	5.032121111392036	5.197018447727856
notion	5.058128858419249	4.99281770089794	5.144123683010241
purchase	5.1530293331646915	4.877158998649359	5.138619839023034
faithful	5.117977845580416	5.0680314241093445	5.22533664639251
soldier	4.905106943978892	5.1684605115198945	5.087289905948532
father	4.971082563623199	5.066209133760578	5.050558587994005
narrow	4.9929992302280715	4.904800586006366	4.994097405827635
great	5.101149937172205	5.011395537351027	5.226548463610363
tear	4.889523652115555	5.018436383615901	4.878561427278359
honorable	5.121426875248007	5.115798861509202	5.34609803576011
previous	5.086586994049492	4.97179737083504	5.185087517233238
good	5.079033890248365	4.99794549875677	5.110278346423578
domestic	5.136934317516576	4.957616860678002	5.175942272972411
glory	5.142156435743928	5.0197034050553855	5.177954439482493
lay	4.980618753691434	4.915369022652804	4.950286992177794
occasion	5.059768189233707	5.05880945194022	5.195850284675829
guard	4.89925562518323	5.1211164944623695	5.078251218826034
whole	5.055414869118692	4.960318933347702	5.134269096805064
mouth	4.9603605517163585	4.890863041238251	4.849445109236123
receive	5.130524843338922	4.982488689966649	5.206722766638343
take	4.996911934930777	4.983716323433169	5.047615877049303
simple	5.152617180703974	4.904756398239983	5.136892763406002
error	4.963748735052809	5.10334716221894	5.245166480497363
wisdom	5.086457790369873	5.085448807096425	5.263298506115405
rock	4.953071399107077	4.905480747623093	4.898525135923317
decide	5.054254211538245	5.075621932964989	5.285750586407918
exclaim	4.89553217786212	5.0712018778279795	4.89889506780927
assure	5.056081179318163	5.070687715728775	5.152335247806197
sign	5.026815844980887	4.985788374613503	5.107109813842455
preserve	5.110026444274256	4.935655826248773	5.155337181951182
commerce	5.124109271281301	4.9711500067489185	5.259552086712334
plant	5.095887670757725	4.806181979134033	4.992191809745095
walk	5.111431093361558	4.8685894834672965	4.911152066193332
difference	5.073438694731193	4.9540112431627605	5.190497742921951
hang	4.936427955562027	4.903014261336869	4.825445674696791
following	5.231981723817772	4.873126447155647	5.223011185165823
employ	5.117711853242806	4.92714236363923	5.184311998745005
