deal	5.055473044510782	4.998370845310597	5.106582395076039
study	5.281956284293557	4.899609882642058	5.247990012562801
afford	5.183471606966812	4.931855403686014	5.216323264438002
service	5.188096920034367	5.006717265340313	5.28572639568586
height	5.077196305573719	4.859126648063795	5.0396157953216205
prospect	5.160081203947913	4.981649978074287	5.164552763058826
pleasant	5.237841422074933	4.839602005883151	4.9747871654695945
shade	5.133685004881868	4.839788693808412	4.949185009529497
listen	5.035368052102954	5.063467370628409	5.037156123296323
mighty	5.010408354155442	5.025527635192401	5.078518330586121
country	5.126331604098939	5.00220841943712	5.269289271427566
title	5.229336916556689	4.957439039779259	5.345297866394103
choose	5.1488682417247125	4.941307223586289	5.20359536707186
village	5.148337232695624	4.8971543361028935	5.071082994106632
acquire	5.2233116155729675	4.959778734298977	5.299585583111781
rank	5.144067437806635	5.046917747101291	5.274600024079301
bow	5.063171939711428	4.957168930835791	4.983840043990013
doctor	5.016411468496724	4.979403181479593	5.002764004595209
talent	5.2554594211356775	5.008825388537786	5.324383602372211
source	5.174805585714317	4.961278170629254	5.2525933928786
lead	5.063795270735108	5.019191305102614	5.1499782651934005
question	5.069577784061766	5.027623297314538	5.263725704366959
publish	5.240223097270116	4.930098310208281	5.3345786860179905
interest	5.158422965508097	5.024895446594604	5.295614271175046
serve	5.06283072575531	4.957935173787606	5.093280457018558
divine	5.1409196535921025	5.008120855455006	5.250323672342526
put	4.966993048432385	4.920537218968405	4.943782338742598
shadow	5.055188573391418	4.913668028915738	4.988860386077211
practical	5.18758337634236	4.962957652022278	5.325319969231486
surface	5.068701144895693	4.792629237292552	4.953365110182593
account	5.105872184651841	4.971006565234417	5.197454524748509
loss	4.955652285772482	5.080397016766723	5.130626273455755
indian	4.982254137603993	5.019612562142401	5.115923545242098
vine	5.137670347976316	4.777207319794699	5.00240716785114
certain	5.057410824334965	5.0115747242611155	5.205934235343298
sin	4.879305802240968	5.120882636341913	5.0930338349734
necessity	5.0151738013500085	5.060670118648725	5.255056202953534
lose	4.992532215728589	5.049831210234988	5.059043374102699
private	5.1110866048475785	5.045468402927404	5.2832770944425755
gentleman	5.161163740939546	4.9506114350093995	5.118645252538257
daughter	5.05676899694631	5.048977378898504	5.079253670563571
drive	4.851799658317853	5.0838672139188565	4.959181390134255
strange	4.975045118186002	5.041607576790821	4.969663637551869
journey	5.140972076433072	4.932363726718671	5.0502359074243
uncle	5.117835480941928	4.9351795301184485	5.012919808455937
species	5.058195901613666	4.925005766306194	5.131571395406524
think	5.044559741888744	5.022937141098961	5.0701795997855506
bed	4.997424132964656	4.835026705203997	4.811921928896751
wind	4.9449542070098955	4.946730729953539	4.883157606551687
bless	5.088368619735109	4.966613850494641	5.014682239559107
destroy	4.892146383512607	5.086080916169448	5.112698749152824
author	5.223642733667474	4.980047642103846	5.294346404040761
sustain	5.052224235783533	5.040114715482707	5.2525486933094685
black	4.96713751212536	4.85900743244846	4.846505322151758
event	5.0893661630656055	5.074166645208274	5.270562736171844
liberty	5.084460188882982	5.10158728659315	5.319626055087586
negro	4.951692865161479	4.955258266931249	4.975312335641516
little	5.1130267788639125	4.893275365983291	5.001396964727727
fortune	5.094870506344525	5.06881455638297	5.171516267873553
touch	5.059684614022306	4.969854974582656	5.015219804949786
kill	4.7911546011415025	5.083346294981383	4.901041215888756
feature	5.117931451396445	4.938368443047051	5.094331127860052
happiness	5.130259664230453	5.064315592767273	5.230342855809142
assume	5.089739746472921	5.014960066840005	5.208638617842928
notion	5.088832361338549	4.975834180501489	5.15238116120611
purchase	5.1657580661322555	4.872245093008395	5.152003307879814
faithful	5.14221600081116	5.059322950662153	5.237727643272285
soldier	4.930894870527567	5.1512255225794785	5.094097501989188
father	4.999228698806942	5.05870575268933	5.064989402561076
narrow	5.012166591996348	4.889633847098553	5.001267692125927
great	5.123627855007307	4.996341840824153	5.237104589883343
tear	4.915898170115641	5.009983713086919	4.885242974075795
honorable	5.147068796574207	5.103549634220907	5.362003142816878
previous	5.103941001446456	4.958618630533443	5.196460528000245
good	5.105338456250804	4.988106000964597	5.121556842653454
domestic	5.156167201189325	4.949707284157165	5.188807963081228
glory	5.1653122109851	5.0098339943813235	5.1877589184831185
lay	5.001959389216303	4.901798128952785	4.956872125961443
occasion	5.082049404058169	5.043995265741504	5.205742144703555
guard	4.920860221130263	5.105088372860006	5.085880441770689
whole	5.074744451251667	4.945853849638864	5.143359980955405
mouth	4.983043600481416	4.875253357944375	4.849578899020523
receive	5.148811754467318	4.972571905333022	5.219248762318606
take	5.019192468316857	4.971348837619499	5.056936315574762
simple	5.177602879799169	4.892686605193708	5.146147971659402
error	4.9942508150356515	5.084803166396738	5.257726658295355
wisdom	5.115183077799216	5.071882174761763	5.275517288052186
rock	4.9713516069207	4.888756728761967	4.899584197960218
decide	5.079239683777573	5.057424286659167	5.29811182073589
exclaim	4.927435023397773	5.058544462105925	4.904939352357839
assure	5.082911450668892	5.057603205700038	5.162930775343413
sign	5.050240596767351	4.971117768467042	5.115771424152209
preserve	5.130017396123775	4.92351652757232	5.164457270791364
commerce	5.13663220843864	4.957690173195424	5.26876551617353
plant	5.115777102263586	4.792795862209618	4.9994781227225085
walk	5.132871593663746	4.860898651603589	4.918053012308098
difference	5.096855309465387	4.938983516429345	5.202396929291137
hang	4.962465054512579	4.889288345968138	4.8300541559342705
following	5.244039178762847	4.86289593040971	5.2297641243618855
employ	5.135310371479487	4.912724653087882	5.192017512986307
