deal	5.040007122043396	5.003929687783773	5.106636377094787
study	5.270489578824392	4.904725875353228	5.249410931958241
afford	5.174438089283287	4.9407535048838955	5.218485720361867
service	5.176705835308441	5.017746915131579	5.289618487212664
height	5.076215638095214	4.864821141409174	5.04022338171957
prospect	5.153628449795872	4.9847687359378945	5.164651763257724
pleasant	5.231789397592138	4.831605354574119	4.976812037268474
shade	5.1283300643322995	4.838117947660967	4.948523436365812
listen	5.017539453921912	5.067429514736268	5.037761441746323
mighty	5.005940830961468	5.028893262038541	5.080949475564042
country	5.114559934848054	5.014470900818712	5.270517964785115
title	5.215625775343832	4.9720393085495465	5.346030372211447
choose	5.137995101261697	4.9490067536134195	5.207798161269199
village	5.145365537277987	4.899022439339632	5.076937600676547
acquire	5.211421445702524	4.970588720711693	5.300875094164159
rank	5.130900051534151	5.0595396949722	5.276648238160809
bow	5.05569955554052	4.960927189859991	4.986176306397487
doctor	5.002165648984219	4.982670164852174	5.004191124151482
talent	5.239374192987412	5.017526304005222	5.325734388950117
source	5.164114694672797	4.970149254830766	5.2513840409723676
lead	5.051395605561108	5.028358955440301	5.1518014969029196
question	5.050353792611259	5.0443683358244265	5.263707140792428
publish	5.23003803353629	4.941228519572771	5.337373978609598
interest	5.142920369225879	5.037970521791866	5.295833067780728
serve	5.050500232153025	4.964370457604114	5.094471917653072
divine	5.128499920750199	5.017965178006136	5.249062636309556
put	4.956307860834203	4.924432505089326	4.944844328388367
shadow	5.049074618425607	4.916017066909943	4.98810326154207
practical	5.17348652517127	4.97642655508934	5.327013294928264
surface	5.0674780340082	4.795428686110374	4.951736917908254
account	5.092066828046793	4.982072243765128	5.197487468630969
loss	4.938815221109023	5.091627036506471	5.126689480561227
indian	4.9688764988574	5.033073711695988	5.117703961726202
vine	5.133559102169456	4.77924394545246	5.00041288990198
certain	5.042648310487929	5.025815036501772	5.2067603134216105
sin	4.8610669808471805	5.129127487659104	5.089193302543858
necessity	4.999307202273089	5.078250981243999	5.255593684376426
lose	4.979177147595397	5.054242219732363	5.057091272870017
private	5.094738653516761	5.059729657319629	5.286147238601773
gentleman	5.145991216464877	4.956565274512102	5.122327608619001
daughter	5.041609490533709	5.054045403389135	5.078703415880234
drive	4.842416550144105	5.0898558520579735	4.961454095253367
strange	4.960748852032517	5.044538509958392	4.969592138984219
journey	5.136111767019536	4.931545633215526	5.05241698381907
uncle	5.106745868211094	4.9335153348061835	5.013979305369081
species	5.045805167446713	4.936865508646524	5.130887523985692
think	5.028292666418863	5.026350683998498	5.069551023233022
bed	4.995488245612627	4.830409493002153	4.814962695362199
wind	4.9406431966775415	4.946855899348405	4.883784561865358
bless	5.079088219274569	4.9648142975029685	5.014048837497488
destroy	4.878662834502813	5.097719804405426	5.112423458167363
author	5.206275478942993	4.989163664477384	5.293407135306044
sustain	5.04021244953101	5.0544123222154	5.251797460379983
black	4.9628828551194815	4.861811066073151	4.84868413477052
event	5.076806949338752	5.086338414401148	5.269739694630799
liberty	5.068209925471921	5.1156846395172195	5.3205990468827
negro	4.943513966580803	4.9616802056800005	4.98051811621751
little	5.102694052102903	4.8940359682189545	5.002474205568388
fortune	5.080304923134443	5.073814580665742	5.169710773992891
touch	5.045225717259743	4.974682009425617	5.014018055721624
kill	4.775713571245482	5.087730447484892	4.901161589549754
feature	5.10881207533269	4.947449682621161	5.093981794962075
happiness	5.115127366412825	5.071111421318401	5.228101481248792
assume	5.0749644099082	5.029217577815289	5.209078937947731
notion	5.072482560703282	4.983918574333062	5.153407490579039
purchase	5.157971279848853	4.879488090900983	5.153553091033802
faithful	5.127660785988334	5.067741111713343	5.239003308263245
soldier	4.9157592759818955	5.161260735595693	5.097787691680725
father	4.984817625477952	5.064467501898945	5.064148023926501
narrow	5.009590208249627	4.895972615845932	5.003885092417009
great	5.112192160534388	5.007609938699496	5.237641943993944
tear	4.904674195234509	5.0099764157663484	4.882287431250294
honorable	5.127502409110951	5.1192440900745	5.362119524887191
previous	5.093672402634193	4.9690297416440705	5.197225547080393
good	5.089221229868485	4.993167208146367	5.121806605418739
domestic	5.143031742535222	4.957776424057738	5.190205734518171
glory	5.157781541966194	5.011250218379651	5.186169345866152
lay	4.9963647734530525	4.905558199910996	4.957140778670457
occasion	5.065051088286381	5.05523297421667	5.206839355719383
guard	4.908644680904709	5.117305075232471	5.08987963253451
whole	5.06800156110543	4.9552008616081284	5.145623288302247
mouth	4.9780626116535	4.87637904475312	4.851085899738218
receive	5.136319770512684	4.984862086252406	5.220433328985014
take	5.007025362331017	4.978821801315586	5.05797972485451
simple	5.166395620737938	4.899426243850725	5.1474601349776625
error	4.972242675349094	5.100946543371758	5.253171534593475
wisdom	5.098717482719865	5.082187290930003	5.274213523304042
rock	4.971795933598818	4.89002800541316	4.901664125444182
decide	5.060426235499307	5.074189947597391	5.298683013973909
exclaim	4.913805783532417	5.061303838270717	4.9061599129366655
assure	5.065567503770859	5.067099126959798	5.163168126743972
sign	5.039912974593581	4.982474255497442	5.117676213317241
preserve	5.121569435276378	4.931480105302319	5.163915020066107
commerce	5.127293885649585	4.972562850490351	5.269835296449
plant	5.110544329202166	4.794951328804294	4.998394845758006
walk	5.127232185960509	4.856332012179688	4.92222671399867
difference	5.0802366127716425	4.952348974404414	5.200762178213684
hang	4.957285982960029	4.889094533610756	4.831829416377395
following	5.236074894888085	4.871440372457494	5.232093626837153
employ	5.126205283330377	4.923981102375731	5.1958394769480485
