deal	5.055214512901244	5.0063451611282135	5.121529463615366
study	5.291819033935425	4.902657721045268	5.265015337305641
afford	5.195537075876671	4.9406458811696	5.236219705151436
service	5.190719015354415	5.01239831908658	5.2997981245422245
height	5.083179818737939	4.873520521311	5.055870177677821
prospect	5.166633560955126	4.990904476594768	5.181564892300339
pleasant	5.242950786450507	4.844647924592911	4.990640608084398
shade	5.137228326353039	4.851117460672153	4.965730626543499
listen	5.025201576562479	5.068355507874078	5.046872307581412
mighty	5.010853240327933	5.036480589311672	5.093922731111918
country	5.13496805780872	5.012579592247025	5.287652623972575
title	5.235905233605895	4.963690930796633	5.361281876615735
choose	5.150394471067787	4.948348443418489	5.219590317715324
village	5.153367954955522	4.906398962741856	5.088702653403923
acquire	5.234325594046349	4.965984429763955	5.317104733943576
rank	5.142989662418923	5.054353709604606	5.28743660063565
bow	5.053044394748687	4.965238378164279	4.991867741424337
doctor	5.0123877813268205	4.983450616359522	5.013919121726182
talent	5.261269539418218	5.012936437014345	5.339896059980635
source	5.190060587676854	4.96963026411542	5.274978447708816
lead	5.064570258337002	5.027042481120732	5.165586516240276
question	5.071445675790506	5.037844013743599	5.28058494210755
publish	5.252827603952776	4.934521371234712	5.353090683152213
interest	5.16501115594595	5.031772997345716	5.312231113631483
serve	5.064048009482963	4.966623318564493	5.109166506723859
divine	5.1457516814977975	5.015658228186959	5.268327507298639
put	4.963784081736671	4.931088207899594	4.958588923728108
shadow	5.055010164509585	4.9269045658922535	5.004978310462796
practical	5.200689243201813	4.970866206944535	5.346864302024194
surface	5.0784279511293215	4.808972241435713	4.9729399325903785
account	5.11338228510253	4.979698861512383	5.21592373847584
loss	4.9553150072300856	5.091694662739308	5.143485919895333
indian	4.9819827596165425	5.0328196964251495	5.133120036365494
vine	5.14589443760393	4.791322289676203	5.019823248517438
certain	5.062392779821346	5.022717117837723	5.224508253658461
sin	4.873992895288546	5.130446305791232	5.106829276337723
necessity	5.020830566987323	5.072756386160521	5.273306809158328
lose	4.98883128675705	5.059227166751471	5.071333122019825
private	5.115146039270174	5.0514216420621345	5.299394503192017
gentleman	5.157275817790152	4.954271057589921	5.130145192193458
daughter	5.046648007892851	5.0527576129827665	5.085522379617225
drive	4.8438836894266	5.097070939823405	4.971488265331357
strange	4.968212443514416	5.050939772005739	4.9821473773631855
journey	5.144008374771005	4.938401702641928	5.065217232057146
uncle	5.113340899598594	4.9372277731692495	5.02306098037366
species	5.068275831348648	4.938179694063862	5.15242024107515
think	5.039946620155592	5.030110047754111	5.082406834298377
bed	4.995888295029673	4.845672345048678	4.826059581339386
wind	4.942343213807493	4.962004920119456	4.898036333208427
bless	5.0840988236385645	4.972918701371245	5.0278678360266635
destroy	4.892476346446488	5.099904236422514	5.128511300044765
author	5.230563896646106	4.9841539522147436	5.310888980117614
sustain	5.0568518310567	5.051253622628466	5.267797230743125
black	4.961714798600926	4.8728589813906655	4.859781796845279
event	5.09512571776398	5.0831245522124755	5.286207873326277
liberty	5.0858431621430515	5.110388885333271	5.333570458658689
negro	4.949834335200111	4.965647908774295	4.989969938228073
little	5.1140574830716385	4.9003255495750855	5.015292614574578
fortune	5.091346058094931	5.074062612932884	5.181428881518725
touch	5.055389502242592	4.977767358690941	5.027245876565391
kill	4.776796874428267	5.0965912581173	4.911222221004549
feature	5.118726166701046	4.9488901350470975	5.1075470537166225
happiness	5.132659393155317	5.0713114274525095	5.245233834527063
assume	5.090486637940164	5.02547262216437	5.223530316930001
notion	5.089954264801187	4.984656897307463	5.169272521698361
purchase	5.174750049910329	4.880197808920425	5.1700939985303265
faithful	5.139172950507388	5.061700370566147	5.248851822104047
soldier	4.918361490584543	5.159547005832425	5.102259127681291
father	4.990123893792927	5.064743831250431	5.073145402766838
narrow	5.018220765002009	4.9034853596183625	5.019505514855995
great	5.131363999393466	5.0060531480318975	5.255315745670741
tear	4.9082217790144504	5.019828032303455	4.895731382341503
honorable	5.145923553618162	5.108299066711561	5.3735525958394526
previous	5.112031777844083	4.9684112597801295	5.214156870844965
good	5.104851215301594	4.994609648960008	5.136635911540876
domestic	5.166084922427847	4.9575634552807255	5.207672193988813
glory	5.167235674313169	5.017597460368127	5.203197652077793
lay	4.999986031791366	4.91360953520807	4.970348112137333
occasion	5.0843863266542835	5.05234741078619	5.222014135672531
guard	4.91109207454582	5.114495723869396	5.096498525210255
whole	5.082680069305679	4.957284580591006	5.162153212301242
mouth	4.979235108659945	4.886359450766566	4.862901381404422
receive	5.153210694614569	4.980119339609681	5.234799203725212
take	5.018136154154011	4.980393696987157	5.071715387514546
simple	5.184988943829314	4.900391391439324	5.1645144296275625
error	4.997594109531382	5.095121873969478	5.274196602088367
wisdom	5.117195482810032	5.0777731278656475	5.291282909171328
rock	4.9718249089600555	4.904254982177709	4.916028600553607
decide	5.079690223268049	5.067451903364478	5.313744025955063
exclaim	4.912350719938643	5.065320436256721	4.911606866080706
assure	5.077927053233596	5.064767986855589	5.174411555617074
sign	5.0498338932133455	4.980525745501152	5.131186590999011
preserve	5.138310482754251	4.933285440575758	5.182545546103758
commerce	5.150327103462255	4.969950301691244	5.2911312422058066
plant	5.124042801497706	4.806140816792083	5.017718532667262
walk	5.130051523775249	4.866907846622514	4.930895893050491
difference	5.105751515602311	4.951238790786474	5.223303835371585
hang	4.953378606164584	4.902326294982829	4.841298561414626
following	5.256051751986556	4.869317186255494	5.249839315257645
employ	5.146461365361165	4.921414795827218	5.2119713219085675
