deal	5.0380909240502065	5.014010959333514	5.1095348228580875
study	5.262782303071949	4.912173253456479	5.246717264281687
afford	5.166556755124078	4.947286535767056	5.21554946530565
service	5.171537958634022	5.020889788213467	5.285424685854631
height	5.064107564909354	4.877201415731751	5.041868525721358
prospect	5.1451383467807625	4.993760263055739	5.162765564838536
pleasant	5.229024957906523	4.846580053035273	4.975077037884843
shade	5.118025352297399	4.850342196861045	4.946257527352992
listen	5.012328659098582	5.076460665127812	5.036002902018708
mighty	4.996520873144853	5.041544463494028	5.082703874831988
country	5.10744715874643	5.0186184663198	5.2709364417369065
title	5.2079298741626525	4.973607565577091	5.3462856584260745
choose	5.134070768275154	4.956307822874754	5.207138385395596
village	5.141604910591483	4.912601975710083	5.076525438481805
acquire	5.201953566536721	4.976047699031203	5.299421231721701
rank	5.121699007915443	5.063077469557572	5.274988155245643
bow	5.045757150093438	4.97232195710553	4.985747355231264
doctor	4.999154318697019	4.992583528319722	5.004786701663153
talent	5.23056545084568	5.022656909302195	5.3228006079702705
source	5.153137020234044	4.975468970662879	5.250808393189138
lead	5.044753118702779	5.035324553310097	5.1505538412933705
question	5.045007739416975	5.046030879734675	5.263444304160443
publish	5.222682397245316	4.945691790361987	5.337825716924363
interest	5.135602637673971	5.039169797205983	5.293112906706688
serve	5.047114897373391	4.972484108180782	5.095444485134311
divine	5.114752179868315	5.022141931933904	5.246191909593709
put	4.955826829863986	4.937790254373782	4.951127405077378
shadow	5.037464202911841	4.928292798338211	4.98778884052984
practical	5.165206211467761	4.980404472300859	5.326321734020724
surface	5.0556981974549124	4.810647180370616	4.954835852885117
account	5.087082492446575	4.98928838453036	5.199265900114238
loss	4.933688983114466	5.0978643842486395	5.127527633123515
indian	4.966741578113412	5.04277863109074	5.123073483281845
vine	5.124905459172307	4.793795707212123	5.002947028822769
certain	5.033884789872911	5.031090211418211	5.206577120363619
sin	4.852894597287427	5.136034419370231	5.089283451765029
necessity	4.990906757382514	5.08046176513487	5.253816837262618
lose	4.97250860047404	5.064200909431934	5.0574721862961605
private	5.091207289408825	5.058468376063757	5.281809272183739
gentleman	5.144363041815315	4.9644223838458466	5.121191113100915
daughter	5.034527348782637	5.057109355822639	5.073459459138808
drive	4.837907222062725	5.103014635944589	4.9647856009961355
strange	4.9539442741377	5.055109385969175	4.969449219829245
journey	5.1341563198757045	4.945991519162719	5.05374814009664
uncle	5.105229868344865	4.945325873701637	5.0157588349234015
species	5.039195313798368	4.944903845441235	5.134316104265232
think	5.023614358250682	5.036410895109582	5.06986790615837
bed	4.991189433987236	4.846593914221971	4.814274225555587
wind	4.932050771440756	4.964462143023411	4.886905662455968
bless	5.073243393123306	4.975252108326851	5.013681645108287
destroy	4.869365162091351	5.105367444091337	5.113378047467155
author	5.197790582873272	4.994777922045667	5.293228228435685
sustain	5.028032787819221	5.0579541908233105	5.249927813159962
black	4.955389237816008	4.877726220562683	4.8540112526420165
event	5.066379643839327	5.091370300914853	5.268864587386992
liberty	5.059496563715289	5.117010014794407	5.31878324110606
negro	4.9425165070456405	4.976383066857838	4.983710070926207
little	5.098863459255484	4.906965944971164	5.003019263786493
fortune	5.074686637535421	5.080329105267604	5.168608480619429
touch	5.036406381513433	4.984145897095615	5.013291404950921
kill	4.778790248557765	5.105413120239798	4.910708662304918
feature	5.092568133107097	4.953311254467544	5.090141231904927
happiness	5.104956251953694	5.074004743584516	5.22308366874995
assume	5.063558798951337	5.032719170980065	5.206763469800904
notion	5.066631521030956	4.994483546506331	5.156839690209225
purchase	5.15791732935583	4.886050175705876	5.154305078257622
faithful	5.1197343613706865	5.070014154074417	5.233628582394327
soldier	4.913885139821883	5.168103704725546	5.0988207184661105
father	4.97780711153407	5.07034334769582	5.0612971893121
narrow	4.999804075918485	4.907184208835825	5.003212529103387
great	5.104629286890459	5.013721262995032	5.238394108527833
tear	4.896263306768374	5.020630798852281	4.882609099424191
honorable	5.120771840183827	5.117236573035154	5.3576673383233056
previous	5.0859228522464175	4.975896024453241	5.196286150705755
good	5.087278209955234	5.0019440109785425	5.122838124429892
domestic	5.137004620915725	4.9600778704940165	5.186336784112552
glory	5.148241109843573	5.020602501118344	5.188397235028817
lay	4.989908767917829	4.9176328288293405	4.958971975456561
occasion	5.06073056396388	5.060831119284737	5.205751395592781
guard	4.903990007632163	5.12265656178695	5.088702889553175
whole	5.0594799120052425	4.963188049825965	5.146670056665286
mouth	4.972201770168836	4.894182719736378	4.85789451331886
receive	5.129375368203366	4.988707536387246	5.218158306815072
take	5.003994387517702	4.987988065580952	5.059808742239642
simple	5.156269824547917	4.906877590772537	5.144712715841647
error	4.962821728450266	5.104147937882894	5.254511444536205
wisdom	5.088014565430327	5.086548504405977	5.272789939282344
rock	4.962595886644488	4.90786906872845	4.905021239385796
decide	5.053980581527229	5.076449457905984	5.297299789145773
exclaim	4.909494659490721	5.072925664726696	4.9079812613389375
assure	5.059860354788234	5.074225208176606	5.1620632957986805
sign	5.031307950174962	4.98982083718743	5.118782960875398
preserve	5.11014244056778	4.938889921431673	5.1639158509432805
commerce	5.121731621220915	4.974969791075633	5.273115613829228
plant	5.102003723931732	4.809334657013455	5.000397548317955
walk	5.124835741287751	4.872202332790663	4.921178541489597
difference	5.075259375586503	4.957829096698713	5.203860369788748
hang	4.950361469857902	4.904967502457192	4.83406555335134
following	5.227805069818435	4.878734144855086	5.23193403190661
employ	5.120667555843842	4.930924888463953	5.196117801049012
