deal	5.048596250943493	5.014942172323297	5.108206316471293
study	5.284238830524229	4.915851089893684	5.252238469404246
afford	5.187046951078065	4.952287941281784	5.223302158967837
service	5.187497780339578	5.020999692565321	5.28910170830467
height	5.0787716402308085	4.879410708677911	5.049142753074088
prospect	5.157576173552513	4.998201997644768	5.1669427067981335
pleasant	5.241347338220043	4.845832265838036	4.9786772103229415
shade	5.132886125950954	4.852082981538107	4.954766465733731
listen	5.0207231889920365	5.069984220581116	5.032556295039289
mighty	5.00339498115484	5.039683946940896	5.081917218651973
country	5.1219174280748	5.026689405605402	5.275750080829816
title	5.223755477585485	4.97309616593412	5.3477370872756005
choose	5.14581014330089	4.9551706968635205	5.207690644006194
village	5.156064570979344	4.908164664418329	5.077542781163612
acquire	5.22185820447752	4.983878291007637	5.306904647159937
rank	5.1377356949578035	5.065989139767124	5.279135193720091
bow	5.05566762372561	4.966176547871973	4.987530243705575
doctor	5.010791665116542	4.988826190684017	5.002748601840337
talent	5.250414140252182	5.03038078464261	5.3285553860798816
source	5.172857173811444	4.9834968023809765	5.25894739373943
lead	5.058773745324177	5.035503218247074	5.154025087051279
question	5.056542869711739	5.051234525434936	5.264546609743241
publish	5.241222896968388	4.947314286005448	5.340156167679863
interest	5.151428908845177	5.048737491392622	5.298697471867428
serve	5.060707582998314	4.972801432584157	5.0998060498306925
divine	5.1303249284331365	5.024806205394617	5.250933056735135
put	4.96473204120253	4.935130025672189	4.9513718958359565
shadow	5.047995966349923	4.927594882249782	4.991040214618053
practical	5.183855728034797	4.990921458465155	5.333323968986893
surface	5.072568169208131	4.815829999548802	4.964760227935511
account	5.103838273517623	4.992358223678038	5.202282373521162
loss	4.94390899133716	5.101984093838641	5.12999587981093
indian	4.977165960666702	5.040337316566981	5.122580530373867
vine	5.142744713893991	4.796427115660269	5.0111155651069605
certain	5.049457798481841	5.0368849115175784	5.21041013708405
sin	4.861705011095546	5.133249412696845	5.088890012683774
necessity	5.006862107691673	5.088522894878225	5.260085734543227
lose	4.981303671111252	5.064036425311139	5.057816788086625
private	5.1070022739184	5.064007825560596	5.285807036801778
gentleman	5.159420801021413	4.9609834702661075	5.120428806382291
daughter	5.044287981353289	5.049747297049061	5.0732192680244195
drive	4.845926566247908	5.097822310683145	4.963837665505917
strange	4.961645669951316	5.051271883151806	4.966744641647036
journey	5.145276798591775	4.939690173909266	5.052721088416635
uncle	5.114198814257988	4.936781500966216	5.010932287002664
species	5.05656795991632	4.95297471342402	5.14110750453375
think	5.032426377498408	5.034072892650931	5.067345271710787
bed	5.0028501710000945	4.8399021966275075	4.8179112909402075
wind	4.941244582038206	4.961803418343685	4.889562892580281
bless	5.080659925999184	4.967588187715208	5.013078580331818
destroy	4.8806574195911026	5.107610575407702	5.116651897536901
author	5.216965542476302	4.997214184345681	5.2962091443572605
sustain	5.042293515022776	5.067390089616365	5.257932257270083
black	4.965609936448996	4.873369976980804	4.85569285270435
event	5.080562000980519	5.096857162082944	5.271299416567982
liberty	5.071294341661711	5.122982664026123	5.322303483081571
negro	4.953301602062376	4.969736449772347	4.981737948435954
little	5.1117028245168346	4.905225940427328	5.005113367982549
fortune	5.08608537203145	5.0802759765721435	5.16969832801309
touch	5.048929154678545	4.982459273054193	5.0164196028019905
kill	4.78289221573474	5.092179853620685	4.9026573531615405
feature	5.107649725603712	4.959531064038326	5.097324592734169
happiness	5.119483429997433	5.079657349972256	5.228584330164695
assume	5.0780521246486625	5.040215102967207	5.212025955815704
notion	5.079600830856768	4.997653506585017	5.155799061108891
purchase	5.173014209948788	4.8845484268938995	5.157701462874459
faithful	5.131322220689015	5.066666780372532	5.234656506550692
soldier	4.92196699806086	5.161147014049865	5.095533501343244
father	4.987351892623052	5.061731890796286	5.060146350661412
narrow	5.014390612334054	4.908771271576776	5.0103286545818255
great	5.119526644449203	5.020102400165511	5.243034983696299
tear	4.904699757224043	5.0170616032761535	4.886671411067044
honorable	5.135031913491553	5.12101720289233	5.36051560667341
previous	5.102272949207551	4.9809885485282805	5.201473240215573
good	5.099305263460142	5.001430066536852	5.1238824723739285
domestic	5.1539032855854074	4.9703906197153565	5.195283076587041
glory	5.156522731517717	5.0225686561436245	5.18922113209748
lay	4.999744352430507	4.914691162888629	4.962976482309165
occasion	5.075975605450823	5.066142746716474	5.2091619954583805
guard	4.9141851254172435	5.115245894731248	5.087945877579784
whole	5.073270291993516	4.968713054591623	5.151730503142239
mouth	4.982833762304589	4.888206049171156	4.858336399231248
receive	5.147308050556156	4.9903763059180095	5.2235124914754705
take	5.016318331058456	4.985701208860452	5.061236209054062
simple	5.173697908605064	4.910894610239221	5.150927408389238
error	4.976934292235888	5.111516210794463	5.257919597549534
wisdom	5.1016715182484	5.09042679340344	5.275379642561342
rock	4.972817035407045	4.902075576755915	4.9079777355807
decide	5.065667557819631	5.0819394742751385	5.298677900135089
exclaim	4.917782636510072	5.06170368041907	4.90394308582145
assure	5.072639583455012	5.071295192443043	5.16087768657814
sign	5.043987205613727	4.98703125409677	5.11830788153542
preserve	5.129037559659744	4.944860516435803	5.174089385175763
commerce	5.1374540446414825	4.986371276393168	5.28041736109859
plant	5.1199450038508365	4.8111502343945185	5.009059954361985
walk	5.136556745689614	4.864431462024064	4.9209872160332955
difference	5.090807432381288	4.9672844606414515	5.20956041897564
hang	4.957983826323267	4.897372465790418	4.833866152244687
following	5.247509078463485	4.878421065654156	5.236120943995534
employ	5.140433780088834	4.936463841781413	5.203059455009801
