deal	5.040880086719308	5.007036915172804	5.108014381383179
study	5.265290219802524	4.904435021515005	5.240292131139856
afford	5.170824812971511	4.939084153899729	5.213155301534982
service	5.1732339399630645	5.01550424302611	5.283672244284304
height	5.06371196345067	4.871500884348215	5.037842344375631
prospect	5.147743565084706	4.985708770660801	5.160814411531509
pleasant	5.227322643663723	4.841086039746007	4.973808765176027
shade	5.117716649683921	4.846868686275151	4.945101612166961
listen	5.011300127755652	5.071935839530589	5.0342629338474945
mighty	4.9970770392377535	5.034619087939221	5.080620436143924
country	5.112589115864212	5.009986464251511	5.267176691396981
title	5.211227592946735	4.968542969454611	5.340779523919662
choose	5.130722401444131	4.950444999421812	5.200754565217626
village	5.141627656298108	4.902957367286439	5.074034905633355
acquire	5.206584093607564	4.967205614409765	5.294071101884071
rank	5.123534470560705	5.057480843354074	5.269883007149299
bow	5.042672782611848	4.97106897348755	4.985415525689121
doctor	4.999851144766536	4.98786421994154	5.004127209333613
talent	5.235160788329952	5.0148321186845495	5.316497253964039
source	5.160735635322428	4.966474400884959	5.247075162997984
lead	5.046133810748337	5.028416176936705	5.1484138529489645
question	5.047426077143783	5.040932390240878	5.25882440257904
publish	5.227567784817473	4.9372981271029674	5.3305879868883554
interest	5.1399624692823345	5.031238035219377	5.289050883169495
serve	5.048162300421685	4.968144455478362	5.094817354703306
divine	5.117206980998475	5.0170303693553215	5.241361604267179
put	4.956416759102626	4.933741068631254	4.951893568312527
shadow	5.036562626021235	4.924021654641096	4.985421546356146
practical	5.169694349502651	4.971978700143776	5.319386894254761
surface	5.058672840394686	4.804093448754459	4.953026906536167
account	5.09444621995611	4.980015461494719	5.197863882128735
loss	4.939731197312674	5.088993568991354	5.1290005523460325
indian	4.9722355151764255	5.033388008396942	5.122827866198043
vine	5.126707904807409	4.785548647206127	4.998715351085253
certain	5.039039595036889	5.023117793206895	5.203668920477221
sin	4.854451803712073	5.129892138735889	5.088339810532584
necessity	4.995985211302813	5.073114433203559	5.251745568849752
lose	4.97562029223031	5.0578300199655715	5.058463000690263
private	5.092868924305999	5.053782759225366	5.279260296890365
gentleman	5.144064897639766	4.9602115491417385	5.1185710381468965
daughter	5.033887949490947	5.0539271876268	5.07407007413319
drive	4.840592433452092	5.0957366821168995	4.967533539982553
strange	4.956488308577429	5.048885068385035	4.9697712055763565
journey	5.135412717819438	4.937133106565858	5.054151264834684
uncle	5.105037752934443	4.939478022377777	5.015567235209854
species	5.047931568776569	4.934764334164508	5.1324554795791535
think	5.025037106600488	5.030413802312962	5.06866253190371
bed	4.988001617744316	4.842960559277195	4.816711156716601
wind	4.935280229255023	4.957663931321639	4.888384391108204
bless	5.072606874497681	4.971405533179151	5.014403176517965
destroy	4.8751670488570955	5.096704783232321	5.113241718703838
author	5.204603419155362	4.986889022597215	5.287444067818823
sustain	5.0310270286376975	5.0509064993032675	5.2459141936406155
black	4.956395498286399	4.8737005782673855	4.854481999897171
event	5.071906490064021	5.081398819068213	5.264606663975664
liberty	5.062249720727037	5.110666281390617	5.314043475752756
negro	4.943939944238156	4.967049748575975	4.985098502917699
little	5.099571560601572	4.900304212232519	5.002083985970484
fortune	5.078924210884411	5.073118647422419	5.168788315923712
touch	5.037095930926546	4.980230270707588	5.012230644781572
kill	4.781120956478462	5.095708297324434	4.912687719104347
feature	5.093935109570743	4.949625194101821	5.086551512958496
happiness	5.108979919331922	5.067395048769667	5.221491216636764
assume	5.0661204721012645	5.0286675741177875	5.203033602966538
notion	5.069744891441696	4.986855407358952	5.152187344584718
purchase	5.161074504617239	4.878769407397197	5.155342669651351
faithful	5.119332049526819	5.065504473092961	5.231100842624289
soldier	4.915333789950471	5.163484828980085	5.099487915601626
father	4.976923232348568	5.066197747355911	5.062115190912593
narrow	4.999265087389244	4.9017006746802645	5.002252285111407
great	5.109237967806508	5.005640798353489	5.234870724003373
tear	4.897973739946204	5.016711483145899	4.88547111763123
honorable	5.123787717776856	5.1124428580603345	5.3545391522351435
previous	5.088720541741396	4.968139980301069	5.192547369642078
good	5.090189014619942	4.9958028356087505	5.1220391026760765
domestic	5.141323619792648	4.954248688073758	5.184807063935832
glory	5.150000139983775	5.0149095011772244	5.183880274140558
lay	4.98818742915298	4.914016500176407	4.959365201212596
occasion	5.064674111059022	5.053345657140794	5.203043089243319
guard	4.903454011875514	5.11808432206735	5.088722077534642
whole	5.062654734007204	4.956325883455752	5.143757409074185
mouth	4.975041243440952	4.889509255841913	4.85949925836352
receive	5.1332458959677	4.982119345123862	5.216841933608701
take	5.005458086995073	4.982816331266703	5.0601428008292935
simple	5.1569728113141355	4.901438803457592	5.139961650532678
error	4.969477088382036	5.095463762863482	5.249584795663496
wisdom	5.091616371571153	5.079960728209649	5.267909601120166
rock	4.962964906577301	4.900914966730193	4.905166085853887
decide	5.05486851615434	5.070745553236449	5.291326763282446
exclaim	4.910275408939472	5.069311433282292	4.91073017056611
assure	5.063263215298085	5.067971264493084	5.161561821968228
sign	5.031905728237392	4.985102077749185	5.115212784114786
preserve	5.114822145929869	4.9328357386579285	5.161875277270174
commerce	5.130105215683223	4.96697765677098	5.269882212495388
plant	5.103457377357883	4.80092814727155	4.996479264259616
walk	5.119690100279905	4.868815887266533	4.920428666088608
difference	5.079841589871536	4.94988946697582	5.199483194876977
hang	4.947305936686569	4.902226681294549	4.834384042547948
following	5.230534300068778	4.871731888794766	5.225833374967308
employ	5.125537267800795	4.922656926984468	5.193344009009897
