deal	5.041100423081866	5.01720390045086	5.110586275387965
study	5.27293414935384	4.9189878215515535	5.253147482610041
afford	5.177042245890131	4.955547366408158	5.2241715920134615
service	5.179590865539245	5.025639208435758	5.290159444307635
height	5.0791319966222135	4.880049314793939	5.04966716384275
prospect	5.158737970518726	4.998484190256918	5.170919671961493
pleasant	5.238606008744375	4.8504052536128395	4.979310119216721
shade	5.131842082082989	4.855476589756777	4.954939353864304
listen	5.020460138420302	5.076357265757345	5.038241240138953
mighty	5.004000166256422	5.039665066045833	5.085959500504759
country	5.116623860489023	5.024658455034865	5.274610707945421
title	5.213258155477214	4.980004509832008	5.348147136696747
choose	5.142864137779115	4.960180132505676	5.210615920841163
village	5.148316883268239	4.916362148899332	5.0800997698508095
acquire	5.212412565227567	4.98290454859547	5.3055889115402755
rank	5.127605701511008	5.0664591693113445	5.277172549504456
bow	5.054294528421399	4.971460659923008	4.988373146014204
doctor	5.006152320367769	4.994500960245694	5.006182843608219
talent	5.237870317040691	5.029202046730103	5.3270135556034415
source	5.166951724885683	4.983906166112102	5.258883787397288
lead	5.052581069916226	5.039647455614816	5.156270407043566
question	5.0544007692248245	5.052973712703435	5.269329640426657
publish	5.232337960603803	4.951276950569334	5.3389234257708
interest	5.145759056390118	5.047576751336925	5.298932833515285
serve	5.0534348732474985	4.976222139522131	5.099077450448384
divine	5.128138247978248	5.027280937798643	5.254788576896026
put	4.962182816874299	4.938153767082635	4.953079344122821
shadow	5.050643997684138	4.931853719501674	4.99673591282508
practical	5.175210574949191	4.989112452202005	5.333648564781714
surface	5.072629903685375	4.814548332677033	4.96413780283395
account	5.095213376359027	4.995905990543528	5.2032393294673955
loss	4.946419082843226	5.102069776921961	5.1337251317073935
indian	4.9709757105678465	5.045542651876858	5.124845738831725
vine	5.143921292062134	4.797360743202087	5.0120463085291185
certain	5.043754515250615	5.038042361255066	5.2127943222632815
sin	4.865462041367431	5.136260314540908	5.096594583219408
necessity	5.003325495808066	5.08795410537929	5.263398112765287
lose	4.98289339020082	5.066287933978533	5.062754019376127
private	5.097990818450002	5.067406191257356	5.286919367613276
gentleman	5.146600343351582	4.96858831876132	5.1205054462336665
daughter	5.044646904700676	5.059218665909302	5.077066570433332
drive	4.846130113422166	5.1007480623671	4.968130413966146
strange	4.961070825174919	5.056531049292123	4.972094496150836
journey	5.142736795653373	4.947447150621983	5.057779588005146
uncle	5.111881222764052	4.9477337913860815	5.016196549042019
species	5.050645540632465	4.951866325508253	5.13858561428471
think	5.031538766205358	5.038857164493515	5.07336451349194
bed	5.003777728200313	4.848010511859388	4.822815089148388
wind	4.947735347074005	4.962731950315645	4.893633263238723
bless	5.084669621333097	4.975027589816136	5.018263456632859
destroy	4.881530135876807	5.107113598513934	5.118869118933743
author	5.205745776791808	5.000742289842942	5.295637850774885
sustain	5.043533431423097	5.062881656318066	5.25848625483117
black	4.96205328577521	4.878423016452306	4.855288376459444
event	5.080084654288909	5.0962083681346835	5.274674066029015
liberty	5.071835618453401	5.119307417893097	5.322316048165027
negro	4.942756858747496	4.978736094760824	4.9850385038111495
little	5.105077911494695	4.910601593246353	5.006877802081422
fortune	5.081422858500249	5.082474486172326	5.171324520646185
touch	5.047317274769656	4.986242806161527	5.017519870180183
kill	4.784305073032171	5.098770489153822	4.910486274997158
feature	5.105536280084472	4.95940019254615	5.097054401518642
happiness	5.119360027669972	5.079683722975794	5.2315377678575885
assume	5.0748293863099825	5.039992264377442	5.213421541643623
notion	5.069409004830312	4.99962061643696	5.1586223870893395
purchase	5.164671609639823	4.892655599305937	5.158980537127606
faithful	5.127600108199735	5.073221004454823	5.2383294963038685
soldier	4.918097796360432	5.164781680640548	5.09820692051809
father	4.9885012546432215	5.071162114838762	5.066194652537255
narrow	5.010063230732659	4.911648085324575	5.0123402910216575
great	5.1132029251455355	5.019079888181025	5.243043273210896
tear	4.912828079718685	5.018863530974721	4.8889809468858685
honorable	5.127877925658445	5.122835082676622	5.36164935895964
previous	5.101591595716336	4.98293368982912	5.204660836716254
good	5.092268463096526	5.005353014899529	5.125524994138741
domestic	5.147915122873711	4.969830546911102	5.192724945108344
glory	5.1576687331558055	5.020061864140097	5.190597965939197
lay	5.000748857451874	4.9184301759419125	4.965626454271724
occasion	5.070049319330036	5.06640107518149	5.210360697639215
guard	4.911706178004109	5.122282624313603	5.093008061157494
whole	5.069519750692752	4.967990631556551	5.15161667346536
mouth	4.980223300594747	4.89285814786476	4.85849452876387
receive	5.141643688118734	4.995415452487612	5.2239537635511795
take	5.012602914141686	4.991138821092458	5.06405812989103
simple	5.165900605616143	4.914254722669053	5.151944159731634
error	4.975328808711241	5.1100831913687905	5.261221232098863
wisdom	5.096676420789646	5.090596225741638	5.278528593074063
rock	4.974944203684481	4.906553195109493	4.9118880994277445
decide	5.06439495724406	5.0829024668851845	5.304501973496124
exclaim	4.915789671937003	5.07057847152214	4.908597287364336
assure	5.067734170063882	5.077832692544654	5.1658158772585585
sign	5.0403217665253335	4.993543191627105	5.122384597877549
preserve	5.124242388150404	4.943870142862035	5.170708398247563
commerce	5.13306401298597	4.981875354940365	5.276730478478711
plant	5.117730232586087	4.813029133680704	5.0085389149633
walk	5.131249503275331	4.8742272132249	4.925964237700705
difference	5.083974424739282	4.966642241414391	5.209045041077693
hang	4.9585384826479775	4.90433857269714	4.83856327039097
following	5.243446440453044	4.88562523166227	5.237993641894644
employ	5.127886544951432	4.938114147349988	5.2009235715716375
