deal	5.052815524314892	5.016316393881615	5.116352631330976
study	5.2828795402124165	4.9173843269038375	5.2597575723332035
afford	5.189600481920718	4.951206979622027	5.23281515875901
service	5.1915681352104075	5.022940712986137	5.296225286647351
height	5.0813962263972705	4.876293830000593	5.05217532037077
prospect	5.167379772209662	4.9974191742930145	5.178247542401366
pleasant	5.247885653872812	4.851460212430171	4.987871930679311
shade	5.141586311722166	4.853488765535156	4.963367274915089
listen	5.02972507441984	5.07774310521842	5.045322399283985
mighty	5.0133657954104205	5.042552884666289	5.092137514830079
country	5.1292449553929655	5.023304817895428	5.283949813949278
title	5.225456164510633	4.976839932284191	5.353138852187925
choose	5.149463210318102	4.957365637235033	5.2136247630864005
village	5.160607181902662	4.910600851280656	5.083720299418309
acquire	5.223953542680854	4.980597156469566	5.313446388103654
rank	5.138851800765824	5.064545544573669	5.2831555085464466
bow	5.061641453820769	4.9704242123057485	4.991178858215679
doctor	5.014773409630911	4.992528611393221	5.009889738135778
talent	5.250304906608802	5.02887757012286	5.335155763846741
source	5.178280396945464	4.982549507443274	5.270370859459385
lead	5.062959092660062	5.036781236330063	5.163014379993369
question	5.062960422971097	5.0490473469426895	5.273662042277515
publish	5.244430653583021	4.950260316608054	5.346598026359576
interest	5.157316255079988	5.043852206459557	5.306780897713084
serve	5.064757217767406	4.975281222504143	5.107160852555266
divine	5.136848989868372	5.027396305771003	5.263553987675541
put	4.970842659567275	4.936358114326559	4.956320720058431
shadow	5.057474068401533	4.929236189189531	5.001083475805564
practical	5.185962706205042	4.985686548351591	5.340597972710282
surface	5.0786866377810265	4.810834301927657	4.969596111363176
account	5.107683222715378	4.991519646911481	5.210507171154026
loss	4.957554524570243	5.099677561843347	5.142748440079025
indian	4.986656907607643	5.040443662622202	5.1305872765980585
vine	5.149301055989726	4.793939187837825	5.017783428825057
certain	5.054971768975193	5.033635334156444	5.2201866909218415
sin	4.872421380838593	5.137748055623741	5.103712510914232
necessity	5.014543907309661	5.083131198551509	5.270401084068105
lose	4.992849389031559	5.066178615357894	5.070971022668641
private	5.110501179888372	5.062278006312619	5.293692244466522
gentleman	5.157096595201897	4.96365962359165	5.12293790496131
daughter	5.051804512019266	5.058304874779737	5.081763582392072
drive	4.855389559224765	5.09978482994085	4.972356918548043
strange	4.971693154223326	5.057359767594988	4.979851087564514
journey	5.154197048956163	4.946714153763258	5.064540598497237
uncle	5.117781968958574	4.944954593125218	5.016412575082784
species	5.064234614348525	4.947381044487602	5.149382302209383
think	5.039355034776054	5.039493396215753	5.078758071102602
bed	5.011201102199388	4.844940255462151	4.82560809989848
wind	4.954424020875583	4.96292110417172	4.89923187730322
bless	5.090529199401514	4.9770638224610835	5.023651698723518
destroy	4.894791987469709	5.106749589999648	5.130276660703271
author	5.21910437951314	5.001109121906188	5.3056727845091
sustain	5.053371101132153	5.061428101069916	5.2671439875637525
black	4.970905022868292	4.873768179131668	4.856449072502199
event	5.090103776196335	5.09467259073021	5.283096763300706
liberty	5.0812739616320695	5.121417780327945	5.331486634199509
negro	4.956701270025268	4.969118641586189	4.9848011967565835
little	5.11509632717205	4.90830197044847	5.011955469009327
fortune	5.094328005195323	5.083287792047224	5.180129005631512
touch	5.055011374439621	4.986308287617771	5.024887624367868
kill	4.790796161576842	5.099531941512291	4.911220494432494
feature	5.113714420364661	4.956443040886527	5.10325772889445
happiness	5.128283654732639	5.080322208355385	5.241764590628601
assume	5.085260376739932	5.035464601110272	5.219722110140865
notion	5.07932487665563	4.996337541578763	5.161012757593778
purchase	5.179235567375279	4.887265638862395	5.165347942874647
faithful	5.139130141796458	5.07326007546661	5.245934462691232
soldier	4.929437583470635	5.165936542325634	5.1033063896053275
father	4.99611488326632	5.070456105388406	5.070632736619881
narrow	5.018477743863776	4.9059734983727	5.01593689763742
great	5.124231530450396	5.0180690992474215	5.251659094471809
tear	4.919717410973835	5.022509116860504	4.897002318759303
honorable	5.1396745921364975	5.121938776589755	5.3691343026526175
previous	5.110512723474125	4.9773602825195935	5.210540923992613
good	5.1032683036397115	5.005319738551291	5.132567142381212
domestic	5.161818645804564	4.967297570858054	5.204512585845551
glory	5.168012493661055	5.026942084657422	5.201244137158697
lay	5.0107232732489635	4.9166292139792676	4.9710144386131265
occasion	5.082704876785202	5.063640178415641	5.218868302539619
guard	4.922136624144615	5.118842395376337	5.096513786183727
whole	5.079090603268555	4.965177627196729	5.158422576091943
mouth	4.988500078175447	4.890656878652142	4.860835276380908
receive	5.152319153812524	4.991266365644431	5.2317072371675435
take	5.022068170877274	4.987547695469763	5.068675849280251
simple	5.17609882865902	4.911808350466904	5.159766161389385
error	4.984683611889078	5.108616668842232	5.269981810527691
wisdom	5.107833973254845	5.092319277991209	5.288180877386414
rock	4.982292216756964	4.90443072044487	4.915029388189217
decide	5.072248341663991	5.078540554878867	5.307390956272143
exclaim	4.9219478315125125	5.07007342398964	4.909427824427208
assure	5.077592556152031	5.075790910575949	5.171803973509203
sign	5.049181336458435	4.989840740957569	5.1266275842294196
preserve	5.134613878255059	4.944083537146735	5.181886567600912
commerce	5.147695530266376	4.97996917878704	5.288113897055528
plant	5.125467574572474	4.809996123195987	5.015953687804611
walk	5.139230319256056	4.870492871176644	4.927495645069635
difference	5.091859634437239	4.961006725348027	5.21432640658023
hang	4.966131001069275	4.901482995734171	4.8396700310014
following	5.25001349221305	4.881625441350982	5.243334153697
employ	5.142990619080344	4.932622760413289	5.208705513003959
