deal	5.03566096819532	5.00915087899644	5.101826644731481
study	5.27034074570445	4.907033925802007	5.243303232393463
afford	5.16837013078877	4.94686286642713	5.21322300233254
service	5.172533616196473	5.019719961018246	5.286559787350173
height	5.059049962162136	4.875154426337246	5.034016194644915
prospect	5.144119392507985	4.99348650579355	5.159324901028856
pleasant	5.225345369253793	4.843192131812008	4.970470771088494
shade	5.118930243939841	4.849250594876984	4.943434947100271
listen	5.015290594407095	5.069300180515663	5.030276797325026
mighty	4.996334728194198	5.038483331898991	5.07656085500319
country	5.110806743654149	5.020912423198122	5.268778175083942
title	5.215597858291693	4.973237212977853	5.344975378950678
choose	5.134338193425704	4.952313705966919	5.202369541635402
village	5.132692140802406	4.913253675528657	5.07307971214895
acquire	5.208237636346337	4.9740491635572806	5.297019305832109
rank	5.123343864022736	5.0632116860713055	5.274834413154383
bow	5.043307286663607	4.966570265179435	4.982025126374416
doctor	4.9957629830859585	4.982696764591698	4.995022495945244
talent	5.238285198204968	5.021028569403954	5.322114539119638
source	5.16313458134372	4.975651258710336	5.24736096545962
lead	5.04465174755029	5.033649213142694	5.1464011668916285
question	5.050504274773663	5.042684944654147	5.258305609446303
publish	5.233187979212532	4.943924318864194	5.335485404593828
interest	5.140998102989441	5.040397531835687	5.291637780640169
serve	5.0454512006959105	4.968579968342621	5.090245024293439
divine	5.128726777958566	5.017131975777849	5.243219419413518
put	4.948870438298248	4.9295253213918	4.939980282806839
shadow	5.038650912636349	4.925272544678054	4.982380962647716
practical	5.17451535585271	4.9777564772934415	5.32361983370085
surface	5.054576585452784	4.807165975147365	4.946675655438491
account	5.088125505203562	4.986510439066651	5.193785835725094
loss	4.930783249636347	5.094956227289196	5.120248315095555
indian	4.961576994016866	5.042925022370851	5.119698827672301
vine	5.123587407797756	4.788126453739411	4.99410988810916
certain	5.036566039152221	5.028632736330158	5.200968358827646
sin	4.859497841005518	5.127691769656083	5.080032878422417
necessity	4.994518746228793	5.0796719969677655	5.250246505327503
lose	4.969795410501159	5.059787313465083	5.049185432440185
private	5.092239858418252	5.061415748766002	5.2806018585044185
gentleman	5.139275325564298	4.959208808889863	5.116546837045975
daughter	5.031265967101024	5.053594440648686	5.068328482301832
drive	4.826904224915206	5.099705296828402	4.955527093868618
strange	4.951452869285421	5.050267572938794	4.961222849415391
journey	5.127114179604951	4.943080622238796	5.04844492952843
uncle	5.097989225520322	4.938318874420812	5.006200770287666
species	5.04070720451717	4.944119107248	5.127468186930863
think	5.022989095695466	5.029213167284266	5.061075563239859
bed	4.982022316096339	4.840247388168264	4.80520110739116
wind	4.926633643005875	4.959703313334351	4.878369438341286
bless	5.075440597065417	4.967588321961242	5.0067034473273875
destroy	4.8700565060784475	5.102515264068539	5.105711137228932
author	5.209583108926816	4.990778246032736	5.289672784868187
sustain	5.034285923111971	5.056291541933074	5.247265403808296
black	4.946191817585594	4.872297895279543	4.8463621031843545
event	5.070715650728796	5.0906497697337185	5.264780222557005
liberty	5.068180952377875	5.116547921221265	5.316543261633172
negro	4.929296268659069	4.970569114317106	4.975399830674208
little	5.09385184108093	4.900980116390991	4.995620346587438
fortune	5.071107875726574	5.078276164739648	5.162853692274293
touch	5.040209716873012	4.977948752396807	5.007300864034948
kill	4.765112301969902	5.095830108118508	4.89577676565092
feature	5.0964375950744945	4.952429369196909	5.088314756931728
happiness	5.111202766077138	5.072928359271486	5.219165580179061
assume	5.06746743348851	5.030966620843353	5.204996103905073
notion	5.067792055062557	4.988096691819934	5.148404909196829
purchase	5.152879239494384	4.88525727374375	5.1492829492084935
faithful	5.126027952503461	5.067132748415539	5.233749261515751
soldier	4.905784751388325	5.166825692298075	5.095217320755927
father	4.9766333471265485	5.064082964437947	5.05500665298827
narrow	4.993579659522025	4.906977076309608	4.996832545359337
great	5.1072484049128475	5.012527322732381	5.234549360752197
tear	4.897990032864933	5.013953347157874	4.875195506291329
honorable	5.127322338629449	5.116812276363107	5.358424294330534
previous	5.087483178405207	4.973116297372821	5.192010106986101
good	5.085824450450971	4.996006837486246	5.116308103623599
domestic	5.139884153595137	4.961913114073636	5.184840632593407
glory	5.154637850490485	5.0193423000902335	5.184994181512807
lay	4.986182522713434	4.912733352032937	4.952119167725598
occasion	5.062424529294156	5.058800203555319	5.202717664325289
guard	4.897357468508196	5.121590333974254	5.085213592804515
whole	5.05883242726857	4.961774904180314	5.140976522710663
mouth	4.965013071499681	4.887975001286333	4.848587076327326
receive	5.132062340508874	4.986330435329048	5.2161905252967244
take	5.000083467837734	4.982568210841605	5.052364087792672
simple	5.162451907004797	4.9026506598183115	5.141002282101686
error	4.973023122234048	5.099574136828405	5.247072184043767
wisdom	5.098237588067774	5.082219645832885	5.269517425858096
rock	4.956445969749706	4.904789528868409	4.897322184033929
decide	5.058852904767713	5.0739863986781755	5.293577366134442
exclaim	4.901934370561355	5.064867605846264	4.898436380714502
assure	5.060329038830374	5.069308270152437	5.157006824233295
sign	5.032320614133074	4.984970052823406	5.112748108357615
preserve	5.116455005521123	4.935984127834008	5.1607772613988185
commerce	5.124094847528172	4.979475664379327	5.2708443546207056
plant	5.102271504934934	4.803499745150071	4.992446830225622
walk	5.1160950910834195	4.866674832172798	4.9143650531537855
difference	5.076897634586619	4.955962325486818	5.197495943988372
hang	4.94130188649014	4.898454222712416	4.824842479763621
following	5.235995654691708	4.874612163628326	5.229577212066352
employ	5.120150303172943	4.93003941690542	5.19275818826189
