deal	5.044492485866661	5.011485633265666	5.1087049397009014
study	5.268598643873907	4.910527382060078	5.2451423274937286
afford	5.175592438968978	4.9462814782930975	5.21798981502859
service	5.178202011864023	5.018854432519108	5.284919430289811
height	5.065817103719192	4.875971397460728	5.03870191432183
prospect	5.148842555229597	4.9900020610681	5.162262177765554
pleasant	5.227049511475936	4.842010271592037	4.972424318549182
shade	5.12182715320088	4.84893134582631	4.946526282758534
listen	5.014476076499877	5.074041658494446	5.035583104410936
mighty	4.997940929076593	5.035180803517924	5.077111910717674
country	5.116837352051123	5.016328929843506	5.26862485085003
title	5.218888975534723	4.977227036457937	5.347666367027633
choose	5.1371242284959555	4.955473224281308	5.203794597051135
village	5.141055046090235	4.905592562023498	5.07236768598371
acquire	5.213043512683727	4.97387248850071	5.298490765604262
rank	5.128649777790859	5.062920850272155	5.271992062897675
bow	5.048116332960702	4.970945142727816	4.983338066060788
doctor	5.00557152900876	4.991520230328505	5.006242258425266
talent	5.2399423124006175	5.02190928160982	5.320315798619154
source	5.166264671049544	4.974391922723786	5.253301949891586
lead	5.049125967588991	5.032564623998104	5.149119817015191
question	5.053944532100032	5.047574650363882	5.264046880165265
publish	5.229977338359389	4.94747965865193	5.335110546580052
interest	5.145790991428569	5.040296625575163	5.294555532237276
serve	5.053461842199331	4.97124751127359	5.09441832018262
divine	5.125212157639347	5.021201157362887	5.247543034018953
put	4.961617662170577	4.937299812604028	4.951350871741654
shadow	5.040026562937725	4.926101532822755	4.987344662963878
practical	5.175188573810527	4.980233705351891	5.325096447343377
surface	5.063457893726844	4.806854308156256	4.95521129355507
account	5.097876736516665	4.9884107639179165	5.201817432859807
loss	4.94654527998291	5.095868026896551	5.133072952668834
indian	4.97442355593496	5.036986428745327	5.121566128821504
vine	5.132465409517697	4.7884989377893925	5.002385711814052
certain	5.045791321050727	5.030657798154979	5.2085827267998726
sin	4.8638339756231375	5.132684071565814	5.092455812301126
necessity	5.005343150383975	5.079749843002532	5.256978287498392
lose	4.978824124796029	5.062505029056567	5.059290949835248
private	5.100114669664233	5.061613671977997	5.284072949611977
gentleman	5.148053847558835	4.964480832384338	5.120651764606209
daughter	5.039020320298135	5.058285206361898	5.0758870518577375
drive	4.841014964020031	5.098074921132559	4.962770313080677
strange	4.956867847090107	5.053643241842626	4.970199795314166
journey	5.133079205480708	4.938133711942493	5.05124394009253
uncle	5.108221565016073	4.943070290996007	5.0162703576481515
species	5.05455013913577	4.9451177410776355	5.138636386735368
think	5.028684808792178	5.034279553350899	5.070317114235429
bed	4.991493239096214	4.843746342451917	4.815511262083996
wind	4.934000262228461	4.958278582793274	4.884419445308496
bless	5.075929347886646	4.970844018972356	5.0136194289113485
destroy	4.882020592209773	5.101699446706783	5.113965466857153
author	5.207965453007808	4.995731444333542	5.292983528223894
sustain	5.0396550269140175	5.057409609063022	5.249958955125745
black	4.958275044541757	4.876256663904337	4.850999881595136
event	5.074634099711366	5.088804010744928	5.267846205361385
liberty	5.069036896594861	5.1159484626997385	5.315784881612142
negro	4.947032196699549	4.969818179113935	4.984359178473336
little	5.103373883271948	4.9042523081937235	5.0034289841667166
fortune	5.082448476427137	5.078053921218481	5.169267879827563
touch	5.043083041503468	4.984652901433343	5.015583159445136
kill	4.780369447119315	5.09599492007939	4.906671229732104
feature	5.099928148841975	4.95604315041001	5.091052921242862
happiness	5.114363988332888	5.073725188962134	5.225835778106088
assume	5.073889077010844	5.035092927403686	5.207907195631071
notion	5.0753025265638225	4.993180476893589	5.155386788064241
purchase	5.16665665837702	4.885217649538534	5.159184640846576
faithful	5.125230849514757	5.068354484502354	5.233719008346006
soldier	4.9148125257293955	5.163617775416279	5.093049343861882
father	4.984751763554377	5.067241284072095	5.063290940333899
narrow	5.00398813531717	4.904919257563485	5.003647666881387
great	5.112378979553334	5.012128161831053	5.236666048148644
tear	4.903050998597182	5.018915905835287	4.884843608310642
honorable	5.131022374109619	5.117364075998458	5.357713085750459
previous	5.093570915765627	4.97603129559693	5.197638637513595
good	5.094033920575647	4.998742484910917	5.122796730347399
domestic	5.147271227283427	4.962838136191597	5.1887951514516
glory	5.151385888932445	5.017086092144028	5.182644321248169
lay	4.993328100294	4.915164146611554	4.95848500861767
occasion	5.0693766123605135	5.059658210379082	5.20614764574799
guard	4.906809663343739	5.120431839889547	5.087366101835791
whole	5.0659525448998775	4.962178365309702	5.145136622721673
mouth	4.976403213843351	4.8898060902091	4.85531487087157
receive	5.14043740766485	4.988607410428122	5.221558496834163
take	5.0105921846832295	4.987201784282571	5.061520444643687
simple	5.16482695469509	4.907781507954287	5.146304400426507
error	4.9786540690659375	5.103981043245161	5.2573905392616425
wisdom	5.099152068151621	5.083569160805714	5.271780590826216
rock	4.962791093420207	4.89976599374431	4.9004966457191355
decide	5.061836535191837	5.077635141643931	5.297015315570878
exclaim	4.91133335331313	5.070128004713922	4.9072449822441975
assure	5.067393756854756	5.070632510623084	5.162742184633687
sign	5.038671262170295	4.989635766257958	5.119349218624426
preserve	5.1220160633986165	4.938595442200858	5.164430053193041
commerce	5.132698766272549	4.974900069885672	5.271905648063714
plant	5.109744419211265	4.80384943701226	4.999469127238707
walk	5.12068502864447	4.868454996893583	4.918477341867116
difference	5.08638793771242	4.959626791695383	5.206048856764078
hang	4.950831997324428	4.9035882533649975	4.832850764401343
following	5.234467634444625	4.8798429496324625	5.232587659377142
employ	5.129820608704403	4.930606956067676	5.196385241521169
