deal	5.043260331706852	5.010688477919537	5.101549407295412
study	5.271445173076824	4.915835115206095	5.245181520662157
afford	5.175006787746595	4.948663727259676	5.213463293481474
service	5.1760070663499285	5.02279623032083	5.282722895363502
height	5.07213066393489	4.870575393776969	5.033602532592474
prospect	5.156566677188041	4.9952283225352305	5.160685295934274
pleasant	5.239823421224525	4.843969601815232	4.971217075863823
shade	5.132682462237347	4.846978869943667	4.943510958054513
listen	5.02637929185094	5.074227328644084	5.0318183278288515
mighty	5.006569078936832	5.036266566716037	5.073602255875213
country	5.115703559704846	5.019385535423674	5.26527872478695
title	5.21297634128952	4.974140071435324	5.341444367587984
choose	5.136355038553879	4.9541571474781305	5.199114245667971
village	5.145636312756825	4.907689633799564	5.06708477922313
acquire	5.21229407559245	4.97797914641269	5.295861784723578
rank	5.129620396358961	5.063513023980248	5.2698133808295315
bow	5.055000752120155	4.965441363160886	4.976550297132265
doctor	5.005668810937209	4.988528282767801	4.998019490514384
talent	5.241813229421915	5.026879527897925	5.3210188080381995
source	5.16704015465384	4.978734347075533	5.249286815837206
lead	5.054216011306369	5.032908568218786	5.14513741721858
question	5.050567727853631	5.047800827009638	5.2583190739002
publish	5.225189721109876	4.948657261141362	5.331299470825586
interest	5.145159812088339	5.044876540478695	5.292305844217874
serve	5.053830760900666	4.9680040506452645	5.088540622378475
divine	5.128504184456598	5.025122871336418	5.246477587530982
put	4.958222943253979	4.928483272999553	4.938580996897784
shadow	5.050764478174954	4.924276340269423	4.98316430303995
practical	5.171515448566814	4.984409444153787	5.322732198770644
surface	5.066081462125208	4.804249622428675	4.946465045790938
account	5.091466157131267	4.9887506199596805	5.193553536599351
loss	4.944262149662042	5.097871030209064	5.126459205396849
indian	4.969582409458988	5.035237977156109	5.109696388888365
vine	5.1324270892732	4.78772455170698	4.994449119470367
certain	5.042923796421722	5.030764166974122	5.202586164894197
sin	4.866602146297851	5.13414979397378	5.0874153009133165
necessity	4.999893717209097	5.0815576307832515	5.250781828714369
lose	4.984702246948441	5.062029891814533	5.05429260716973
private	5.097652898306083	5.063580014218588	5.281281366683096
gentleman	5.147869241584665	4.961610932596536	5.114205263186335
daughter	5.049021473679661	5.055384986914728	5.072487813707948
drive	4.844763413428162	5.0933711776634425	4.952530551093034
strange	4.968995403652607	5.051129280654301	4.965944564362993
journey	5.139745186021233	4.941544116704189	5.04659676183222
uncle	5.111159260316524	4.941047001660076	5.007485826039444
species	5.04690249002731	4.942050165570512	5.128285336939941
think	5.034530705519146	5.03390957032478	5.065262371652213
bed	4.998826394027125	4.837815299715244	4.806672369189172
wind	4.943329950287199	4.953891853683977	4.875833176331569
bless	5.084799811731228	4.971494369927088	5.008702204638449
destroy	4.881392738768605	5.099774587213021	5.106827376365742
author	5.207367675713969	4.997291902139626	5.29035945838362
sustain	5.038675548331105	5.059549783040028	5.247294135782653
black	4.9589295437942384	4.864937167769891	4.839586940210826
event	5.078189516391814	5.095073573018372	5.266952783700421
liberty	5.070031555959862	5.1192145642300275	5.3139353587634295
negro	4.94267790364157	4.966267838720763	4.97132249911864
little	5.107012725486405	4.901640693588716	4.996403393484004
fortune	5.0870716118163	5.079722105172417	5.166649068479521
touch	5.050901560640068	4.980876945451095	5.009232170698393
kill	4.780539835433991	5.091181230401474	4.892809809439967
feature	5.108942084802509	4.953849058431068	5.0892234183080785
happiness	5.122601982541361	5.079310773474429	5.225888314874117
assume	5.074288505621641	5.034010993281241	5.204285594677642
notion	5.072139209269771	4.991211177538306	5.1475804774895755
purchase	5.1595785534055105	4.883070189391185	5.148672791702488
faithful	5.130814689815641	5.072357262878561	5.232747518448239
soldier	4.9193632581307325	5.162958571726101	5.088672675171666
father	4.991202832510832	5.0670837691713855	5.057994466303223
narrow	5.009292764741601	4.900194756039023	4.995861063200878
great	5.112113322944755	5.013721250535066	5.233124374533565
tear	4.913731668267402	5.0151342716870735	4.877748828512087
honorable	5.129646359589982	5.121935620159138	5.35718078362425
previous	5.0917042145322275	4.977769873979944	5.192741920292617
good	5.094484645635766	4.998462915227071	5.11649102528905
domestic	5.148111870400618	4.963198797320729	5.185572649975408
glory	5.16112907775307	5.020306821881896	5.183582680201575
lay	4.996882619746909	4.909410277650273	4.949086622551447
occasion	5.068332904227802	5.06185930317497	5.2019251046068185
guard	4.908486923778727	5.116857147668688	5.079158202355545
whole	5.066518860491355	4.961174230036874	5.139504554521548
mouth	4.97915067319509	4.881721177899102	4.842762057886894
receive	5.136146456176685	4.989440163218895	5.215083408113209
take	5.008574178237347	4.983176157590421	5.051414630873599
simple	5.167271824132411	4.906724225919734	5.142780449768719
error	4.975083074446777	5.105942317279291	5.252875063875123
wisdom	5.101910456818503	5.088207932981999	5.271682122921546
rock	4.971054600677239	4.8955778978830296	4.891327353192679
decide	5.059937049793999	5.078952461713741	5.293002162147992
exclaim	4.919341730972372	5.065768177227516	4.898070565520518
assure	5.070007157670557	5.072415511955013	5.157272665194427
sign	5.037400679728715	4.987117807646859	5.111936414649057
preserve	5.120753444646719	4.937147816512766	5.158779240812456
commerce	5.126569413723477	4.974657134507519	5.263847609204337
plant	5.1105571384013615	4.802024048517489	4.991553332108988
walk	5.131316758683086	4.8658517444281175	4.914165289276204
difference	5.081100522431608	4.957984124081066	5.198929888647123
hang	4.957623430193792	4.893651352052699	4.823415252881143
following	5.2295840244416105	4.880657720687006	5.225857538947733
employ	5.124142171221168	4.929814749651403	5.189699892918908
