deal	5.04097186108519	4.999116925726074	5.101461296865115
study	5.269655294374855	4.904036954117746	5.244724309304736
afford	5.174585272449357	4.9381084249302605	5.214676558479756
service	5.179775578660536	5.006802886497672	5.281466187923386
height	5.071490359934984	4.866189857425416	5.0390126827105615
prospect	5.1536549209013796	4.978232048201949	5.16055986130531
pleasant	5.2311839359349355	4.8293510161589746	4.9709565137540155
shade	5.124180241149003	4.838560890815093	4.948433169137946
listen	5.016471798386909	5.053172032341544	5.029556263251624
mighty	5.002337832104028	5.02189070090472	5.076729925313347
country	5.118387663087339	5.008653412532697	5.267492944460548
title	5.21611311378418	4.962975646949481	5.338122165116754
choose	5.13995623963634	4.9423941439676105	5.200434011004016
village	5.1455941655299435	4.894526665088816	5.0679023254702615
acquire	5.211580694327429	4.969365999988685	5.297609136242616
rank	5.130114952397765	5.049927072007471	5.268319746588915
bow	5.048259624853609	4.9530480360289655	4.979179206913722
doctor	4.999874330106612	4.974668319295376	4.995756089097222
talent	5.240053711316326	5.013570578259127	5.318525271024869
source	5.166280459198874	4.967740284910963	5.252941100093153
lead	5.051187277945145	5.020362099922398	5.146944514872516
question	5.053144076129886	5.036871262433658	5.259677729935898
publish	5.233836131531727	4.934858029124953	5.330725108038296
interest	5.146079035383935	5.03139116858238	5.292176196265601
serve	5.051981002998492	4.958307290890008	5.091856615887914
divine	5.125883936940488	5.012444819099617	5.249996135508982
put	4.956195184923155	4.922099849978599	4.944179472253076
shadow	5.043130940427351	4.913958464550455	4.987551941582879
practical	5.17511208853326	4.976540896671271	5.326003002456792
surface	5.063486958242382	4.803674287653773	4.957151461802473
account	5.094947540278163	4.976957141843847	5.193926836552365
loss	4.943088013071545	5.082033818009059	5.126329095707242
indian	4.973299581417135	5.024931719349352	5.1141244131509564
vine	5.13163047749401	4.7854827131014925	5.003397075065692
certain	5.042148713548806	5.021449742559513	5.203901463222365
sin	4.86133736493641	5.118974727295902	5.091214395804489
necessity	5.00158687308772	5.072909613724638	5.254926324884366
lose	4.977686789736408	5.045209586817653	5.053696522818366
private	5.10004385584856	5.0487122170160035	5.278608121211415
gentleman	5.145805671711543	4.9477440545498155	5.108842958079745
daughter	5.038958696731614	5.035688417328067	5.066823228734838
drive	4.842082513812505	5.079127078605752	4.956786399674923
strange	4.956314028590818	5.032829650021773	4.961810457715851
journey	5.137042144064032	4.923004070112465	5.044688982694131
uncle	5.105465436046549	4.923247141156882	5.003606313960122
species	5.048591381278078	4.938363350718305	5.133182024800562
think	5.026572222639329	5.017538849510206	5.063234492544983
bed	4.991272808079298	4.8300247468164175	4.8124668462866795
wind	4.9376707762678365	4.944131199651832	4.883203661248734
bless	5.077773760266217	4.9537195845717035	5.011794565224064
destroy	4.879205049915887	5.089671320313335	5.1116730915543505
author	5.207782734856328	4.983077553472701	5.287966847692485
sustain	5.040885183372761	5.050195263499457	5.252822806137081
black	4.956569151890581	4.860329886314303	4.844841166175369
event	5.078402179475273	5.076701251686828	5.265226712686431
liberty	5.072603553598526	5.104208368480409	5.3169508860765395
negro	4.942405085184719	4.957819592373069	4.973412715071915
little	5.099857207266212	4.891246249220615	4.996771884900097
fortune	5.080121281987987	5.060938150715151	5.160890287673055
touch	5.04188014221827	4.967824508321897	5.01113444114001
kill	4.779098387976843	5.0749916297848765	4.89675905008056
feature	5.1011161894010835	4.944425914085101	5.089919073994015
happiness	5.115253691155983	5.0615150043408645	5.225394466741437
assume	5.073472594091938	5.024374370195977	5.205699635680115
notion	5.069060518674681	4.983991285495277	5.148355405213645
purchase	5.161679148613112	4.87597595873984	5.150276062968795
faithful	5.1271450862449655	5.052266193189177	5.230250644213594
soldier	4.918620190934843	5.141524280714738	5.086572048490838
father	4.983297900807602	5.0485084511057945	5.056610540801967
narrow	5.004668371658102	4.89730978700819	5.002300440759118
great	5.113812526536563	5.002863468584569	5.2347348075944415
tear	4.903140084038454	4.999884306148478	4.883689058613354
honorable	5.13118361802623	5.104210723238763	5.353304928593269
previous	5.096212240008558	4.965475052612224	5.194735914104771
good	5.0907249140619655	4.9857463713874415	5.11682097018674
domestic	5.145600368854137	4.9545822912648125	5.187705347627432
glory	5.157087883106085	5.002908123083619	5.1844162739748505
lay	4.993474516201145	4.903031678165601	4.957640019118163
occasion	5.0695080665093	5.047762963536784	5.202028772565805
guard	4.908358935872565	5.1007408023492165	5.080954564022646
whole	5.06787317543874	4.953000600554194	5.144335521143223
mouth	4.974931837630613	4.874810702051672	4.848895474802015
receive	5.138816389678131	4.976476157178436	5.216061641723724
take	5.007912869752014	4.97199855782144	5.054619668870555
simple	5.162003770962517	4.900167508614699	5.145175530648718
error	4.975167870054124	5.094575293008581	5.254811871018409
wisdom	5.097724303050083	5.073978639395414	5.271613240997642
rock	4.96742186106701	4.889047592887876	4.900722502259218
decide	5.0629740554121945	5.066278057992317	5.293270198905612
exclaim	4.90992043181728	5.046361248295147	4.896972851720519
assure	5.065824503135081	5.0552034567364394	5.155197449327837
sign	5.036288753018912	4.974853682396363	5.112207196987344
preserve	5.120561843152372	4.930209924728152	5.165517555261431
commerce	5.1329278368528755	4.969891759041705	5.270667941592976
plant	5.108504648426752	4.800885423330475	5.001304288854728
walk	5.123155569892741	4.853369018147183	4.9142014576400825
difference	5.083590064793102	4.952739879031357	5.20214579024391
hang	4.948899480133926	4.88545546513973	4.826980541644938
following	5.238171777892076	4.8671603070592235	5.228166309128361
employ	5.127178660880269	4.9242942638210625	5.192924357522893
