deal	5.035981937655934	5.02154595544598	5.106929155212435
study	5.26801616771164	4.919684079438631	5.247565153793387
afford	5.173448567689532	4.957799999225807	5.221853005802214
service	5.171957179827666	5.026733860285867	5.285154634441247
height	5.072040240238139	4.890108085551142	5.050047157807553
prospect	5.151045954349314	5.006800179054016	5.170384867336672
pleasant	5.232265878043634	4.859287355334512	4.979827490656778
shade	5.126892530716934	4.86589994824614	4.957018957504099
listen	5.014014877625396	5.080562771616597	5.033533348987991
mighty	5.000739763315284	5.05018235871383	5.084533010781436
country	5.113182388105696	5.030415116856898	5.273159375380734
title	5.215070961039593	4.9809533683253875	5.344834648751197
choose	5.137213397816235	4.960554526547844	5.204990742258748
village	5.141297938351182	4.92518292700546	5.077792341372799
acquire	5.208040824718101	4.983346324606361	5.301126027249647
rank	5.125399473301655	5.0685862022292625	5.274718178144961
bow	5.047750903098285	4.978430935330827	4.986898409579782
doctor	4.992813491716086	4.998642528643914	4.999945388387328
talent	5.235763197498073	5.0292153564788995	5.322819679456561
source	5.165955085296306	4.987843792277438	5.257114802708223
lead	5.048164186440686	5.0414938984120825	5.151711309514369
question	5.048403727660962	5.051593606715019	5.261496714699607
publish	5.229934365760309	4.955065475212944	5.3342148353058745
interest	5.140611060541024	5.048643965521116	5.2954095703304915
serve	5.048726740868903	4.978874894117925	5.0953854926278295
divine	5.126771420529543	5.028750108730574	5.250792880632195
put	4.952649616385289	4.943265662956295	4.948454818694402
shadow	5.045419865377022	4.940493821057276	4.995681442710444
practical	5.171277900879889	4.987903741559055	5.32666875753601
surface	5.066004200308439	4.82558222901615	4.965754360277429
account	5.090819324054515	4.9983238519089515	5.199149294892939
loss	4.934287366469488	5.106649962368038	5.129296141556375
indian	4.965432407557317	5.0503897860286475	5.11945036662284
vine	5.134732946954301	4.805078305258786	5.01146418462571
certain	5.039486273636775	5.037351105157308	5.208225293959392
sin	4.855166352702527	5.141254433521082	5.0892616072223085
necessity	4.995658082348802	5.087022580785991	5.2560914735047435
lose	4.975087077147417	5.07137251777251	5.059629234757967
private	5.092164342692421	5.067536279023527	5.282532932368863
gentleman	5.140045190894083	4.9703135705753	5.117061546395441
daughter	5.030907344907074	5.066516662934449	5.073457515051886
drive	4.83455616944065	5.110573248142437	4.963991112608845
strange	4.9542225121057974	5.063635903997371	4.970110868994448
journey	5.135130190002564	4.956283482502063	5.054178630979621
uncle	5.100693720085873	4.953096915823208	5.011521826740092
species	5.047455272946768	4.95650239076516	5.139302126903341
think	5.023852529415235	5.041723320538204	5.068285089712455
bed	4.988624080685845	4.858958389531634	4.817825173095684
wind	4.935897087688051	4.974797171044258	4.891611667343373
bless	5.076010123956866	4.9829634097616	5.014878549926991
destroy	4.874518314436656	5.11249966318811	5.1151593966349305
author	5.206598963807501	5.002262550898278	5.291479756887905
sustain	5.03561711846529	5.066258435922775	5.253840214671584
black	4.952767692754791	4.890609037558516	4.854531417938525
event	5.0723317493774465	5.09950320897485	5.269222630836743
liberty	5.065348540907519	5.123688607049129	5.317234578168961
negro	4.930985003784362	4.985040267331162	4.979549996637031
little	5.098613000916649	4.915111400500641	5.003923220962521
fortune	5.075139866170786	5.087940806368301	5.169632725613646
touch	5.041782908644188	4.990391929705635	5.015526693291568
kill	4.768439738623968	5.106509453687897	4.899285081339268
feature	5.09981933324794	4.966525362324839	5.0983559740701
happiness	5.111371740463422	5.082932411698114	5.228399862872396
assume	5.069278572206591	5.041026673510855	5.2101415069563455
notion	5.067102861050172	4.999995374384345	5.153636154676783
purchase	5.15916781973515	4.898409459085071	5.158471954776648
faithful	5.121869190284788	5.074837687401562	5.232914100471277
soldier	4.908257672291691	5.170621379091408	5.09233359056947
father	4.975767648977179	5.077408647681764	5.060284379894308
narrow	5.003643076809079	4.91995766116715	5.0113460536669185
great	5.110977419828945	5.0224775153700305	5.240172590461008
tear	4.898363728432713	5.031094773632765	4.885889366234249
honorable	5.123720101055032	5.122445335892011	5.356666420491361
previous	5.08996349108688	4.985859636390295	5.198345840560016
good	5.086527324813007	5.007288717818567	5.121208632408936
domestic	5.140412206200649	4.973529189962687	5.191763198689151
glory	5.158861990511732	5.030887957212272	5.192136591195419
lay	4.992687107489928	4.927104819105768	4.962591027991333
occasion	5.062501638986721	5.067857177584527	5.204873526463503
guard	4.899991249512144	5.126384896436466	5.086282141312668
whole	5.064864117036721	4.973618753575792	5.149809352275546
mouth	4.972565973137277	4.903842541331492	4.857031712342253
receive	5.134987603633986	4.9961526135801195	5.220470857029381
take	5.0031783265726775	4.993997857141937	5.058409813744426
simple	5.163410492328015	4.915774820995675	5.149576225245356
error	4.970949345929854	5.109833602853706	5.254044529260913
wisdom	5.096530949599327	5.090056968501726	5.273321821257236
rock	4.967165411617443	4.919636804457707	4.909770737335797
decide	5.056835647833278	5.080834791618154	5.295412524150719
exclaim	4.903592835672243	5.078370391462623	4.903212170348704
assure	5.062897249839814	5.07813482771595	5.160741629702028
sign	5.035534108262429	4.994918529497864	5.1181501035291115
preserve	5.120135732028786	4.9483289456095765	5.168786694880206
commerce	5.129730301864019	4.98863565747775	5.2774695583638565
plant	5.11124614110601	4.82008172665826	5.007977763882118
walk	5.123336277962319	4.880836476023379	4.922326681379568
difference	5.078637638800653	4.967469456686075	5.205416836058531
hang	4.949253280109362	4.914107544865643	4.836312880571385
following	5.23721363281387	4.887279020883322	5.232811844135387
employ	5.124415155798583	4.9397913799110915	5.198609153398144
