deal	5.035972324568769	5.010437505367636	5.103559348551375
study	5.267583631169576	4.909075946507478	5.243375418214637
afford	5.170545368829074	4.942579812234326	5.214336876557315
service	5.1716914791693265	5.019745586177054	5.28388970559152
height	5.060593276512777	4.860968263463361	5.033737514708102
prospect	5.147655855134399	4.987611777516681	5.161895411727428
pleasant	5.227723607059649	4.83790853144068	4.970845285620329
shade	5.125428178504376	4.835808863953055	4.945534404805207
listen	5.016440791946544	5.069756670397103	5.034950614448489
mighty	4.995256149415543	5.027273007463439	5.076408406425034
country	5.1102030461743855	5.014905734506893	5.2667503914386735
title	5.213149737983657	4.972011522756172	5.342599278130614
choose	5.129275751871228	4.952161754269782	5.2004638166694965
village	5.133902636093266	4.90410167312253	5.068197653236656
acquire	5.205486666252636	4.973553896551731	5.295707396737043
rank	5.122625290816911	5.059927895648585	5.271263636817362
bow	5.045706074786058	4.960596601558524	4.9812819539660405
doctor	4.9953521976107105	4.9901279265871175	4.998567040266156
talent	5.23530349867959	5.022540269124808	5.319917938537022
source	5.165414316254374	4.969455302439621	5.25180735466943
lead	5.045941400230838	5.028396084692598	5.147705524218015
question	5.044947083205392	5.047708383756174	5.259307017514742
publish	5.225662854957022	4.944868914694539	5.331742415727423
interest	5.141932382913153	5.0400546153129575	5.292750405921522
serve	5.046334313779333	4.966875805814283	5.091852991106078
divine	5.130035765138524	5.013438056626514	5.249380665004939
put	4.948014298251303	4.93011696083427	4.94155488903595
shadow	5.042511232829656	4.913193694624832	4.985216455566888
practical	5.1688063162789915	4.978177085625975	5.321762673886569
surface	5.055786665391596	4.7941886206354605	4.9473588268701
account	5.088266527462643	4.987102174775669	5.194704983923782
loss	4.937993697961424	5.0944109740682	5.1284463898394685
indian	4.960252131331033	5.036964354685882	5.114242957565939
vine	5.12623164923516	4.778582217140061	4.996069029369491
certain	5.036622657133241	5.0268311621839254	5.202020120502822
sin	4.86661474974257	5.126145315032468	5.093752619621189
necessity	4.995803596427525	5.078225056014126	5.252819909565226
lose	4.975139720779609	5.056385349041716	5.056253231588631
private	5.094400061603296	5.0607642286345005	5.28200169266828
gentleman	5.137852613734348	4.964842824133191	5.113657532629374
daughter	5.040449287989989	5.054570940541279	5.076521628207285
drive	4.8335040808108545	5.091494946512244	4.959179755863617
strange	4.956374586318738	5.046369504568867	4.9658384459663045
journey	5.128962750543797	4.937344715521911	5.048502612867783
uncle	5.100886428072586	4.9423836955878935	5.009975420601403
species	5.043402646846942	4.935132777511162	5.127250740913717
think	5.024542723739715	5.03226411392482	5.066459795440522
bed	4.987764457955562	4.834108097293115	4.810699045892807
wind	4.930867897203342	4.9465295854671405	4.880438422328837
bless	5.081191136310034	4.963483856184421	5.01531975117174
destroy	4.875605621551516	5.095355283923752	5.111875504735681
author	5.206820507382435	4.992810920331592	5.290439966421609
sustain	5.033694307048045	5.053488397791405	5.24920345441784
black	4.948863192947746	4.863671664871215	4.842858991658451
event	5.06993797379399	5.090119881111996	5.2669277182931475
liberty	5.065422776005587	5.115301838817636	5.317596181952522
negro	4.930430734537273	4.9679600561403	4.972364048273976
little	5.095863516401696	4.900494796118558	4.997408462388415
fortune	5.078469922875443	5.077438700383433	5.168460817222485
touch	5.041917560502228	4.97515879737513	5.011391280552516
kill	4.7682593419636286	5.094307139955475	4.901194324091363
feature	5.0980686890517335	4.946693337693433	5.0872552886096845
happiness	5.118740170040528	5.071430200849085	5.2287223079136185
assume	5.0660611276438665	5.03162578327564	5.203864542033065
notion	5.06386622370466	4.991329108962397	5.146605747633927
purchase	5.156937801899565	4.881430797523996	5.1506231983329815
faithful	5.127262052199991	5.067408864277261	5.236752404378206
soldier	4.907559996537266	5.161015664119801	5.092289695348568
father	4.982983862713223	5.065779865703972	5.0639175706598305
narrow	4.997428847550642	4.893378161352043	4.9973778922312295
great	5.105847979205789	5.009569962918625	5.234539534088143
tear	4.905871254495432	5.009112677384637	4.885561579993132
honorable	5.126260782850373	5.119916681836084	5.359508685168559
previous	5.084429248881807	4.974710590044655	5.192284667328624
good	5.086644424593605	4.998627305548999	5.119067479720093
domestic	5.143969016158857	4.959403664124063	5.186341892082807
glory	5.155850448272888	5.008684672829129	5.1862334656086055
lay	4.9880494017048775	4.9060022823736515	4.954766093162038
occasion	5.061752378679525	5.0601962962576	5.202517861197797
guard	4.902231894596301	5.11404902022935	5.085488717235234
whole	5.057405622396358	4.956379719835923	5.139726858224751
mouth	4.96459263560536	4.880225615316775	4.8460230684504175
receive	5.133113874579162	4.987156664162375	5.217498333492276
take	5.0005963367631265	4.983592793605454	5.054941199073902
simple	5.162821934111095	4.899280841394586	5.141493254579511
error	4.973526788891273	5.100813956110565	5.254673984170406
wisdom	5.099030498168248	5.080492411251101	5.2739302904588365
rock	4.958860656569291	4.887549904103148	4.89730207989769
decide	5.052435273319764	5.077968062101823	5.293050082729979
exclaim	4.90657850620249	5.065099956207637	4.903615619756687
assure	5.061655049591691	5.072075797172316	5.160490873233764
sign	5.030052861977812	4.982861213298744	5.112211219272826
preserve	5.117134956549248	4.931922266806286	5.162593619954774
commerce	5.1238589713200895	4.970931932762323	5.266848473801653
plant	5.103836670829841	4.793606581791025	4.993864236371074
walk	5.119089894185508	4.860927640269485	4.914838952075859
difference	5.07494736014871	4.954986531295501	5.197336219964688
hang	4.947975927471903	4.888482084476209	4.827595343739531
following	5.230652923562841	4.874621845380902	5.226885093778045
employ	5.118297827382403	4.92552984954513	5.188298204953819
