deal	5.038424943248303	5.007462960069289	5.106025053429246
study	5.269503783390806	4.902638039806545	5.239915515068048
afford	5.1771095803760145	4.9404801241083165	5.215610382695735
service	5.1741788249265985	5.016612755712715	5.280523360066381
height	5.070880686124823	4.870126158128895	5.042309116531998
prospect	5.154359358484175	4.988683545486819	5.164089702826112
pleasant	5.2338653640732655	4.83776518496704	4.97446291216379
shade	5.128055257256352	4.843400078411684	4.95091666934562
listen	5.01204641127471	5.071235021778222	5.032755494217737
mighty	5.001152166398789	5.034392102308411	5.080861161473693
country	5.116784934579266	5.01418591304913	5.268091436435983
title	5.211622481924087	4.969102467202197	5.338727249919658
choose	5.137563440122094	4.949367012005168	5.1995061537522895
village	5.1452440015091065	4.90346377872405	5.071411150340189
acquire	5.212014899135207	4.968932153413688	5.295741736570917
rank	5.124767271856819	5.059907024052718	5.270721200528619
bow	5.045571030324766	4.967948741788085	4.985018916275959
doctor	4.996379208820895	4.985898129596713	5.000109531235535
talent	5.235341206991618	5.0168102422634915	5.317439261680977
source	5.167630389015595	4.9696114419653385	5.25152334252344
lead	5.051436386713259	5.030412591324264	5.149469186737316
question	5.049229843052101	5.04238881081948	5.258823672507983
publish	5.225251679925369	4.939092264431459	5.326103568487475
interest	5.141981687422822	5.0356281353856005	5.290894125402062
serve	5.053455021262907	4.966985703212424	5.094482000786784
divine	5.125243481176667	5.016456987567005	5.2453633806035675
put	4.95848896884291	4.930765528528687	4.950522994600492
shadow	5.045597112559112	4.921413506877964	4.990208206778622
practical	5.173811974217362	4.973408563305397	5.322052724964748
surface	5.0687396761156975	4.801083703697646	4.959011038666332
account	5.092501030502253	4.982766113481049	5.195837525317293
loss	4.941501136788188	5.094313350709888	5.129804259320537
indian	4.972471627684915	5.037231551358052	5.120569371861308
vine	5.140139830734403	4.782196632824567	5.004080822398508
certain	5.043133236900474	5.025172875917047	5.20576448948677
sin	4.861722198357635	5.13008558593819	5.090590427234223
necessity	5.00205187690468	5.075985957886668	5.254280290103424
lose	4.980917714610263	5.0585982811512125	5.060107969510093
private	5.0945758121693965	5.0568129517124865	5.278612179425292
gentleman	5.139186645074943	4.959154898071364	5.114382587028608
daughter	5.033716212329042	5.055299132218281	5.070840571303505
drive	4.8427234433136395	5.097997909443368	4.966238917487728
strange	4.956441578138624	5.049232448697944	4.969569386281694
journey	5.138885142003206	4.9375602648951	5.050454014093437
uncle	5.101855839373661	4.938802496338575	5.008918093853303
species	5.052396451039198	4.937374007414174	5.136872056991056
think	5.025737116479516	5.029870385915858	5.066988953094726
bed	4.9953861704040365	4.837152997155333	4.815539867442764
wind	4.941274174692425	4.956391006375491	4.890656132860089
bless	5.078506127845142	4.968545406377	5.013667700336819
destroy	4.8829011841344165	5.099953910703943	5.116104366129477
author	5.20318535357579	4.987560540007644	5.2859459082700155
sustain	5.03768549846527	5.055022026650217	5.250007249081712
black	4.95404255632549	4.8711957157731725	4.853405835036339
event	5.073569779256586	5.086569447063069	5.263936088658855
liberty	5.067834108564416	5.113475041842291	5.3141587802395165
negro	4.941438093483372	4.9671038215956065	4.9816538462948845
little	5.102280664487845	4.8984971748820145	5.001783747659109
fortune	5.080090632596958	5.07645321843323	5.168077054128326
touch	5.0401235732865155	4.978611114920516	5.013927729739597
kill	4.7790781796913615	5.096187762208295	4.905416942036762
feature	5.095390613292114	4.951109470723761	5.090995824106716
happiness	5.116207001958778	5.069319439175792	5.223865648760123
assume	5.068579105597175	5.031050860345231	5.206536246246371
notion	5.068340695952972	4.985800392756837	5.151100125454845
purchase	5.165661051494931	4.879145699482978	5.153360354454723
faithful	5.122310916452225	5.0667809387185665	5.229621799070203
soldier	4.9128181810636065	5.1657486945978945	5.095274231943359
father	4.979952129329807	5.06722786698419	5.0593286556303925
narrow	5.007906031546676	4.900067485508712	5.006443917287682
great	5.110975226696484	5.008749955422291	5.235743684604855
tear	4.903600376076663	5.016253082130219	4.887201058560122
honorable	5.1236260901116015	5.116590960544736	5.353070885198843
previous	5.093526269165976	4.970431040383727	5.1931924689394755
good	5.091381007513593	4.995646283590363	5.121105762967849
domestic	5.147703393946302	4.955813246198388	5.187854182196126
glory	5.156246198068493	5.015252918256003	5.1857239461825575
lay	4.996538918941335	4.911043505821144	4.960460458335998
occasion	5.064918332146081	5.056401839456321	5.202925483094914
guard	4.905623940551527	5.119953108999534	5.087640090969235
whole	5.066409112751734	4.957358238083961	5.145243737815374
mouth	4.9723939659333825	4.8875254656422	4.857487912388067
receive	5.136462524320848	4.985117324852002	5.216534237003864
take	5.008192454103392	4.9824113119644435	5.058387943047086
simple	5.1635407007254495	4.898947639766883	5.143849739394921
error	4.972712269450885	5.099427284652558	5.2525042402596025
wisdom	5.097189068285067	5.081803284642544	5.271201733702123
rock	4.969661062460461	4.89887587485229	4.906316027347222
decide	5.057454548457481	5.073036775405776	5.291862400941645
exclaim	4.9047143028674745	5.069372146601553	4.906249096376784
assure	5.06328379032051	5.069911703294327	5.159285500815144
sign	5.0345674940612835	4.984794354331461	5.115049376717367
preserve	5.122570965850299	4.933379641928164	5.164601653323535
commerce	5.134630240259722	4.971154903971674	5.272721923885432
plant	5.116943414523893	4.797768915069103	5.002067441149102
walk	5.124987180184685	4.862584325998757	4.9187101068924415
difference	5.082271312276617	4.952144109121337	5.2021440399818655
hang	4.951111632259563	4.8973806237820785	4.834887698102472
following	5.234275382578284	4.871005002041371	5.224934513561047
employ	5.129151528019967	4.923267200540997	5.1944342177007305
