deal	5.041686512648666	5.005309537695793	5.106148534832642
study	5.273974212031419	4.909871661479244	5.253780674740833
afford	5.176341060114092	4.943035437081901	5.220336655966252
service	5.178343116122753	5.017440531279742	5.28614539814838
height	5.075989003429768	4.869367151297226	5.039465876790222
prospect	5.156587323753824	4.985500314343028	5.1661589885771555
pleasant	5.230688161238995	4.839041484594738	4.974701553604196
shade	5.1283521851722975	4.845610909732778	4.9507417583621995
listen	5.0179295619032365	5.069229992205682	5.037367504870572
mighty	5.007136442805985	5.028241779069929	5.079412457466838
country	5.121127691371535	5.010999803655288	5.271580810403393
title	5.217767858782337	4.9720115281149315	5.347359235220806
choose	5.139209670365247	4.95246414154151	5.204813077900554
village	5.1431664167245295	4.902580503629176	5.0713758309283445
acquire	5.2173682359745035	4.971095273960687	5.305004998751229
rank	5.132120034935718	5.060856891636197	5.277260991679438
bow	5.0506416939600545	4.9654861452790096	4.983266526965784
doctor	5.000738270154803	4.985305105711089	5.001624347261763
talent	5.24519338922482	5.0214246672017415	5.3305689619877805
source	5.1712321075023375	4.96903718681174	5.257503014295176
lead	5.051576172673147	5.028712862866869	5.151203630028253
question	5.056965977071857	5.042544588163655	5.2678261835547655
publish	5.234867060115288	4.941200952854328	5.3383096088142965
interest	5.150097873612091	5.035445750767376	5.299358157964239
serve	5.050548162494937	4.967385864213619	5.092118246177564
divine	5.1325936366441045	5.020151717129214	5.256802037160466
put	4.955435793710925	4.927543139125646	4.9415306276439015
shadow	5.0489862135571055	4.9217447326025505	4.991378532708949
practical	5.181883894484015	4.976488713853519	5.3330902751329825
surface	5.070152736534839	4.80029724656426	4.955352543829986
account	5.094956751491817	4.982126540428447	5.198207086399773
loss	4.945791811891124	5.088298028717462	5.127227575542543
indian	4.972721838926426	5.030482556392219	5.115660819118018
vine	5.136443338919062	4.784595562563855	5.001723250390881
certain	5.045935448973003	5.026317165056841	5.209941200063856
sin	4.8658076021427235	5.1278963886432445	5.092549745727356
necessity	5.007391683061168	5.0754148408981	5.2596440564003455
lose	4.980184102115537	5.054697634076082	5.056039166094364
private	5.099692715236193	5.057296974060699	5.28489481439191
gentleman	5.142378277797404	4.9615805475955685	5.1184851971838174
daughter	5.036302405634186	5.055552866775968	5.073881317418606
drive	4.841270243284765	5.087055555017139	4.955017632005755
strange	4.957409647589336	5.047464440881717	4.968481829354088
journey	5.135771136908572	4.932373429974906	5.04734287987689
uncle	5.101142806957473	4.93627616241808	5.006924948192423
species	5.053029556106996	4.9346335338132	5.13225916820198
think	5.027442854451716	5.029830341254892	5.069090420843131
bed	4.991385085650302	4.836940621436376	4.81040929048957
wind	4.941730786027254	4.947347146568965	4.8809080938628595
bless	5.077035353951351	4.966408982368765	5.010918676409918
destroy	4.882541701266567	5.0941879146555245	5.111244646010738
author	5.211017099060407	4.99164408113404	5.298342116311008
sustain	5.047348090888629	5.052801239888811	5.256334928206115
black	4.956135493292054	4.8679996245265675	4.844718916306133
event	5.082409521176175	5.085438800365771	5.273638676277143
liberty	5.077204102722302	5.111175916724379	5.322108651995806
negro	4.940571215852335	4.96185562670771	4.973701447757859
little	5.100400738267737	4.899725132981587	5.000899731047066
fortune	5.080972562261593	5.072589461645903	5.167404175573949
touch	5.04461501455448	4.979252462520179	5.016127230029084
kill	4.7752115118884255	5.0874165510194995	4.8938849957267125
feature	5.107421446084448	4.953833282742713	5.100177363595653
happiness	5.119994898044635	5.071178153064567	5.232486660178711
assume	5.078298832771887	5.031611228547828	5.21373409845704
notion	5.073659548297718	4.988189527650311	5.156374605205441
purchase	5.159261918402482	4.87717034082064	5.148664598698497
faithful	5.127983716630652	5.06726096470799	5.238321550562787
soldier	4.916667983442231	5.157550749307788	5.089652897517409
father	4.981919272757294	5.064739535199664	5.0609829345663355
narrow	5.0084596515141095	4.898394123363661	5.00324059595008
great	5.116575505048226	5.00779911395247	5.240399814174485
tear	4.90552990657111	5.010043239662878	4.8813728314273
honorable	5.132194031512997	5.11643963801655	5.363089332135652
previous	5.09886593702584	4.970994027940008	5.199541322024388
good	5.089517297581608	4.994978073516382	5.120126461158288
domestic	5.148180513669999	4.957499835595777	5.191337704967893
glory	5.162310295000615	5.0121927293622965	5.188472151186193
lay	4.995143950538669	4.907671476298001	4.955724826009791
occasion	5.071578885038048	5.055544122429194	5.208743780959963
guard	4.907206249531753	5.113641350176737	5.083094577191656
whole	5.069788820989169	4.95607433956219	5.1461160393748315
mouth	4.975162126453892	4.879406903437999	4.847484197446315
receive	5.137870523401589	4.984920343509067	5.22008566902256
take	5.0065916905153545	4.980214690240124	5.055617590377526
simple	5.167543584690038	4.905567227837316	5.15214287762644
error	4.9816463487453	5.098718793885631	5.26079650168839
wisdom	5.1041918043399015	5.08245658422516	5.279617459219428
rock	4.970616616489925	4.891705867441184	4.898440457787279
decide	5.067618366340226	5.073998981521034	5.3029080194097835
exclaim	4.90759474628702	5.0630995587819925	4.901114472146862
assure	5.065266550671634	5.068137244336783	5.1622517063845645
sign	5.038759492085849	4.984952365223986	5.118096585638712
preserve	5.123383082443758	4.935104577369347	5.167111353898757
commerce	5.136097649665135	4.9642972727529	5.270457619638096
plant	5.1125727282450475	4.800267674846878	4.999556516882826
walk	5.122198580763982	4.864870012486577	4.917860435019053
difference	5.08650143516459	4.95458814658836	5.205508968005163
hang	4.950318573605312	4.895892619134484	4.827641988841862
following	5.238292262604529	4.874883790108407	5.233345097919862
employ	5.129110977140065	4.923821280266822	5.194894329937315
