deal	5.034461115528695	4.999908128525923	5.099476950105388
study	5.260423241399222	4.903744015979978	5.2387779829091885
afford	5.165764038416313	4.940885819937059	5.210206704589407
service	5.16903602863824	5.010981897080745	5.276553562253491
height	5.0617666470864435	4.869420151964528	5.0336157933073045
prospect	5.143885180086087	4.988788519672913	5.157066030352314
pleasant	5.221037699951871	4.834551303689088	4.965875608308503
shade	5.116526844887427	4.8427322724192265	4.94145892274463
listen	5.007015719364231	5.060880100427121	5.024103957658301
mighty	4.993169914278319	5.031575401705777	5.072689169691692
country	5.106722442221705	5.0130592890061285	5.26173477278367
title	5.208939526755135	4.964950011323117	5.334291298705646
choose	5.128260616286577	4.944004571184589	5.195121812404082
village	5.1327578383603205	4.898383951132619	5.064016666105062
acquire	5.203163064410296	4.970091279386868	5.292504449691793
rank	5.122613962431427	5.054754995072102	5.265050932957679
bow	5.043868147401824	4.957914098853297	4.977150737188872
doctor	4.995376514765294	4.973112817097856	4.996963320992171
talent	5.233455524367981	5.015617934469313	5.315886611687258
source	5.156481617382649	4.972504761908525	5.2452244035514335
lead	5.041614710313007	5.026852365798415	5.142017037873735
question	5.043511280004659	5.036665574113344	5.253428339940234
publish	5.22255940072652	4.935333464353352	5.326796276504263
interest	5.13541712366163	5.034272934704089	5.285650422371264
serve	5.044281928729959	4.961253748125438	5.087430751682067
divine	5.117156687863985	5.017265782586385	5.239801776324719
put	4.952454346891343	4.920470307653182	4.943103754204274
shadow	5.035816273264196	4.920362894167017	4.98104599018282
practical	5.1658050782282725	4.974605324161912	5.318417670927546
surface	5.056753382863743	4.8026375746362335	4.950601375683978
account	5.086183886897054	4.978203921043593	5.190553555264309
loss	4.9331597427256595	5.088351084500159	5.121127851647962
indian	4.96353717868251	5.028980867104759	5.109671950758048
vine	5.125160391986627	4.783881559372184	4.997982110332917
certain	5.033979624627825	5.0224810513742595	5.198209064502095
sin	4.852542908393587	5.1250340629375195	5.081595144408136
necessity	4.992776706360468	5.074356647407851	5.24811294293206
lose	4.970277215203365	5.053411346811312	5.049626200142565
private	5.088036613667131	5.051949063408071	5.273882817213496
gentleman	5.139233686327342	4.946556304658057	5.1095376419287195
daughter	5.030745369766277	5.043382499441263	5.064996955577893
drive	4.834439755032608	5.0879982425047	4.955035365342649
strange	4.949116573131382	5.0407912439301015	4.958223580630005
journey	5.1271916518530825	4.933802071964125	5.043788608865592
uncle	5.0993819979222845	4.926884637645025	5.0059628629082145
species	5.040142870799471	4.9353494269553515	5.125726042775057
think	5.020075492563734	5.02246355489925	5.060590849883447
bed	4.9834875728733605	4.8314235673205514	4.809565733483073
wind	4.930947598790009	4.951271442286985	4.879152633286656
bless	5.0685285931899795	4.96146137431275	5.0043479755090265
destroy	4.871013203811757	5.095697712009979	5.106316184219492
author	5.199869415740887	4.985660963578596	5.283377951234054
sustain	5.030752771704252	5.054040861887954	5.245859012453971
black	4.952403164624668	4.85906528592375	4.843294231362484
event	5.066255592790732	5.085893673308052	5.26082704718985
liberty	5.0602744124879955	5.1118482295373155	5.309991523518543
negro	4.9344568429663145	4.954983585506003	4.971134450838436
little	5.093842871300189	4.892518872491063	4.994635385413246
fortune	5.074364160312723	5.071832766233255	5.1616534796981846
touch	5.035202033748405	4.972084151600192	5.005861980582847
kill	4.771474797913584	5.082433197583728	4.895432660411704
feature	5.09477253997785	4.947582482809017	5.085803005332537
happiness	5.105524444136845	5.070672198916474	5.217843555231842
assume	5.065479758597846	5.025172907477404	5.199783855520838
notion	5.065400003036163	4.980264294712638	5.1460039814026075
purchase	5.151905288342827	4.87533076503245	5.145447912934873
faithful	5.118017782317111	5.061603802740149	5.225663452484035
soldier	4.910507428078796	5.15274739162005	5.085966857727064
father	4.974534886183763	5.05565174640472	5.053341877979229
narrow	4.995789856831475	4.899779383473781	4.9970706919470045
great	5.104021589805698	5.007273431187417	5.230353702096736
tear	4.896202627189705	5.007814010733144	4.878487160156317
honorable	5.122731007437512	5.110840651097274	5.350203793079839
previous	5.08412180336278	4.967464757492797	5.189580156886195
good	5.084379194418782	4.988766238256778	5.114110090102575
domestic	5.135278877394229	4.954803629586796	5.180508885413904
glory	5.1485761576102345	5.01627942132831	5.179105103380082
lay	4.985495835819046	4.906563018679489	4.9529829323002685
occasion	5.059531128426001	5.051099358839318	5.197871170283139
guard	4.901149835368633	5.108819417011447	5.078810771910624
whole	5.057258835662115	4.9548450424533135	5.138319096114867
mouth	4.971037028946926	4.875674461101767	4.848601821627333
receive	5.129066497102089	4.978061236823181	5.2109252715301
take	5.000843975848254	4.973570194453149	5.051807762756128
simple	5.1543422634065905	4.898276349801058	5.137458202091875
error	4.966732493719613	5.097366530746332	5.247573019178398
wisdom	5.091248236179013	5.08091520592715	5.265440591838108
rock	4.959209867000029	4.894988192650334	4.896396370989169
decide	5.053305353150148	5.068183512461704	5.288149694558867
exclaim	4.905666887790758	5.051996158793085	4.897168686353415
assure	5.058856565567148	5.06106924644458	5.152654229559071
sign	5.0295218816730936	4.976657680676529	5.108952808615491
preserve	5.113094629978624	4.933056532715906	5.160116254457278
commerce	5.1233736895866135	4.970956189450258	5.264189809413957
plant	5.101126466534192	4.798702307553782	4.994689790847325
walk	5.115220697984876	4.856333011068313	4.911301856815953
difference	5.073338681110565	4.949409586792604	5.193921103345195
hang	4.945819998977578	4.888663838490947	4.825668014352703
following	5.226883788842988	4.8680394454019345	5.222664147698607
employ	5.118547817995446	4.921375764547579	5.18785966390703
