deal	5.035927063617641	5.002104537026301	5.102036902231924
study	5.266059627919539	4.904064063488991	5.243705504369152
afford	5.1712271258403915	4.939888138141559	5.215137690670697
service	5.179546294046588	5.01064468838797	5.286633409041789
height	5.064394194584408	4.87461015204564	5.042875792912197
prospect	5.15031712771928	4.986433135599829	5.164908300092273
pleasant	5.22722640303031	4.837965853913678	4.97399845673347
shade	5.122098086936074	4.845161824011307	4.95114315077368
listen	5.015564630371296	5.066313052547383	5.037300523287485
mighty	4.999304810069611	5.03228378852674	5.082251496441177
country	5.1137901119581795	5.010314135533533	5.268118927016802
title	5.219490644542415	4.963707883053609	5.344540437679778
choose	5.139218969586139	4.946937627347635	5.205560930828091
village	5.144714307434049	4.903868804319852	5.0782757559031975
acquire	5.207848798362866	4.968603405423361	5.296603639165554
rank	5.125347716778553	5.056366408063844	5.274587484075458
bow	5.047768838083805	4.96408982562526	4.988327693460058
doctor	4.997392477246873	4.980623414573354	4.9997011172536245
talent	5.234084754774414	5.015232016522903	5.319683750792271
source	5.164042342502609	4.966806552826885	5.249935283555848
lead	5.047388432285638	5.028651266493081	5.150652304855923
question	5.049798640298322	5.036334675570357	5.259585400389502
publish	5.233300113277811	4.93572233363574	5.334852911917145
interest	5.1411517505991915	5.032085341632195	5.291552561488408
serve	5.048924071858863	4.963274026104219	5.092275969822803
divine	5.126006638451771	5.011342686510984	5.246618281800527
put	4.95247727840165	4.926624866818624	4.944854821527198
shadow	5.042412147249152	4.921963866002774	4.991792770668165
practical	5.168058211225583	4.972538893303572	5.320304477224413
surface	5.057779440685541	4.80462565100352	4.954501542780805
account	5.091261056608811	4.9788676432254615	5.19448222700823
loss	4.942038535688231	5.087933295691303	5.1281641163940614
indian	4.974218829516442	5.031905626353689	5.122991631181311
vine	5.1287170561502915	4.786830993189446	5.001967251273061
certain	5.038763480177626	5.022068893495818	5.203202787605295
sin	4.8620537802415535	5.1229845715977556	5.089744390912514
necessity	4.998446231539814	5.0724930106531865	5.253806855239799
lose	4.976716599153735	5.055544562592761	5.057609380502463
private	5.096197657226926	5.052114951429185	5.281997505472047
gentleman	5.141545723382171	4.953750382253579	5.116323918476038
daughter	5.043069398651452	5.048507365818068	5.07844053668741
drive	4.838457991785981	5.093951408216914	4.965280636005279
strange	4.955083721114501	5.045661587247835	4.968249381846738
journey	5.138790975980537	4.93697018319909	5.0556174221059065
uncle	5.107678566725541	4.933132928028676	5.012888590215776
species	5.043947336170281	4.93579199297685	5.129443313736385
think	5.025568837742357	5.025251311846516	5.066178947283834
bed	4.991289744373994	4.838429098649902	4.81799631157845
wind	4.933815716298443	4.956507812212462	4.889011474044529
bless	5.0813248799270445	4.9608361939112084	5.013773299271822
destroy	4.877440113580476	5.096263044562194	5.113373240519543
author	5.20535687392316	4.985098987024615	5.289198327823657
sustain	5.035860703206421	5.051440910641276	5.251408081075973
black	4.952257534553143	4.868526440980099	4.851443971159845
event	5.075747301549511	5.084044580072769	5.269795554100355
liberty	5.068941215043829	5.108460609323715	5.318520199730497
negro	4.938938200297778	4.964246827367213	4.9796430935609255
little	5.09713374145616	4.897824151961112	4.999741778776859
fortune	5.079249617113283	5.071896796203704	5.168317035500536
touch	5.039981553568302	4.975224624611857	5.013403913235082
kill	4.78022967431764	5.090441049082847	4.9063043251308605
feature	5.097008295346333	4.948930353421254	5.093997320073893
happiness	5.114047714088433	5.065882652158774	5.225154121938361
assume	5.068086737175295	5.026071385620961	5.207044592979033
notion	5.063010056096665	4.983265188364025	5.146440229423372
purchase	5.165005583103114	4.874146143849152	5.152467144612875
faithful	5.1293134901480535	5.0612977205738865	5.237360863186131
soldier	4.916125887332139	5.159715921937792	5.100052385517155
father	4.98847731801478	5.058337339389993	5.0653680183985665
narrow	4.999791859465401	4.9030592929862085	5.005640420800156
great	5.108223736357377	5.004886420344954	5.234233799830364
tear	4.905251484168837	5.010342964713388	4.887772789783264
honorable	5.12989692340125	5.107795810372133	5.357977288059358
previous	5.092765163184229	4.968838166493268	5.1974498073746735
good	5.087547925243743	4.989339592509013	5.116183583248988
domestic	5.139944029250763	4.953606631229655	5.184092830012769
glory	5.155889035088727	5.011428406502725	5.187893029621318
lay	4.9920674421376745	4.909900888152214	4.961231248005926
occasion	5.063614375944296	5.051705576904482	5.203823382442595
guard	4.907180960590183	5.116130768168	5.092971117685663
whole	5.061246181301752	4.955712661502014	5.143782583545987
mouth	4.972143258573849	4.883656769941273	4.856317145565523
receive	5.138676138348448	4.977945853689191	5.218005425524717
take	5.006308920565172	4.977612196530647	5.057831287854806
simple	5.158376628451642	4.8993117382478575	5.14217046287439
error	4.970762420925248	5.095038698294661	5.2511738753806085
wisdom	5.095738656996358	5.076775048004043	5.270769086610927
rock	4.96594207259703	4.900465280788758	4.9087250528125494
decide	5.059306047023599	5.068785548640487	5.2964618297484645
exclaim	4.91000509912571	5.060816708893499	4.907624253832277
assure	5.065632316489646	5.062568023699945	5.1605480964946695
sign	5.037323313100959	4.979320044717137	5.117156302214991
preserve	5.118008095726592	4.930938457637365	5.163029071098142
commerce	5.127828539921546	4.96670380741473	5.268401398773966
plant	5.105106876814783	4.801655007254508	4.998891714339629
walk	5.120757848809126	4.864305511957786	4.921857200420826
difference	5.075628077144338	4.948396256579918	5.1955623760986285
hang	4.948452389068044	4.896847126574982	4.835098598208021
following	5.237103012222957	4.869383160462641	5.230534716081309
employ	5.121796355022221	4.92350841343169	5.192152063394192
