deal	5.042689767657342	5.0100746322484735	5.108098481310919
study	5.27398199573214	4.904800574609983	5.248738495076163
afford	5.17833162144432	4.941975260096069	5.218008635401114
service	5.180255640444825	5.02041252154821	5.286265751260806
height	5.068532594433533	4.873694472692473	5.044316244460566
prospect	5.15622816160996	4.989716203737056	5.163960628630064
pleasant	5.237859308281371	4.837848089491613	4.97792265220179
shade	5.126559949795614	4.844521058287632	4.951432527495393
listen	5.019089298965224	5.071074500841085	5.037800770757389
mighty	4.998463929424934	5.039574864164227	5.080068232129994
country	5.115407467170059	5.019959620358799	5.269394284398923
title	5.216383332373772	4.980267116434096	5.346812453049336
choose	5.142649642802748	4.958748747277752	5.207857989408897
village	5.151025934808894	4.904602534544114	5.077672543679629
acquire	5.211955656675703	4.972661174982243	5.299675254215878
rank	5.126846769001708	5.0651414891771305	5.2748495858499735
bow	5.048056882889886	4.968440872398014	4.9864325802440295
doctor	5.00510620715006	4.984965442762963	5.004937259969676
talent	5.240328338706226	5.019682684081285	5.323725284413766
source	5.168100888066219	4.973799452561901	5.252894772456144
lead	5.0529836121174085	5.032961505630892	5.1517321996935275
question	5.0530336931773405	5.048967609529743	5.263966472513591
publish	5.235606614045338	4.945966206843843	5.337441955943912
interest	5.1457943506894575	5.040934676275047	5.294194087412462
serve	5.053946097862553	4.970948708501311	5.095917679834988
divine	5.126048251352031	5.023295415850331	5.248906642993845
put	4.959879544108496	4.932975829697175	4.948423975943604
shadow	5.044743597480515	4.925071504182018	4.9912713103693065
practical	5.17531860494347	4.9788101213206115	5.3265993976832675
surface	5.064859388784408	4.801381907763304	4.956832359363837
account	5.098751406194074	4.985146616474364	5.200268756370352
loss	4.943987917984595	5.095006361094746	5.129316724259814
indian	4.97374568548904	5.039632131088428	5.121542133884222
vine	5.135690113557159	4.782708156819471	5.004506012213305
certain	5.042872888182292	5.030829271543751	5.207434444959743
sin	4.861256134893412	5.136354392555211	5.091426692966788
necessity	5.000711746141099	5.081670645693711	5.2551926217358975
lose	4.9792712639954555	5.061578894000406	5.057933799682133
private	5.100465987072668	5.062893264407337	5.283208732054053
gentleman	5.149918256398915	4.960122629595277	5.122082923513123
daughter	5.041124064205971	5.058410154969152	5.077391117151831
drive	4.841075554215735	5.098709615473139	4.9625569039741455
strange	4.958987102380532	5.051332237739423	4.971072126605674
journey	5.145404161655527	4.934964228536681	5.054530987628622
uncle	5.113202376970943	4.940414895068122	5.016024660342478
species	5.047984664265988	4.941770058445238	5.134548537276792
think	5.0303068373393485	5.033403805268	5.070493757393569
bed	4.998034298144623	4.8368625443330355	4.8176220058145525
wind	4.937914981446	4.955275121814076	4.886396125085108
bless	5.081280866196947	4.97374653218752	5.01540849289198
destroy	4.875834622177695	5.104770674963307	5.1118667930339745
author	5.209360974025437	4.992940964515246	5.294109142414506
sustain	5.037158693460725	5.058741572641837	5.250837851467822
black	4.957005665454377	4.871276067497504	4.854434278022237
event	5.078231526840689	5.090397900544366	5.269023826200891
liberty	5.066348131385782	5.12369243666224	5.316013280328908
negro	4.94609991054633	4.966670003645831	4.982349871301434
little	5.105966843457726	4.898909735222193	5.0045876384688555
fortune	5.081755782784968	5.0781335110532035	5.168132519205666
touch	5.042730772419172	4.981029731114897	5.015599572033517
kill	4.781146108430424	5.097917844043627	4.907242560172094
feature	5.098646213284851	4.952457936826695	5.094700615926283
happiness	5.1160784019836525	5.0760739579999505	5.225201147348852
assume	5.071314612657088	5.033650287422037	5.209034764419505
notion	5.071215343670132	4.992247952153234	5.154906042001955
purchase	5.16730691832088	4.883368381301843	5.155192627527291
faithful	5.129275606757562	5.070585160753352	5.2353768381019785
soldier	4.915102127550361	5.166711111066701	5.0958538011577605
father	4.985617879721326	5.069248408417476	5.064160394337799
narrow	5.004335509336564	4.9030285516462495	5.00503351852355
great	5.112396573027783	5.012444263501561	5.238429722884887
tear	4.903938259208269	5.017389272595979	4.885301362514869
honorable	5.129730175587418	5.121492816926957	5.358273990052224
previous	5.099021283709506	4.972452555647964	5.198498606117837
good	5.094229439141584	4.997974092441714	5.122160068784775
domestic	5.145859031941631	4.960595258222476	5.187595031288921
glory	5.154041349293128	5.0219592018809776	5.186570392126029
lay	4.994258112247077	4.912409396903804	4.958851108255735
occasion	5.070782694948652	5.0573369957291066	5.2064550877420395
guard	4.907758819300704	5.121956261656616	5.08790209148962
whole	5.066276516215333	4.961727484007881	5.146444360094616
mouth	4.976078339228379	4.884022202267864	4.856387406133734
receive	5.142487506110183	4.986939191552522	5.2208982578393
take	5.0119622178951095	4.98448221305356	5.059826817126783
simple	5.163996615117909	4.903918684294647	5.14766921664463
error	4.974305232148059	5.105087809791394	5.2559842938160335
wisdom	5.0970717015519496	5.086640313609645	5.2734109046296895
rock	4.967539247829212	4.898826972702362	4.9048649395037165
decide	5.06303011490093	5.079897481538827	5.29850938943899
exclaim	4.91266303195094	5.0664301220147925	4.9084207366732775
assure	5.069542393705956	5.070331718094984	5.163427860325985
sign	5.039058910627782	4.988483924724192	5.119496823982325
preserve	5.1206441796448985	4.937276591280233	5.1648741818956925
commerce	5.1298553658850965	4.976382537002612	5.2701518134537535
plant	5.111111022711474	4.799250356226465	5.001709952046371
walk	5.1301396778135455	4.862441634000692	4.923791340915103
difference	5.083057892288232	4.9598218390391455	5.205595751412019
hang	4.951739477381583	4.898693561590185	4.835370561752257
following	5.243534301667672	4.875842364375279	5.234147306360478
employ	5.1288683044416805	4.924978126231537	5.196229104014991
