deal	5.038708708367695	5.012635820525919	5.1092432310786595
study	5.272829652157802	4.912710463499139	5.248763803799919
afford	5.176274407350708	4.94768148449002	5.220932975881241
service	5.17876064391715	5.01975318991485	5.2872050613484465
height	5.068029940156624	4.874472041055402	5.0403474095134
prospect	5.153866301012064	4.992245743258143	5.164966768634458
pleasant	5.234863540411026	4.844437444416868	4.974576298542997
shade	5.127065000440078	4.849658514694873	4.9492600465230865
listen	5.0207063776987715	5.074453673550494	5.038489619579191
mighty	5.000086865641754	5.037952073687413	5.080049224786795
country	5.114819255728574	5.019113577791104	5.270823739359793
title	5.219231277415618	4.975028678961093	5.34582630361348
choose	5.139472384898019	4.9556399967899045	5.203999686717342
village	5.146797457016733	4.907455021305589	5.073109825976303
acquire	5.211532280168391	4.97586850871716	5.300201038787455
rank	5.128067161684428	5.062456996539654	5.274108066068505
bow	5.050629587270642	4.96896231451841	4.986651520604634
doctor	5.001829214963531	4.990993892984061	5.005365789009404
talent	5.238531375868287	5.022604210688417	5.323655879899454
source	5.166806542344286	4.977410241251134	5.255577123368413
lead	5.052459424964838	5.0338243125713635	5.1533486005471145
question	5.053854935291184	5.048582913278582	5.266832112719375
publish	5.234369387661449	4.9476953216840345	5.338360358845578
interest	5.1439875867535045	5.042240494372986	5.296984177167019
serve	5.051112851068333	4.972369014403931	5.0965945729909965
divine	5.127207115464014	5.024346027522113	5.251336893022143
put	4.955960754203433	4.9354792834402215	4.951121483465555
shadow	5.045525172991621	4.926687306139624	4.989571588707811
practical	5.174127735125063	4.9827555977851885	5.3295949183320985
surface	5.06261770824413	4.808661410739676	4.957139160676479
account	5.094045887179915	4.989628080722123	5.202807340629135
loss	4.938420998231788	5.096467394270374	5.131451744273223
indian	4.973166922318185	5.037956789239202	5.1216736397423785
vine	5.133187896053961	4.78935158857293	5.0026797674338335
certain	5.041993467193152	5.031909758522049	5.209655887718649
sin	4.8590173508280445	5.134621473613812	5.092480789855755
necessity	5.000073062262729	5.081662513767638	5.259116605254549
lose	4.9779936676290975	5.062382709160121	5.060023465219408
private	5.097446864888847	5.062147055561268	5.285053637817176
gentleman	5.147517148639993	4.96301274307708	5.120556573543097
daughter	5.0416632780038375	5.054912187613607	5.072917226408852
drive	4.83927826310337	5.097328526704622	4.963382463557542
strange	4.959571952205878	5.0530952526494675	4.9702577030841155
journey	5.141079434151688	4.9402489214817225	5.053758006872696
uncle	5.108072126156029	4.941124381222471	5.012383750078348
species	5.04647687257141	4.94493610132631	5.1365748683820005
think	5.027504427213435	5.034664142374753	5.07028416457924
bed	4.99496563856987	4.842935667217845	4.815780298256188
wind	4.9389271946598425	4.9578884283617874	4.886963697141924
bless	5.08014872344014	4.972373553229197	5.013674897335842
destroy	4.87664668488141	5.102580413272848	5.114449272439208
author	5.209951147988473	4.996139812881397	5.296054988341287
sustain	5.036313242242183	5.059327316854412	5.254420460897257
black	4.95573751018745	4.873344355411271	4.851758213456954
event	5.0761032376824975	5.092372090386992	5.270616146063508
liberty	5.06898176187162	5.118663527688047	5.31920629355497
negro	4.942059983728863	4.969033157942805	4.981876275102976
little	5.102326650574009	4.9044354412800155	5.003685904049093
fortune	5.080130037304148	5.077820719305665	5.1687353107669205
touch	5.044594032940036	4.983867338414562	5.017272858437016
kill	4.7759619395082575	5.095266684703263	4.903664638173499
feature	5.101200351271724	4.955296421760136	5.0937372120335676
happiness	5.11636674014516	5.075674403005075	5.227860626442665
assume	5.071711193731816	5.034954059638997	5.210536690791915
notion	5.06878877999604	4.99400713929563	5.155785301016926
purchase	5.16389597953394	4.8844250393924655	5.155289274975605
faithful	5.130135775326983	5.069289954756167	5.2370086594810505
soldier	4.916034558483251	5.16241406785701	5.095254824912567
father	4.984585669391259	5.067229659496057	5.06149190003443
narrow	5.005358168583199	4.905176808836097	5.005389270226441
great	5.11012583989272	5.014739083572671	5.239853781200055
tear	4.90399510594227	5.018617209939872	4.885728909742904
honorable	5.129928545025135	5.118197412821304	5.36088638193683
previous	5.095236587327719	4.976996737612287	5.199932444210148
good	5.090541479020451	5.000222073156675	5.123005169903874
domestic	5.145683806379107	4.963412291725916	5.190268436459273
glory	5.155151944797504	5.019723503797436	5.1851518995632455
lay	4.995987109017489	4.915692570482464	4.961719262208662
occasion	5.067754034084483	5.0618926021088155	5.209660960892177
guard	4.910333622777176	5.118231370914223	5.0901223329584875
whole	5.06518518715476	4.96380678560041	5.147971248571585
mouth	4.97565798050241	4.888329101355459	4.8561601261969845
receive	5.139248336602712	4.989469773969171	5.223024154097334
take	5.0088740361820445	4.986791920612012	5.062081270411764
simple	5.164670064111928	4.908746949406169	5.148655751843808
error	4.972550824874326	5.105857373701196	5.259010257801191
wisdom	5.097606030738375	5.086705455426045	5.27523648080531
rock	4.9686794509852685	4.900975676048666	4.904048379489767
decide	5.0625734111709715	5.078131768952123	5.300144355671515
exclaim	4.911634429809191	5.0680711247458445	4.907733822128146
assure	5.0674520439943604	5.071924252380317	5.165303148823675
sign	5.038435527716022	4.98973339001629	5.120136914629679
preserve	5.119272073317174	4.940966103912796	5.167749451330855
commerce	5.132153919836527	4.97622260264839	5.27415584196223
plant	5.110187683712838	4.805415966281192	5.000423636621464
walk	5.127762959896806	4.867799599600215	4.920190804700711
difference	5.079200377887994	4.960261403749899	5.204626720481812
hang	4.9516779252532865	4.900457102834762	4.8330485269343555
following	5.241282647967683	4.879971223093659	5.235661847639477
employ	5.1271909235566175	4.930490884915044	5.198643290933332
