deal	5.037351081863772	5.001927789341814	5.099330580036772
study	5.272404574545729	4.90001346293292	5.244497002223138
afford	5.178166215417432	4.935281634792822	5.215245673868856
service	5.180229397985346	5.007810694836423	5.281514804050196
height	5.06865887077499	4.8650760401824	5.037067071208723
prospect	5.149682079179082	4.981198692104768	5.159986372683947
pleasant	5.2282636019225235	4.829097052580192	4.968329466565702
shade	5.121347502917635	4.836071627081859	4.944665240938887
listen	5.008559960724388	5.060519432386347	5.025786323477038
mighty	4.992114884385448	5.0280131331059845	5.073243881031321
country	5.117233956785903	5.008536901836768	5.268205105539212
title	5.216814022579303	4.963267661978227	5.342635506871509
choose	5.137641596534816	4.943878719042219	5.198610745945197
village	5.145185393072688	4.8961847510786	5.069240526100975
acquire	5.215965022671473	4.966228624579344	5.298993396012012
rank	5.127376927505757	5.049919910542919	5.269177448307894
bow	5.0430449566908235	4.95503479750459	4.973565927805652
doctor	4.999234429852195	4.9808779984892935	4.994677483529663
talent	5.240980674559882	5.010666066428564	5.319258154978153
source	5.165326022450179	4.967536589568941	5.252917819780044
lead	5.049146586407535	5.020614201790843	5.144476446251301
question	5.052157752308902	5.038628762883116	5.2595001220908815
publish	5.232076914810677	4.936870445173375	5.333254665847816
interest	5.146320614160829	5.031629702255766	5.292293229678495
serve	5.051772554184364	4.958518267748625	5.0884897450249476
divine	5.120040228537852	5.0119992181050925	5.245148785838284
put	4.95631738564949	4.924035619814015	4.937828064017628
shadow	5.036860981432204	4.915020026376454	4.982736301236196
practical	5.176920661464969	4.972199312532789	5.324938685279242
surface	5.064278893182872	4.8010495413366066	4.952996444468215
account	5.095379143590669	4.978665046253072	5.193901770238666
loss	4.941920540128289	5.09038108889588	5.125857307151643
indian	4.973509788217521	5.028110313926872	5.114417776384415
vine	5.135066755531239	4.782600452729299	5.000540165146795
certain	5.043590312917983	5.021264672015585	5.2032252778810255
sin	4.851890343498686	5.127591988530985	5.085553122481981
necessity	5.0046410451010415	5.0727820097068	5.254036176715278
lose	4.973711418373686	5.051946768722418	5.051155917757397
private	5.1000310528769885	5.050228654355352	5.27953763169161
gentleman	5.145781005857961	4.94866342477178	5.110309480762274
daughter	5.036093872381157	5.044230930119014	5.068643407859253
drive	4.8357742591075015	5.087924460552014	4.953798997042792
strange	4.9502924577306775	5.040547965271023	4.960463232342228
journey	5.133810919790271	4.928722222465606	5.044226912722995
uncle	5.102925721001977	4.9312862339962535	5.0019086935946255
species	5.0536857481915725	4.937139937873331	5.133155273033936
think	5.022247195083171	5.023318140013498	5.060053244227074
bed	4.9903364202360825	4.833554393803984	4.807579705918458
wind	4.931481729961375	4.95045530612444	4.8793240589043245
bless	5.06852082242739	4.961235943212807	5.005538624299903
destroy	4.877288575564145	5.095145809611158	5.1106026397470075
author	5.206465301099297	4.982765410750509	5.289499980141289
sustain	5.038934489948329	5.0502768142015695	5.249320441811039
black	4.953641440057304	4.861788659544601	4.84203243481826
event	5.074759407520179	5.082432778572942	5.266624719267864
liberty	5.067374240092547	5.10743110515475	5.316009524436501
negro	4.94444935714872	4.9613262131255915	4.9738549216081145
little	5.1011685138375915	4.8912606403472925	4.994486106085166
fortune	5.078037267945804	5.067886926071419	5.163161068475224
touch	5.038092049167365	4.970387257851268	5.006566945189721
kill	4.772426536724702	5.0900052364605175	4.89355509490219
feature	5.098593538560275	4.941987624980013	5.0875331923883325
happiness	5.113340983602462	5.065199272079845	5.224413344003424
assume	5.072601214239629	5.022135679047017	5.203566344913724
notion	5.0684242047292205	4.982471245732299	5.1455769179635835
purchase	5.167967063941614	4.8757666170133565	5.151573170415497
faithful	5.1227237096515	5.056791332271678	5.229179439880886
soldier	4.91271693014657	5.150703916724058	5.086177155636298
father	4.978416498042151	5.057460256432392	5.055258513451744
narrow	5.0049359681080094	4.894924549403168	5.0002762044536
great	5.111180065495322	5.002737819894523	5.233671845404935
tear	4.896121737251424	5.009626406673283	4.8779556140833416
honorable	5.128663410637176	5.1069468896725985	5.3548130649970345
previous	5.096697672181467	4.966659439750551	5.194373935961177
good	5.088726790080226	4.987479342463265	5.1141124231474455
domestic	5.150348787828938	4.950955618028683	5.187835626292646
glory	5.145340124303253	5.007104300916136	5.18060033947489
lay	4.990510945270725	4.9041589177261935	4.951704052767191
occasion	5.068592729527358	5.04919706502313	5.201236679680809
guard	4.904958819910213	5.106832044613646	5.079099982812276
whole	5.066288758532864	4.952857861837563	5.141945222577555
mouth	4.970900188629199	4.878624703930543	4.844343616530241
receive	5.140508533751606	4.977586307096302	5.215730711168499
take	5.007185829627076	4.974904341815722	5.050986853652992
simple	5.164208723566643	4.894654996911672	5.142203899542675
error	4.971489548269814	5.097894534599848	5.2532814178919205
wisdom	5.092398132037975	5.074866253079942	5.268702689352685
rock	4.961615011901989	4.893421697802614	4.896871475039731
decide	5.061879342329958	5.067935019341106	5.292959055564028
exclaim	4.902571806436366	5.056949888773358	4.892831227898935
assure	5.062886367570042	5.059144359985235	5.152798208452619
sign	5.033920013911912	4.977968903015129	5.109885768273533
preserve	5.1208636404347345	4.927319017272705	5.1614838953799245
commerce	5.135727191871415	4.968101778682236	5.271823595146753
plant	5.111603904495979	4.796908497519104	4.998302085224275
walk	5.119922011353022	4.853162864052346	4.909618662596827
difference	5.085275417293206	4.949891245109843	5.200923702237265
hang	4.94425852520903	4.889313123153852	4.822105968212717
following	5.237825187929804	4.8667527006692275	5.227868464053433
employ	5.1334606353803505	4.9206285863857975	5.192729374693088
