deal	5.035175296753403	5.015361077952231	5.105075940553953
study	5.267612699518473	4.915953957390044	5.248518282006581
afford	5.170533148611115	4.951652152631163	5.216574838112064
service	5.169458474976171	5.025328759991262	5.282295336808384
height	5.066267530610092	4.88563833815935	5.044216818672395
prospect	5.146369369760914	5.000837386717231	5.166049583833595
pleasant	5.232534448599422	4.848555160673449	4.979207978849801
shade	5.126719478451852	4.858123200820005	4.955949616110195
listen	5.009878407692496	5.0802798183984255	5.034387719124144
mighty	4.9945372592503565	5.047356400461982	5.081918586796879
country	5.106986703266787	5.026468179059969	5.268852145570399
title	5.206606528014909	4.980533748678474	5.341776542283781
choose	5.1302719723780905	4.9595863047655255	5.200062492801173
village	5.13637383986659	4.916563612210126	5.072363142836938
acquire	5.2092610172956215	4.980561336904296	5.3009648082378
rank	5.1236469079938844	5.071467637941355	5.274137920721674
bow	5.047569757869063	4.975445563923496	4.98541017638332
doctor	4.996343571351004	4.992357332032446	4.999499444497747
talent	5.237342465291389	5.028657536147818	5.325487064450974
source	5.15965643299301	4.98237929972022	5.254170224322896
lead	5.044668022686382	5.0406178753008986	5.148895904761179
question	5.0419549762342495	5.052492982556435	5.257552273588747
publish	5.21672555716345	4.952135945947371	5.331218729229253
interest	5.1362650021027685	5.047785284245993	5.293543593787547
serve	5.047803538059274	4.975451631136373	5.092519466134808
divine	5.121438661301372	5.028761291056455	5.249587067496907
put	4.954264631226442	4.935824063164104	4.943598698362492
shadow	5.041222308769154	4.936442997522032	4.993353234735403
practical	5.168452467976113	4.98632282769147	5.325192594829471
surface	5.064558649705819	4.815734677039667	4.961484981693476
account	5.084050635852743	4.992599485141958	5.194738305450521
loss	4.930941643592423	5.102532010131089	5.126463615975574
indian	4.961184667436749	5.046816543703186	5.115146193355719
vine	5.133199824449682	4.795697146671099	5.007637210316757
certain	5.036459427718758	5.0362797389552165	5.204186840467525
sin	4.853063221244121	5.139549208747852	5.088966619927353
necessity	4.993057679615897	5.086650553872964	5.251663432478197
lose	4.972522424124256	5.068209186159911	5.057792127781216
private	5.085930240091902	5.067693679780747	5.2778033042299475
gentleman	5.14112585295753	4.966217625259698	5.114867576168889
daughter	5.032829562456887	5.0640272551567	5.073405754913148
drive	4.832361947820636	5.105502499661105	4.959179861696411
strange	4.952915626275629	5.060582169477612	4.96968049821596
journey	5.12723469933885	4.948006408974396	5.050706983347874
uncle	5.099535208835667	4.944702643931372	5.009648347973064
species	5.043593656037738	4.948716930126237	5.134025747621098
think	5.0225397020754965	5.038489161248596	5.067723600433868
bed	4.990019851445408	4.84753603057333	4.813642736641888
wind	4.934048409949962	4.966659949018604	4.888886264275391
bless	5.07344688776917	4.976006791664167	5.013663130698853
destroy	4.872242697949617	5.10961364439597	5.112147345113262
author	5.199558630460506	5.000297454505663	5.292456167861899
sustain	5.031322801842127	5.06621147107059	5.2510664513333065
black	4.9548943804121	4.881012657386083	4.850392633297966
event	5.063289209359837	5.100960326349191	5.267129607353648
liberty	5.058755973467346	5.125691266303627	5.316120164555797
negro	4.936709511765774	4.974565199454596	4.9756172329948765
little	5.101229444965686	4.907504833097947	5.002712824723029
fortune	5.075038991716896	5.08510162181088	5.169290387934171
touch	5.0407216960778	4.988003818826806	5.015665852604867
kill	4.7663762367326346	5.101895208153087	4.897283449187009
feature	5.100381796424304	4.965820388187915	5.0978791087718465
happiness	5.110467479387662	5.081611083743178	5.2281015586508754
assume	5.068120493641651	5.0419414542579775	5.2080243420400745
notion	5.068467536402112	4.996096626078234	5.152872123135027
purchase	5.155387412356565	4.886907233960971	5.1498554074036305
faithful	5.118837881245527	5.076127384938019	5.233700741607657
soldier	4.904732941913187	5.174930599564855	5.091450357596541
father	4.975135766537292	5.074312466363261	5.059029933538949
narrow	5.002069187654889	4.914300843798989	5.004892123859409
great	5.104677037763403	5.019983111072894	5.236344838942504
tear	4.8993301428146365	5.024781240659137	4.886757355110708
honorable	5.119816742703976	5.12496365602335	5.355737391288044
previous	5.083527095164096	4.982491536855814	5.193102067009487
good	5.088353563352555	5.001859695783933	5.120192317011882
domestic	5.142792759940453	4.9675688447511925	5.189699650360171
glory	5.150084347743339	5.029186724169237	5.19165120408387
lay	4.990091350035418	4.920883615800901	4.95813503309554
occasion	5.058536903246139	5.0663707514272405	5.202646535265341
guard	4.896770790428131	5.1289190877292	5.082315329990189
whole	5.05943052590437	4.969996275520288	5.144227701149822
mouth	4.972189102426239	4.894501004723336	4.853922454086188
receive	5.129660327382438	4.991430394164555	5.2147247920122926
take	5.001176102101796	4.989057262603949	5.0538690525631615
simple	5.163790045666752	4.911756875778622	5.147951654532752
error	4.964420797290706	5.1104455350769955	5.253116586041625
wisdom	5.093553342172933	5.092228829180104	5.274446806009555
rock	4.961921155789424	4.911440810835923	4.905345948131558
decide	5.050809497782835	5.083953325201842	5.2921025433742
exclaim	4.904405622720569	5.074434933996067	4.902370706685742
assure	5.058125577917088	5.076334844654796	5.1579019295165365
sign	5.0281729229539875	4.994164416934315	5.112604182361834
preserve	5.117644499278115	4.9442566716712	5.16634358837866
commerce	5.123107981558352	4.982985457023037	5.270802005704164
plant	5.111265761224585	4.810803236602546	5.004704268205363
walk	5.123563451460401	4.873240054452056	4.919663249361498
difference	5.076469678161127	4.963636905805213	5.2007959793152825
hang	4.949768331378527	4.907252493911417	4.832867550988266
following	5.225035737719931	4.882190038946974	5.227208218969454
employ	5.122826834401404	4.934560655410424	5.193695703056853
