deal	5.049026281545932	5.006708861430694	5.1091352950909235
study	5.282896832160766	4.908679799526779	5.252743238361299
afford	5.188446354403887	4.945851179234943	5.2252516664785045
service	5.183652465456356	5.0178021386348455	5.28948402253345
height	5.081079161444348	4.873403318980524	5.048167023794925
prospect	5.162860327326236	4.992470322994925	5.171043056922559
pleasant	5.240383973936835	4.841531950218881	4.976345870050605
shade	5.135548476221013	4.846247696493641	4.953272085663357
listen	5.022641190859319	5.064089180052552	5.035139360258178
mighty	5.008873898457198	5.031726378684658	5.083200739062323
country	5.128027647975774	5.019078710929829	5.277765109594902
title	5.224164284273036	4.9703360627331445	5.35013773636498
choose	5.145872808653332	4.950421056545806	5.206743950905675
village	5.1531291412835145	4.9048643981913695	5.076066657945337
acquire	5.224398932630298	4.974722944767463	5.307325999738163
rank	5.135901907858364	5.058630953361679	5.279191502824805
bow	5.052540121764609	4.960911734857754	4.983829241076167
doctor	5.004646788287994	4.982471693928833	5.001409932652413
talent	5.250454723868482	5.018976308019039	5.329245535877813
source	5.179088213660116	4.977823290080371	5.263572204673063
lead	5.059858495739066	5.030042545946021	5.154601620612207
question	5.060966285361071	5.04282175181169	5.267232206064105
publish	5.244849508606809	4.9411308436675965	5.343107437237929
interest	5.156917634945735	5.041342926002639	5.303155319176031
serve	5.0599009920360265	4.967460688719003	5.09764140959773
divine	5.13385020881662	5.0196909357565485	5.254439967810179
put	4.9636317387388456	4.927360663693218	4.946590059668367
shadow	5.0530860059005205	4.921086039938858	4.9924769075288165
practical	5.188329422897159	4.980450078353487	5.335161369701535
surface	5.0775573741206514	4.80677388276568	4.962556113172724
account	5.106306335248305	4.986244993463886	5.205634950911777
loss	4.951462994855953	5.0963283645033615	5.136345077785355
indian	4.980390375966605	5.03408345438832	5.12267172114002
vine	5.145555664988663	4.7899062210942756	5.008483226581557
certain	5.053735446875972	5.027639941865407	5.212707681013987
sin	4.864146950310767	5.1304088155115135	5.092689872846409
necessity	5.011361060110943	5.0797776702175454	5.2622881880006585
lose	4.9871465081185535	5.058230437756777	5.061865669018555
private	5.106799667501088	5.058498918107032	5.288596452930331
gentleman	5.149401711434857	4.955693996505541	5.118042013935671
daughter	5.037910625891114	5.052138308756141	5.073735573484284
drive	4.846521695905896	5.092940124792216	4.963382912902183
strange	4.9649555457528445	5.044671515112847	4.969710835924256
journey	5.1460898861618185	4.93727055105204	5.055156956592025
uncle	5.106663521849222	4.936099917524488	5.009986149388471
species	5.063580303102848	4.9441220419898775	5.142991568058875
think	5.033297160461797	5.028155388947535	5.0694559143557605
bed	4.997391868701178	4.837122005044741	4.812007056913367
wind	4.945243540962398	4.955273360228751	4.888424923471135
bless	5.078755507478833	4.968467968406061	5.012631647069683
destroy	4.888012974575495	5.1007870801125605	5.118748234325622
author	5.22033165604665	4.9904152823757295	5.299758398392649
sustain	5.0509250190149775	5.057837350137432	5.260183606493845
black	4.963149658983108	4.8666559822602	4.851077297060757
event	5.090007050826337	5.088431734386839	5.277859445884068
liberty	5.077525785114697	5.117097239400692	5.3238764357733
negro	4.947708721705226	4.964760006866333	4.979553978556128
little	5.110269616138056	4.8993484645883605	5.003219945604445
fortune	5.086520244135135	5.07674741041864	5.172726728923735
touch	5.050827288101723	4.975791673443255	5.016181536214369
kill	4.779605490235312	5.088723193274089	4.900723126499167
feature	5.111478038222475	4.949976318509161	5.098435117493456
happiness	5.122813576736598	5.076072701783075	5.232614271488117
assume	5.082707603263936	5.030478050141957	5.214345004065656
notion	5.079141704579151	4.986813025801108	5.155333601799975
purchase	5.169497233721463	4.884949257733808	5.1572157346393475
faithful	5.131376308110887	5.064858210654966	5.237453005437308
soldier	4.9190127757268085	5.155999388258481	5.094982048640238
father	4.983005822279351	5.062252082896121	5.0603673261643864
narrow	5.014626312348221	4.902441355073032	5.007945697895573
great	5.124673258120083	5.011330778252982	5.245579510549148
tear	4.907542414083325	5.013936950426053	4.885478048614822
honorable	5.134704541973301	5.1149005879541525	5.363730054143601
previous	5.108020147907603	4.973845483333136	5.2045837971515745
good	5.09659859260851	4.996483715807843	5.122869640356467
domestic	5.156917414455109	4.964585686926744	5.195258861900297
glory	5.164401671944011	5.015982466960692	5.192710997798988
lay	5.002755334600355	4.909750674226746	4.9600629899297815
occasion	5.078788041511444	5.057187550651897	5.211397350442171
guard	4.910480180086649	5.1131910770524245	5.0876328121045455
whole	5.078657760708403	4.960041876691452	5.152080896972437
mouth	4.97999245123867	4.881270024847522	4.85397319542253
receive	5.1476406154902605	4.9857513659395885	5.225163089165853
take	5.0161425036824285	4.980610490804072	5.060636504642126
simple	5.175654161523537	4.902774022474001	5.150473760571748
error	4.9862091615621384	5.102241457894184	5.264125669077139
wisdom	5.10578483531381	5.082733200896408	5.279448615203335
rock	4.974739474836302	4.89679185010866	4.905628938877788
decide	5.070935764746426	5.071923329141638	5.301561133634376
exclaim	4.910794616280899	5.058060127930136	4.902225364625937
assure	5.0719641411986585	5.065584519252247	5.163698501723054
sign	5.044499105423611	4.979587608588114	5.119280352288963
preserve	5.133135392872902	4.93770868264707	5.1730789843848966
commerce	5.143369185932168	4.979175641759058	5.281318980568058
plant	5.122216347504055	4.804738526329352	5.005392155654653
walk	5.130065035343972	4.860779409508551	4.917322664025132
difference	5.094030873368372	4.958816502426996	5.210648275806332
hang	4.955917878919401	4.891892984930165	4.830277169655568
following	5.25052302040289	4.874628428460946	5.2385429120498275
employ	5.141147330488807	4.927799471053263	5.202249970538854
