deal	5.044064059567687	5.014975976993492	5.107049080201159
study	5.276199340857904	4.913134800501724	5.248666555315128
afford	5.18337958150409	4.949108393815753	5.220454189544619
service	5.187326317286148	5.018015951880337	5.286978722670732
height	5.083666789948351	4.868954723602678	5.037855113631417
prospect	5.161579457434603	4.993409679370501	5.166755091333975
pleasant	5.234981607482049	4.845182091110381	4.974092589246491
shade	5.133746611771457	4.845363739688426	4.947601797259289
listen	5.018476918003404	5.072569270560809	5.0335708741396745
mighty	5.010809081543907	5.03430283266332	5.078897093081432
country	5.126495304086652	5.019774436379791	5.273272048311541
title	5.225821664244394	4.97375403483008	5.346828852950155
choose	5.146423557288773	4.953704452288649	5.205194753376506
village	5.150267568338233	4.90638199559647	5.071383071151919
acquire	5.22032709610778	4.977960637458412	5.303379148311431
rank	5.139942629650015	5.058781439706762	5.275219398900053
bow	5.056946116834196	4.9624113383631006	4.980322183155886
doctor	5.001016022450882	4.991355858077075	5.000837804560447
talent	5.246711114614533	5.025876702773246	5.327393695251684
source	5.176018607473125	4.978527259409235	5.257577760132509
lead	5.060105958382013	5.032667940094754	5.151999648989449
question	5.058002592579933	5.04997074851549	5.26575402861931
publish	5.237854738438388	4.94681312447166	5.336731078511261
interest	5.153070491386444	5.043240531756829	5.298556467155928
serve	5.061390086749061	4.96979790412406	5.095448005472167
divine	5.13652861883174	5.020949763590739	5.252452141997335
put	4.962676202797191	4.9343318360354305	4.945640604538071
shadow	5.052472979823593	4.922447068710519	4.987234382347794
practical	5.183535555554934	4.984251765862144	5.331236795226542
surface	5.0728113252500275	4.806313193625224	4.953117936955797
account	5.099967971272686	4.990861046004573	5.199780519316102
loss	4.950382601569669	5.098201935698524	5.131708239157178
indian	4.982172963440652	5.036587255499609	5.11872309551212
vine	5.141485990892718	4.78881610652098	5.0014378357965095
certain	5.050260244267563	5.0321722527872454	5.2094176517916555
sin	4.867194174356427	5.133589105098811	5.0931202992047035
necessity	5.010205356097971	5.082153733987931	5.2592168121319665
lose	4.9868431904174315	5.062101831435237	5.058994812981196
private	5.105893606302415	5.061595799423956	5.286122171622618
gentleman	5.146725302062618	4.9631511212344686	5.116947264408052
daughter	5.045092647724624	5.054061569792755	5.075294439954626
drive	4.849689907216781	5.0947153487449555	4.96045963311607
strange	4.9616149763126485	5.0527724125649245	4.968144043197184
journey	5.144249987773635	4.940123491265167	5.049955284112558
uncle	5.105426536156038	4.943883922743663	5.010093329154012
species	5.058631326073217	4.944188458323432	5.134389852532182
think	5.029805136054609	5.037310561658887	5.069609246641701
bed	4.997072091929228	4.840361336931341	4.8112703027099695
wind	4.947189996762441	4.95511565193992	4.883182540250368
bless	5.083223425291313	4.969573764193176	5.012026982454015
destroy	4.88996800966571	5.102362362730691	5.117300612006907
author	5.214525059256586	4.99713689441658	5.296141431293013
sustain	5.050244903147888	5.057888935761518	5.2558603901596594
black	4.964630212806292	4.867612556182032	4.845486355239864
event	5.084652650382417	5.091690153905948	5.272653349779492
liberty	5.080243525045962	5.116794234678678	5.323193396050649
negro	4.946000603185736	4.969470598398514	4.976458472739315
little	5.105726939618604	4.905731644144745	5.001288682161028
fortune	5.090477545826508	5.079471732680485	5.172090646815143
touch	5.04759330820234	4.981278238901315	5.012914586235554
kill	4.7844392094143515	5.094275039688111	4.9016944140923915
feature	5.108279905268857	4.951754749979659	5.092489925216048
happiness	5.124691091961865	5.0764311936672994	5.232341701100442
assume	5.079997325458243	5.033383832133956	5.210161302022582
notion	5.071945789141327	4.997148506977678	5.154215074464187
purchase	5.170008289301023	4.886469449126738	5.153699014633628
faithful	5.136258212385341	5.068163677594597	5.238268451238469
soldier	4.9275220408177685	5.157066968757581	5.092977920089454
father	4.9873259130592205	5.066678264106036	5.062010997109471
narrow	5.015314094710049	4.901770991057241	5.001986089500929
great	5.122524170051373	5.014070575396472	5.2403722817554055
tear	4.909205687115852	5.015157559711468	4.882846335186067
honorable	5.138467416367698	5.11969165226621	5.3644823935711035
previous	5.101318862640736	4.9761289582998876	5.198730901117784
good	5.0964936994876355	5.002877547990872	5.123878823831079
domestic	5.15475952323463	4.96483804994482	5.193265096377864
glory	5.169597563177003	5.015407312239503	5.188228352243147
lay	5.003415917265326	4.9114450554991125	4.9569505167781065
occasion	5.074263084295821	5.0613505089985695	5.208169833381335
guard	4.9189254161228115	5.112935909628986	5.08588688542573
whole	5.0754662901485235	4.961259521415163	5.145600831882446
mouth	4.9805702881050635	4.8850724343400165	4.848767718993575
receive	5.144717934506428	4.98893392758517	5.220773029026544
take	5.013145817260318	4.985859176466037	5.057917795202884
simple	5.17055887076429	4.9072973681403935	5.147411555132764
error	4.981311460671924	5.1081320215582	5.261109666297003
wisdom	5.109381018962782	5.08643178272989	5.279114304569509
rock	4.977638802208032	4.896481097462663	4.899235790562313
decide	5.068000065983933	5.07909956325531	5.300297310279529
exclaim	4.9113860042162285	5.065836154822558	4.900798222461437
assure	5.069310493203292	5.073788073614469	5.162427992977744
sign	5.043569768977398	4.985375697591277	5.114821015153642
preserve	5.131718329251596	4.937251036100623	5.168132533761318
commerce	5.145097969935203	4.976128964953386	5.274025045349825
plant	5.118570061325019	4.80411567754812	4.999732490279442
walk	5.127240939896014	4.865910651173994	4.91556723702654
difference	5.0898961729859105	4.961132308057434	5.205623873135957
hang	4.958564590283272	4.895296025106654	4.828282180527669
following	5.2427451077107765	4.877649393715315	5.230779900398467
employ	5.136680138800973	4.9305020075446375	5.195254320167417
