deal	5.04127008095005	5.019033447077642	5.116209070357259
study	5.272053658960527	4.915598079751489	5.254284987673409
afford	5.178456856192493	4.952847719297071	5.227811362721503
service	5.1829322397627156	5.023171903417167	5.2932001760884635
height	5.069521986456315	4.882962471647321	5.049463912018117
prospect	5.156448958365649	4.999305358551056	5.172800059865268
pleasant	5.238662086316863	4.852803825789537	4.984442249421689
shade	5.1276769653920065	4.85911189533944	4.959508983910193
listen	5.020225638463108	5.081168739129517	5.0455134087316305
mighty	5.001171338901857	5.0453448311164	5.089432952100644
country	5.1144083581551465	5.024888275659104	5.278242999244426
title	5.215035308292472	4.979851403170969	5.351979572558693
choose	5.14165859060927	4.958890574833457	5.214072549610611
village	5.150006911601229	4.919446341958053	5.086014042980152
acquire	5.212878189009653	4.979448242704795	5.308011261385156
rank	5.1292316003498115	5.067600362740766	5.28186207822577
bow	5.054057740924526	4.97674512145672	4.993962123185869
doctor	5.006861918356094	4.995730411581933	5.013222879737409
talent	5.240781166708155	5.026378630358221	5.3310188617007395
source	5.164082507903976	4.981892853258739	5.260510351407125
lead	5.051913904172163	5.041510963965479	5.1598729879380665
question	5.0504156842079775	5.050934508226974	5.270574405594101
publish	5.231232130039847	4.950261313751337	5.343412551228142
interest	5.144167569889626	5.045055813283437	5.300891218527886
serve	5.054895284129224	4.976758657315917	5.104505650566116
divine	5.123992697831564	5.0259036739623415	5.254331080459931
put	4.9602952300647996	4.94109135204619	4.959221772547776
shadow	5.044961853382691	4.9356678120330795	4.99880161208562
practical	5.171433249321915	4.984610810726925	5.333088706570428
surface	5.0637272530480955	4.8159219919785565	4.965855512319733
account	5.095272944423543	4.9951594972402225	5.208003167017908
loss	4.944827284910061	5.101282571081028	5.138628308373176
indian	4.972464376732686	5.049574253145622	5.132107280666031
vine	5.1337438415471555	4.79776886365087	5.014681481297736
certain	5.043054575573568	5.035963270345658	5.216445493093321
sin	4.857708225169142	5.138756043915565	5.097877328307809
necessity	5.000806710251956	5.084816574362251	5.264534910538612
lose	4.9816169612343195	5.068323755922114	5.067621004097473
private	5.099861055383875	5.06520451684505	5.290418980707391
gentleman	5.151459970635974	4.969290934494964	5.128361460177267
daughter	5.0443800447692	5.0634982268658275	5.083610993027831
drive	4.8426104416102	5.108604903384959	4.973945839147721
strange	4.9607383158380305	5.062273099215631	4.979852077544024
journey	5.144435616374584	4.951441160899506	5.063101792993317
uncle	5.112428383267745	4.9507510244361805	5.023079541559794
species	5.046755292050345	4.951164226239648	5.144717295886641
think	5.030632422497729	5.040528349869521	5.078366434701073
bed	4.999945345375825	4.851980385078935	4.82694328926212
wind	4.938021491294122	4.970040337327347	4.896545043506713
bless	5.0801658933322775	4.979049239595607	5.021293000221298
destroy	4.87770109200355	5.109825064058872	5.125255524408787
author	5.20559005993274	5.000218597788132	5.29964392809051
sustain	5.039146552876012	5.0612417038055195	5.260457143012077
black	4.958877856013227	4.885332749065256	4.862310576454631
event	5.077930786571704	5.095775322207637	5.27713501974934
liberty	5.066707641184973	5.120770948760538	5.324144084447206
negro	4.944962413142685	4.98087230095145	4.991512555003781
little	5.106794126376692	4.911616115968472	5.012375883365074
fortune	5.084387531247721	5.084743260645112	5.177111764356141
touch	5.045195864487554	4.989855024522395	5.023830481975201
kill	4.780509277246337	5.1081341180552755	4.919048346545876
feature	5.103664935802102	4.961395301453231	5.102098928217772
happiness	5.115951843172539	5.07872469145394	5.232708760500729
assume	5.074769894468317	5.03818755712627	5.217185392023075
notion	5.068610635859913	4.999760667592131	5.162073620015864
purchase	5.166625705306515	4.891593502651069	5.164042819108464
faithful	5.12963044801061	5.074131024231135	5.2418806722489375
soldier	4.919806395576173	5.172589212345814	5.106461187576556
father	4.9881608093671215	5.07457208293309	5.071632501975968
narrow	5.0056048949301735	4.91436718079909	5.013706409144488
great	5.112844080489387	5.018099128363032	5.246011821755093
tear	4.905661355446236	5.025394608847518	4.895007965285533
honorable	5.130319635089622	5.121250778701638	5.365768541548707
previous	5.098662967965936	4.980028587179125	5.206814723125618
good	5.093483572948088	5.006042412005157	5.130369774412225
domestic	5.146888897375645	4.9671737633318775	5.196816653239215
glory	5.155307526865381	5.0250926265302915	5.194045073625844
lay	4.996653955403049	4.922575824783896	4.969386901758997
occasion	5.070678981732416	5.065386359540254	5.21530387562666
guard	4.910059137490202	5.129340088961281	5.098718135977753
whole	5.067560481768008	4.967343714867076	5.154891817199702
mouth	4.976992858272792	4.899733649515783	4.865181509052455
receive	5.143238547981555	4.992741130393627	5.229199674390877
take	5.012388872898309	4.992607498789017	5.069665347875593
simple	5.165225355037549	4.912234072434579	5.155077615747819
error	4.968623861060488	5.108890544635973	5.262522861747965
wisdom	5.095873284185699	5.089919415190706	5.280178478567032
rock	4.967154969526467	4.913993873659892	4.9146364189649825
decide	5.06124276724775	5.0807700277240935	5.305593001638203
exclaim	4.915713780166496	5.0780609974906055	4.916839450687559
assure	5.070393287038543	5.078503672824643	5.171697931390331
sign	5.040913525840108	4.993623442271709	5.127518647726175
preserve	5.1229386169424345	4.943309393819348	5.175319409231167
commerce	5.128274878260657	4.982004651722884	5.280412198163065
plant	5.109372351533068	4.813548048088251	5.0121839155583245
walk	5.131554903814538	4.878331247781879	4.9301277024580195
difference	5.078582103475271	4.963897725061811	5.210163826673362
hang	4.9548721316095	4.911573405030984	4.844384386662023
following	5.239581073477745	4.8832488903486775	5.240159309030469
employ	5.129162838123551	4.935345133280573	5.205638061269699
