deal	5.042775008349056	4.998214904611458	5.09754429295774
study	5.274428401271732	4.9034410254237715	5.242720440102619
afford	5.176299586074363	4.939151678241096	5.21157171626947
service	5.175560419575174	5.010944052889854	5.277263236854674
height	5.075945796132693	4.867413755851005	5.037674569413556
prospect	5.155636819930368	4.981709667291119	5.157479931389142
pleasant	5.240853895239588	4.831009089241879	4.968553499100128
shade	5.132480571417102	4.8391882174956695	4.943588456589316
listen	5.023633885858155	5.057125696780737	5.026993810217069
mighty	5.002522974931537	5.0251904597546675	5.069764362738924
country	5.1101440429203615	5.009212527894756	5.259009174307562
title	5.2090757179144935	4.96678042798511	5.337573217625962
choose	5.1359735146131245	4.9450867753594885	5.1955784483032
village	5.148666753833157	4.896451579415154	5.065016935224753
acquire	5.211945294966197	4.9687855855359775	5.293917703183735
rank	5.1251424308576246	5.053603404181662	5.2645176435919785
bow	5.057949471576326	4.955320582661398	4.979050589646699
doctor	5.010476263876574	4.974287267121749	4.997310737703065
talent	5.239459602841098	5.014880295518857	5.315811501624043
source	5.165577101734659	4.9674951429936955	5.246248995887087
lead	5.051991496742191	5.022018067047995	5.142552061710128
question	5.05056711051524	5.035135925329871	5.256186092438845
publish	5.227873180781951	4.936526755180453	5.329022455161995
interest	5.143132887957474	5.031318987834539	5.286094005567377
serve	5.0515744932410565	4.960738142574681	5.08666696062299
divine	5.124983284153885	5.012970253571421	5.240855971727431
put	4.963575520396195	4.920380416509828	4.941931213858985
shadow	5.050406069467653	4.914755200722827	4.983835987464781
practical	5.173477627320291	4.9727558353270425	5.3204122493711505
surface	5.072820066895194	4.798556380420138	4.952953190182628
account	5.095057868460145	4.9764655727112235	5.1911976838329075
loss	4.943013120329097	5.0847518142490316	5.11931234280845
indian	4.971262465404437	5.0250471744094245	5.109210647894985
vine	5.139997719629651	4.780948820224562	4.998385180200408
certain	5.042596826064747	5.019880219166697	5.1991239982629365
sin	4.858905519173839	5.120518287693193	5.0777951031496205
necessity	4.9999468278494135	5.0707810941740865	5.2481496382056125
lose	4.982816301292103	5.048985268430414	5.049480258870604
private	5.094729621855232	5.051250050099551	5.274846657564536
gentleman	5.150294344804032	4.949088342035468	5.112118793833789
daughter	5.039331759154262	5.043910212259919	5.064671895444659
drive	4.845130949246461	5.081711905685162	4.951657205318834
strange	4.963166298391829	5.036360599686862	4.959161263219151
journey	5.145122377833078	4.927467325102379	5.046262617404712
uncle	5.113286040282198	4.926309933424923	5.005807484080731
species	5.051640012213816	4.9334685707646155	5.125992304375787
think	5.0306505834949515	5.019709096325727	5.060031851935525
bed	5.004780295764965	4.829790098946822	4.809862216264556
wind	4.948740615122185	4.9427608536565435	4.879386051215074
bless	5.0810988588740456	4.957621661485647	5.003265274362242
destroy	4.874515409791694	5.091890552796421	5.100211585781822
author	5.205442197261117	4.9848525332488505	5.284954498975515
sustain	5.035825595212739	5.050712042709922	5.243288657146101
black	4.963968745265779	4.859750182799536	4.8436662917904565
event	5.075170837640029	5.079905876683846	5.260952082685268
liberty	5.061464852834329	5.107320601808809	5.306386976743551
negro	4.948778161240641	4.9557589577701675	4.970758059540616
little	5.10850212379409	4.891881498311493	4.995854446205492
fortune	5.080569204562673	5.0675902444250855	5.159046753561432
touch	5.049227657700261	4.969218771171723	5.008190030214788
kill	4.779862506056864	5.0784885903358274	4.889515648762291
feature	5.104703734131808	4.945567656792521	5.088058957937483
happiness	5.1143416704351115	5.064580701134569	5.21682974619807
assume	5.07306936477969	5.024644189394832	5.202410380702579
notion	5.072725118975325	4.979472898965267	5.146043646100367
purchase	5.162519316682801	4.876125742950736	5.146953972954226
faithful	5.124404449108748	5.058099690385299	5.225006322832954
soldier	4.916625937034183	5.148063733897679	5.08339720298104
father	4.983363309889017	5.054701007489183	5.05174371630495
narrow	5.010429373467472	4.895858584479711	4.999595480504142
great	5.1111997822658815	5.003746934317654	5.22996967997727
tear	4.909178640843687	5.002907889955151	4.874971949148394
honorable	5.1216080300703295	5.108843315914084	5.348249647409351
previous	5.097486512959123	4.966062589299953	5.1926880882313
good	5.091816109881021	4.986738894327569	5.112487801247766
domestic	5.1443222502807515	4.953385212922501	5.17963285901348
glory	5.153164874207116	5.008719527613307	5.176283666957631
lay	4.998472512034928	4.904314965928552	4.952578694666303
occasion	5.069572984700434	5.047784933699351	5.198112830760388
guard	4.909777365149101	5.104858303558588	5.078663708642147
whole	5.066839009048714	4.95278189843076	5.138459682430255
mouth	4.987281793788396	4.872692511771013	4.849881273512003
receive	5.138366813693362	4.978099034902036	5.212561368848301
take	5.012055003743501	4.97282189241022	5.052529035065742
simple	5.166881571969147	4.898731996597674	5.140618626210112
error	4.970062463834987	5.093148908954479	5.2457579371969185
wisdom	5.095186555460638	5.075669489367688	5.263941632995565
rock	4.975466646499079	4.888829294493937	4.896618413917295
decide	5.059490589128719	5.0659863730281005	5.290550279985612
exclaim	4.921176884552714	5.049676756192406	4.897989930733284
assure	5.068951527553803	5.057199211935871	5.153773236957251
sign	5.041258924949643	4.975012128492599	5.112058445955322
preserve	5.118964898889448	4.931491847484164	5.158737258912712
commerce	5.128385540395881	4.965642464753906	5.2637687977884555
plant	5.114518701076	4.796984194008506	4.993902113909251
walk	5.137208505696342	4.85489908954731	4.915830104458848
difference	5.081176690798641	4.94851616867566	5.195607131425883
hang	4.960481251611479	4.886698424599121	4.825934119000262
following	5.2400921546513715	4.867148215233783	5.227701105439234
employ	5.130477897862685	4.921315280867609	5.189683558894261
