deal	5.036947169330788	5.00764102616331	5.109755211222672
study	5.266200330641918	4.905466945002352	5.247758046272754
afford	5.171818997261919	4.942476587671724	5.220234274685698
service	5.177841435101617	5.018080654013101	5.2913786975461425
height	5.061690267442754	4.870704497145428	5.041248607134171
prospect	5.148805389492231	4.989429254058615	5.169913035955869
pleasant	5.226350204180185	4.840119633942998	4.9798468819593875
shade	5.11882817190989	4.844410532295571	4.951454117549187
listen	5.019366269089236	5.070103630370015	5.0423732165551405
mighty	4.998178778648553	5.0358641414800305	5.086365761888467
country	5.110515947814896	5.016635621533802	5.274426942779492
title	5.217617086329823	4.9695884237357415	5.349681219429437
choose	5.138561855221512	4.951497733022058	5.210037171247521
village	5.139683101305903	4.907437841530838	5.0811905508739565
acquire	5.206557607165758	4.971622096778146	5.301144095096798
rank	5.127741810598323	5.061243682665522	5.280362089477047
bow	5.050124950616183	4.965618157596417	4.9902343398233455
doctor	4.9961676424494454	4.98309298740987	5.001280627741743
talent	5.236598524339306	5.0193679494703325	5.326592678112716
source	5.161073250131569	4.971119939625171	5.254701994861266
lead	5.049983754748067	5.030611640579756	5.1563345921045185
question	5.051378439408535	5.042083376752341	5.266045903879257
publish	5.228492769750616	4.940185145398691	5.338187543512692
interest	5.142270074895497	5.036355699794836	5.297321307075166
serve	5.049069341890136	4.967566598580532	5.097992995459922
divine	5.126695213723031	5.017542370857347	5.2520613675627725
put	4.9521450382103085	4.929678436375011	4.947925840718897
shadow	5.041295229853574	4.921272347077838	4.992969880622411
practical	5.168754113863676	4.976030528044824	5.326502464152772
surface	5.053374682013336	4.8027883143516785	4.954635749836301
account	5.090169885144038	4.983194335471931	5.200669608815928
loss	4.937569999985644	5.092336930713843	5.130303831180991
indian	4.9687586965015225	5.039515797670113	5.127263250830983
vine	5.122027743084055	4.784557327670901	5.001600348905048
certain	5.040204397897978	5.026101233785333	5.208748531920189
sin	4.860129574651273	5.129277199812909	5.093350279774607
necessity	4.99874018615043	5.077245579542876	5.257752836361608
lose	4.977095070995628	5.057915733209862	5.061623516003868
private	5.097577922447661	5.056195119660828	5.286175715435593
gentleman	5.144518950174762	4.958005732055973	5.122939901349827
daughter	5.039925359928964	5.051472761089115	5.079839512862788
drive	4.838001056427163	5.096943087335031	4.968780317615368
strange	4.956624182772511	5.048393684798622	4.973540424479991
journey	5.13411037757042	4.9388436531734765	5.059127383923866
uncle	5.103864835243772	4.934718911196762	5.014950463138386
species	5.04008798541169	4.9400309121236825	5.132406380667245
think	5.027183958800992	5.02885387780332	5.072741743236264
bed	4.987370365463113	4.837386382805065	4.815570734293084
wind	4.930278585645439	4.957026461372789	4.889632969998887
bless	5.077708234445563	4.967524084752075	5.018952976315787
destroy	4.874018253222652	5.100743791035345	5.116213829993556
author	5.206209117521741	4.989216063294287	5.296406813788045
sustain	5.035221458096575	5.054492244106498	5.253533886635726
black	4.948460959275182	4.869450870992731	4.851203698971421
event	5.074643200478324	5.086776888025909	5.274239819759684
liberty	5.068136947793076	5.115139706917156	5.323723854353345
negro	4.935287135825054	4.968457644228622	4.982513221123538
little	5.09762768086344	4.899042799965952	5.004509509512672
fortune	5.0786439540124215	5.075360582360732	5.173593723180759
touch	5.042934497235761	4.976647076779943	5.0170927685030255
kill	4.775382854403206	5.095926763116874	4.9107746008311155
feature	5.097773133486448	4.948097518284357	5.093984811178424
happiness	5.114920403557803	5.070008332088785	5.23060368805844
assume	5.07083495672419	5.029410720401085	5.2111452135814265
notion	5.067088579031475	4.986884011125508	5.1553300878629065
purchase	5.1578717410225545	4.881597221456656	5.155959755420463
faithful	5.130234488537673	5.066104062764612	5.242651046930739
soldier	4.915973747238194	5.164553390058137	5.1035394378934225
father	4.984700046914277	5.063410612708649	5.067776760785465
narrow	4.999167524687066	4.9013693991594245	5.005949641306793
great	5.108789733997004	5.010359859099449	5.24152664837319
tear	4.899554834564414	5.013006324568441	4.886589481811103
honorable	5.1309750262659595	5.115319431477104	5.365422985623743
previous	5.090305706971408	4.970316551493203	5.1986695747126275
good	5.088861208441481	4.995875683724401	5.1255222759093035
domestic	5.139073000383203	4.958340895466655	5.189484292133705
glory	5.152771441544671	5.017498514016177	5.1935331735418835
lay	4.990548596266225	4.910691043144359	4.961216135772765
occasion	5.065499833698095	5.05735999572217	5.2099486817301575
guard	4.909249543482166	5.118457456637842	5.0947485599402675
whole	5.060651993366237	4.958708097817579	5.147430510442031
mouth	4.966786984814258	4.884944266413247	4.854655488391554
receive	5.13796314108335	4.98434439087771	5.223445173084118
take	5.006309518227562	4.980989587121851	5.06165658296864
simple	5.160981498504242	4.900770211789097	5.146611889262736
error	4.970519327179143	5.098499720882751	5.256233595354493
wisdom	5.097342316769539	5.082503627381166	5.277872672937828
rock	4.960646778258787	4.900304687681887	4.908191817165804
decide	5.062546837714969	5.072832596393392	5.302109456361494
exclaim	4.91074593103948	5.064165326468049	4.910232453581759
assure	5.069214395171841	5.068387572096981	5.169450416619557
sign	5.037779723084218	4.983086383472616	5.120118522005208
preserve	5.116130976020876	4.933977337023369	5.167052051754155
commerce	5.122221299602375	4.974708011594964	5.273487941413522
plant	5.099644452772309	4.801038507027373	5.000014615617908
walk	5.122445504033211	4.863250490421052	4.92385536509137
difference	5.075825224052927	4.952701090358175	5.202633636196595
hang	4.947939315527318	4.895521734714115	4.8343928401504
following	5.23509017752158	4.8707645557266	5.2339742319737255
employ	5.1203589343928755	4.9267945816178775	5.194845958595582
