deal	5.0454354297733355	5.015565559165734	5.103859988423905
study	5.272307659204469	4.912071153485649	5.2428211307697605
afford	5.176808513299815	4.949670791277339	5.214996142857683
service	5.1775148920577125	5.025698229843606	5.2826857685047415
height	5.076645473213827	4.8753946183679	5.043143550814414
prospect	5.156837038420986	4.9970834667138195	5.1635869358626945
pleasant	5.238741653630638	4.848248927847511	4.979511844908816
shade	5.131113715063285	4.84996847448097	4.95284251935895
listen	5.018516151075424	5.077266015407069	5.033021172121378
mighty	5.01088681721913	5.036743171560594	5.082397598293044
country	5.120499409611362	5.020584096288145	5.2659212841909975
title	5.216732901142592	4.9767842622551	5.33890310491671
choose	5.142632367757407	4.958601981646133	5.202523455032164
village	5.149318135280971	4.910475954532429	5.075522740637864
acquire	5.212950437605584	4.977207924545336	5.295073173070216
rank	5.128784090336365	5.0635529168930065	5.268815624092262
bow	5.052379142128483	4.9709976135234015	4.985321444115457
doctor	5.004732547663116	4.995555187023379	4.999037042002142
talent	5.238483768005028	5.023855491182837	5.3166145461489736
source	5.170122180168196	4.976973075177508	5.250305404110628
lead	5.052294385492406	5.035255538381275	5.146815234672952
question	5.0533504264631	5.051078077626758	5.254669346757713
publish	5.232179265053788	4.948224033670627	5.3285270593416865
interest	5.146987216206271	5.045248565360637	5.288324389629284
serve	5.054452816868684	4.975497669544011	5.093599697177759
divine	5.131943577917122	5.021519375773562	5.246572749762415
put	4.960524567806333	4.940471514680354	4.946953985311755
shadow	5.050349892807631	4.926754799573788	4.99090809229329
practical	5.176923558582173	4.981983011797469	5.319361750102501
surface	5.070720494948665	4.80884498745224	4.958093408511143
account	5.095792151163976	4.994201882583922	5.194378286887193
loss	4.943717511877455	5.107533682061672	5.127079834259905
indian	4.970085597342955	5.04376412014297	5.1169829076382
vine	5.137063801694198	4.793206685423839	5.004308257458722
certain	5.044908528615057	5.034052088372262	5.20231122896711
sin	4.868650276730012	5.135803554532137	5.088777488219476
necessity	5.001700416377521	5.084506552617676	5.249036302210858
lose	4.98289030512477	5.068260544107958	5.057847874942929
private	5.099117517018129	5.065793399924415	5.275799502418864
gentleman	5.146055111528566	4.966940493014485	5.113443286338258
daughter	5.041872863119372	5.062740000089569	5.072960118128842
drive	4.845113955732672	5.102251280331939	4.962036905134069
strange	4.963106676203476	5.057259732860401	4.96943050037308
journey	5.138938025437126	4.9479978571497	5.053758708990157
uncle	5.1099360685060455	4.95039883635074	5.011465363092845
species	5.0535636701863025	4.9479009278795045	5.132968931537892
think	5.031306160538061	5.0400113152842545	5.066808802531975
bed	5.00133672410398	4.846396358239438	4.819516270921859
wind	4.9445020963649196	4.962596665451572	4.889624291511352
bless	5.086884626457107	4.9767154234197335	5.017814506625192
destroy	4.883737996970994	5.106096113814222	5.111966449143758
author	5.207335302690441	4.99606766740584	5.286008923061493
sustain	5.041723559503247	5.061129556840508	5.246958902253629
black	4.96134487528457	4.876011333192739	4.852942372176055
event	5.077249577087668	5.095712377209928	5.262791104394566
liberty	5.072782486419754	5.118070435921388	5.311110893361644
negro	4.94547071153855	4.973992433919769	4.9792674173418385
little	5.106433530414304	4.90877839977239	5.0031744206905255
fortune	5.083007502437457	5.08567365513802	5.166944390831296
touch	5.0457659146220974	4.985753708884455	5.01278804164647
kill	4.778859877281799	5.105901507211579	4.9049319215957325
feature	5.104083256279803	4.9547554716684585	5.089599389259257
happiness	5.119601597634932	5.07868153458892	5.222912541145921
assume	5.0730977623850055	5.036970180301999	5.202418284521958
notion	5.074825157244108	4.992920283071377	5.147023368766038
purchase	5.167393003499497	4.891373020376709	5.155234303804751
faithful	5.127247360364216	5.073452639216366	5.230997333189214
soldier	4.914200003474273	5.169397465442868	5.091698013557436
father	4.986944800430239	5.073548189266475	5.0608408544542485
narrow	5.012053109485243	4.903881315396192	5.004621188045619
great	5.115809498416576	5.016060197358359	5.235274912759017
tear	4.909956326658797	5.023429615466974	4.886886757426495
honorable	5.126515491049791	5.123184302369432	5.35045222004918
previous	5.09526600154874	4.981430442619364	5.192286553444357
good	5.094664099243578	5.0052609207407475	5.119839775020846
domestic	5.1504786601972565	4.966572851196724	5.185483593986232
glory	5.163140707045305	5.019835590149677	5.188717361430104
lay	5.000100990911252	4.917026564089433	4.9606528018159555
occasion	5.067678747167866	5.0648962182751465	5.199415692466309
guard	4.906000089450774	5.123430356097746	5.082574993669557
whole	5.072422032144939	4.965024015103791	5.145066719049537
mouth	4.978805119669724	4.892032908742504	4.856499928923504
receive	5.138743691339992	4.9949906578638625	5.2167477654205765
take	5.008975848880646	4.991716254199767	5.055539293602804
simple	5.16924222563822	4.906843037639722	5.144268831506195
error	4.975885511507546	5.10738180114213	5.247087916533872
wisdom	5.101290139956016	5.086579697449882	5.269596301236886
rock	4.974383780717253	4.902134090841002	4.908051096727037
decide	5.059786803024682	5.081017426626676	5.287304773201463
exclaim	4.912186702151793	5.07412729741327	4.904709110479808
assure	5.064489074161964	5.077696599520735	5.1570642512334555
sign	5.039916458954074	4.99195958442451	5.114473969728401
preserve	5.123851464488013	4.941070889745748	5.164180677814404
commerce	5.134839341612885	4.9794003583830815	5.267905653991339
plant	5.115061908791396	4.806434934131789	5.002489863469973
walk	5.130246933719018	4.87034651814391	4.923067106461079
difference	5.086596446853484	4.962569420148634	5.198271229141822
hang	4.957708318033098	4.903983492120439	4.8363717768539
following	5.23815788704673	4.882869714090334	5.227209478057428
employ	5.129752458599615	4.9329588583338095	5.1931431173507585
