deal	5.041333181629207	4.998482942630622	5.1029325904670575
study	5.272178138321472	4.900547887325662	5.245537953867723
afford	5.175751256278489	4.937809259742963	5.217785961224631
service	5.17902296354654	5.011080813867875	5.286048983371439
height	5.071271433278565	4.868554057705919	5.0426347617044565
prospect	5.15424906015392	4.983354857232471	5.164172128397155
pleasant	5.228600537725686	4.8313849042138886	4.972420606098185
shade	5.123213080748773	4.8391350654973255	4.948266432314958
listen	5.016464963726983	5.0633087384445075	5.033313996925539
mighty	5.001983630298121	5.027515178094245	5.081284997039374
country	5.118310961473416	5.0096002345041875	5.271580258370744
title	5.219955321883705	4.9665136953653795	5.345714395856651
choose	5.1389655130061165	4.945423932238094	5.204403030113244
village	5.14291460990028	4.901183242288172	5.075441589593237
acquire	5.213304337694049	4.9653977887314555	5.299374852562281
rank	5.129769022541326	5.055670083376982	5.275386182423876
bow	5.048916378564451	4.957510112098472	4.982653768844216
doctor	5.0024667082288365	4.974329971778965	4.995514146515774
talent	5.240816907473434	5.013185790961695	5.3222581306495105
source	5.169080832053071	4.967358141670277	5.254011965076991
lead	5.050059738866537	5.025933831318063	5.150914638191881
question	5.05880891982836	5.03667421274906	5.263106308957061
publish	5.237633046699158	4.93573289711572	5.3363086778275095
interest	5.147833801881319	5.031410494967629	5.293242519155425
serve	5.050677623482421	4.958917631194911	5.092792884379078
divine	5.130438443476289	5.012860905197193	5.249195778369654
put	4.956061593151199	4.918456466522459	4.942124984996277
shadow	5.045654855994534	4.9170329124148875	4.988871285539157
practical	5.180284567849449	4.970837398364047	5.327339753760198
surface	5.066356244143093	4.796778569721154	4.955328829118937
account	5.097981509486305	4.97845563236023	5.197594482366417
loss	4.942994820763922	5.087556697631788	5.125936358089053
indian	4.9733959436531805	5.03119310735072	5.123240240976399
vine	5.132969850628566	4.77896004739396	5.001386428176922
certain	5.046010158596975	5.021135536532797	5.206578164002482
sin	4.862622937711303	5.123130530037995	5.087217527764595
necessity	5.005959433042382	5.071363864319092	5.256452132483891
lose	4.977490926145162	5.052288232991274	5.055115847609863
private	5.098884101439905	5.052068404092152	5.280781317906382
gentleman	5.14528503358195	4.95062985936422	5.113838803053163
daughter	5.03567810194602	5.04767353931255	5.06860178654652
drive	4.83938316240407	5.088281507440887	4.961238869937016
strange	4.957261522188703	5.042284188107486	4.965396892634318
journey	5.135922962736325	4.93264115478608	5.0522643605573405
uncle	5.104333562700246	4.928117293723045	5.004382787544509
species	5.050529327063787	4.93371508877193	5.132533923238617
think	5.027992133793725	5.021817788074028	5.064663984050205
bed	4.990810856897919	4.828245419750247	4.810484011046726
wind	4.939492879495286	4.947793515345257	4.88655485137439
bless	5.076058701372276	4.9605056992453	5.009813243177168
destroy	4.878280818781577	5.092928700260247	5.112501679789395
author	5.210923361536466	4.985565080572744	5.292411472951633
sustain	5.04247800264814	5.0479404894593785	5.251164154278558
black	4.95696873672137	4.861004452453314	4.848148908390522
event	5.082259041384744	5.082849057592455	5.27068773787332
liberty	5.072414268877373	5.107798871065714	5.319564495610535
negro	4.9402957782688235	4.959924065351389	4.976378041936732
little	5.099710302350783	4.890843009744648	4.998215668719839
fortune	5.07750059024599	5.069170319954635	5.163976349731351
touch	5.043138976380475	4.970794695021956	5.011451043420097
kill	4.775087920767437	5.088109493475056	4.90253345552169
feature	5.104680439520857	4.943466980885037	5.0909678983387
happiness	5.116661060980772	5.065694945817893	5.224662608399714
assume	5.077384247477099	5.023423461887123	5.207515576208381
notion	5.074747990012385	4.979511325948756	5.1504341330148184
purchase	5.158699128304928	4.874184216952941	5.149476817039916
faithful	5.126660726976066	5.06067337145192	5.234149715087209
soldier	4.91464706809253	5.157101080315736	5.096611949308035
father	4.981686688958783	5.057456733027818	5.0572184760598695
narrow	5.00429008952449	4.8959270613914585	5.004084506970552
great	5.115382006513397	5.003481759697822	5.239124740478128
tear	4.901293144837847	5.004041043733813	4.878909443786213
honorable	5.131203862538981	5.1109444861509825	5.3586791933979265
previous	5.100070960853986	4.965332960600407	5.197268133982706
good	5.090101744778783	4.9868601332304845	5.118051832412847
domestic	5.146292051628619	4.949587528867533	5.186308745661853
glory	5.156239610724107	5.0100381180693825	5.1884986662144845
lay	4.992269662846103	4.90208839152933	4.956342451771008
occasion	5.071961954877193	5.049776160901042	5.205831656245406
guard	4.906667450413581	5.11286070993541	5.087919273606401
whole	5.068840211133047	4.951144060896802	5.1456760777341035
mouth	4.975222131157504	4.875259664784739	4.851944770604264
receive	5.140328878790409	4.978799044558278	5.21877348938521
take	5.008725743015366	4.973549319148046	5.055770609791885
simple	5.165290253299751	4.895040814965894	5.144381646588038
error	4.979263032240305	5.095702791991256	5.254134516716509
wisdom	5.100804816688173	5.076493910955063	5.274176611284511
rock	4.967193950302554	4.893443131779509	4.905227587537031
decide	5.067647076189905	5.0685039133883905	5.297994367524717
exclaim	4.909345400840291	5.057074086234926	4.900384447019239
assure	5.067733400755594	5.062535275442396	5.16081891719579
sign	5.0414685069312455	4.977650544168664	5.116446955357242
preserve	5.122446381767274	4.926159350929238	5.165079674522835
commerce	5.135049499326037	4.965747450311913	5.273468411650867
plant	5.10806576899385	4.794465511809468	4.999351916487658
walk	5.120531742444148	4.8571745888259255	4.916946833303155
difference	5.087408480367099	4.948842524921463	5.2027121408145085
hang	4.949164617586658	4.888470538481925	4.8283940749126355
following	5.24421439501204	4.867636884999186	5.233233996162194
employ	5.127951443177693	4.9196222904839075	5.194368393381264
