deal	5.0464377078953815	5.014959441748989	5.117857674643737
study	5.282557575817623	4.911263845675275	5.259541080932826
afford	5.183944754806862	4.949602059402513	5.231796357918136
service	5.184071679277181	5.0231934897832105	5.302709689173487
height	5.078979402060462	4.882754629342315	5.052554301394103
prospect	5.162571881397546	4.997844219147631	5.179812313237629
pleasant	5.244746654835734	4.8446326975685805	4.987290938862547
shade	5.138573251273071	4.853797961822294	4.959694306345891
listen	5.026957396853042	5.078730439910198	5.048364201375059
mighty	5.007346881168362	5.046496023612652	5.092257087126602
country	5.121172598790475	5.023258163735658	5.282738094079665
title	5.220045604885362	4.976014526515674	5.356622654737597
choose	5.143927247270743	4.955711173074639	5.2194399917225445
village	5.151466295892418	4.909424725804325	5.087659973078919
acquire	5.221258075689309	4.9789122926592135	5.31319535756681
rank	5.135212669375703	5.069233634637562	5.287927511184716
bow	5.06021424330532	4.975939162692462	4.997401241485885
doctor	5.0112611487309735	4.9908839844831245	5.01624684677288
talent	5.249183859621562	5.026552094858374	5.335992492339395
source	5.174701489957733	4.979410607178458	5.265345242007905
lead	5.05857687684946	5.0379265196064775	5.163818041947499
question	5.0583534890824975	5.050454071865747	5.277286758196205
publish	5.237421914822996	4.943735657438265	5.346956475074639
interest	5.151891464631807	5.0460309496294595	5.307903091686066
serve	5.058256156635378	4.97366750653518	5.108827523111076
divine	5.1362355582423564	5.026390717740103	5.26105198073978
put	4.9625343066070124	4.937644171505295	4.961315087840128
shadow	5.054856184739016	4.932387017243284	5.000044904434799
practical	5.1834099069303585	4.983401131105903	5.3388881932115835
surface	5.074975506560074	4.813450307205344	4.966979737532353
account	5.100442215871284	4.9891107684282066	5.21091600462844
loss	4.947103254776111	5.104513952030091	5.144151162196695
indian	4.975281389885702	5.042710048234543	5.134441520962946
vine	5.145878894577143	4.792438290263839	5.015731402459954
certain	5.04900996824164	5.034461722272301	5.218776004682691
sin	4.86716709302241	5.14116097889531	5.1037162506724085
necessity	5.007419598384681	5.087097113928114	5.271302567585363
lose	4.9858575309218045	5.0683025215374835	5.070571200731741
private	5.102219995740447	5.0653112280373715	5.29689382019026
gentleman	5.153180673634741	4.963563008893347	5.132183002619747
daughter	5.04895842053863	5.060538280466572	5.089755954908136
drive	4.844169994017205	5.10665784960135	4.975367337699334
strange	4.966455906384413	5.057576802123699	4.978726414693104
journey	5.146433454386074	4.9414441328451915	5.067145641322209
uncle	5.114270672452737	4.941260630186358	5.025715360118513
species	5.0546450203267455	4.949205202604788	5.144168769838248
think	5.0357011458614425	5.037075081854044	5.081170871570034
bed	5.00370519563913	4.845346464982085	4.828366261338663
wind	4.947420994882006	4.967029821867096	4.898094573882164
bless	5.087071694405096	4.975638004528304	5.027387229508838
destroy	4.883745170113817	5.110390922841165	5.1268349349789215
author	5.216471031767726	4.994620055800008	5.303026325507586
sustain	5.046847826706309	5.065837014637776	5.266796649754795
black	4.964234495417361	4.876745023703365	4.859929535957572
event	5.08437291074276	5.095259951414039	5.282787008823596
liberty	5.075690666774966	5.124371855238759	5.3332830336129025
negro	4.94601138301918	4.973902986684265	4.993669284038768
little	5.111479248510642	4.905920009179901	5.0146617208610715
fortune	5.088452029564115	5.084854722314696	5.183236306100914
touch	5.053558863766563	4.988108370922687	5.025432616707004
kill	4.779158346286135	5.102572120360263	4.917721479505676
feature	5.113273400927194	4.960822120639301	5.103264860316041
happiness	5.126094582732834	5.081528068967715	5.241758374530502
assume	5.08067889282517	5.039378753044416	5.221273678485301
notion	5.077382546609506	4.994117871968528	5.1628051372412544
purchase	5.166565558242253	4.886183655415175	5.169503622442051
faithful	5.136167909823953	5.072762276124434	5.250850307989771
soldier	4.920103308558531	5.172981640339344	5.110657367518938
father	4.9912709943234415	5.072106835349133	5.07735139641526
narrow	5.012474736550657	4.912325212573197	5.015984419737464
great	5.118565712644795	5.0176382524572345	5.24994272064885
tear	4.913451528437551	5.025949303927624	4.898295794380969
honorable	5.13531185997132	5.123328868305434	5.374788060393585
previous	5.103082696609496	4.977171995652653	5.212358717186203
good	5.0984919388549415	5.001761113058413	5.135260558393506
domestic	5.15496090224459	4.966085064438662	5.202378933165217
glory	5.163760280022967	5.025592391759112	5.19876550389325
lay	5.002335279723362	4.920316806472371	4.972612445140955
occasion	5.0755233245597555	5.064197606117789	5.220387429021754
guard	4.913322507750181	5.126975755935542	5.103823310429796
whole	5.072404700857305	4.967401454780301	5.158405379745516
mouth	4.982784115330842	4.893588202829991	4.864876425977435
receive	5.144676543405594	4.990025753715673	5.234378859842817
take	5.014123996588482	4.988303989975387	5.073131085119607
simple	5.175088662401819	4.90912097521409	5.156687923358034
error	4.980880522458979	5.109542619103278	5.267314478633108
wisdom	5.106886146464813	5.09093708472484	5.286216463312473
rock	4.975658749435789	4.9092506017105135	4.91570125313177
decide	5.067991502996063	5.081650981765396	5.312619654695232
exclaim	4.918219797756865	5.075058077650352	4.91799178842399
assure	5.0735905309908444	5.074898334499092	5.176096466402078
sign	5.044125209882437	4.990512690376021	5.129303508487204
preserve	5.130125132119242	4.941064329342693	5.178543701774651
commerce	5.137034243615291	4.980852613396176	5.286134715075949
plant	5.121813355679144	4.808189614648949	5.012702259657349
walk	5.135332779011133	4.869877010627559	4.931339156810684
difference	5.087488321124097	4.962618081556308	5.214087993048392
hang	4.959886385157634	4.906536340724342	4.842155779665832
following	5.246435499200913	4.8752178755463795	5.244273431806003
employ	5.13416692143982	4.93267306975303	5.208412612433712
