deal	5.0415873875605675	5.006224997966861	5.112074341817793
study	5.271276201989378	4.9039476487896705	5.251849006593331
afford	5.175877778117828	4.941014416942808	5.22311435154582
service	5.176002448882983	5.018510260967642	5.2928392131893025
height	5.068755621355869	4.871465026733227	5.048328525286219
prospect	5.152485887997714	4.990038955987661	5.170705684387916
pleasant	5.235507077222251	4.8404701913402395	4.983256200701421
shade	5.128175135535747	4.845206353941101	4.957999603622545
listen	5.015180046068093	5.070734678276087	5.041243863091552
mighty	5.002017161944279	5.03367062744391	5.087989344814821
country	5.116348143267497	5.013804322943225	5.275820575731113
title	5.218539938330313	4.970716396910013	5.352846402711833
choose	5.139948215307813	4.949751026645753	5.211191662359354
village	5.149792671433497	4.904487552292007	5.082675213386244
acquire	5.210337067130837	4.968961411638269	5.304043677621824
rank	5.124852801688488	5.060920660854185	5.280461217612051
bow	5.045875995825811	4.968099355536364	4.993115847374944
doctor	5.000207129374072	4.98465102497805	5.0068317172911305
talent	5.237720755654457	5.016694064872815	5.326922549734156
source	5.1663860905288574	4.969005061687882	5.257978107709565
lead	5.049289384804996	5.029209513683524	5.156163958199989
question	5.050751307050845	5.040083661880385	5.265407410684229
publish	5.2359546917185265	4.938884031269189	5.342027635914139
interest	5.1431858815587335	5.0361103499050595	5.298416951332368
serve	5.051916751284131	4.967514019699409	5.102678893778068
divine	5.12564511821621	5.016185279772371	5.254252579644115
put	4.957445542304938	4.928944879040669	4.954417279722731
shadow	5.045891034673913	4.921968510620403	4.996621407964544
practical	5.17316477544456	4.971730576826916	5.328300174953932
surface	5.06588492764285	4.800333467919307	4.961355744107056
account	5.096385470778956	4.981942263996071	5.203915700960182
loss	4.941735241948349	5.0938889278398385	5.135706907680616
indian	4.972825274496975	5.034017953849778	5.126330691943787
vine	5.1375847775262145	4.78143497247109	5.009187272530848
certain	5.042282305364522	5.023025294130301	5.210449936714281
sin	4.862801467658675	5.128125577957015	5.097413584799636
necessity	4.9990957777024745	5.073589768495287	5.258530639648713
lose	4.978516554802125	5.058863902884719	5.065201571873989
private	5.096736919203956	5.05781516627977	5.288137980244191
gentleman	5.144423295599936	4.960205024409694	5.124216496298546
daughter	5.039887932526477	5.058226536006836	5.0852793896687825
drive	4.841690242388523	5.09508067378321	4.970666625907948
strange	4.9599582806585865	5.049304585745045	4.9764160736062975
journey	5.1403955666080146	4.9392812154971555	5.060878476702754
uncle	5.107654488686096	4.93934340362988	5.019042286541196
species	5.052212175825074	4.9348997505597625	5.139170593904543
think	5.027885935831149	5.029140116961217	5.073887275689328
bed	4.997735560807207	4.839199466981846	4.824475721491798
wind	4.93861815067431	4.954453613337474	4.893062374989387
bless	5.080382294678871	4.97041828417068	5.023957662220623
destroy	4.881427602103733	5.096751714966094	5.120304291694074
author	5.210399136605178	4.987668414634335	5.298702861155708
sustain	5.036773552014781	5.0530834614366995	5.256404965728223
black	4.9582289972557785	4.869623251545791	4.858789122680745
event	5.076253604452784	5.0862487066475435	5.27393081315043
liberty	5.067801753193553	5.112289542320487	5.323705979865839
negro	4.944781038696961	4.964528928386267	4.986359232147524
little	5.103100568361131	4.899412504012257	5.008818768811086
fortune	5.0805876816958975	5.078632790409528	5.177464579104417
touch	5.041048463858656	4.978376189042856	5.020251103987757
kill	4.780947897025995	5.092906336973233	4.912304615473598
feature	5.098456432343099	4.951375897394427	5.098061581703671
happiness	5.114530782241444	5.071319382442319	5.232494519877955
assume	5.069263362566426	5.029641166651757	5.212215136191323
notion	5.071392987646277	4.982450168783636	5.155531695827621
purchase	5.168292925444782	4.881879658394203	5.164174511521624
faithful	5.125016252275165	5.068285252090791	5.242378333588926
soldier	4.912759195567375	5.163595862839622	5.1027196901991285
father	4.984074063912264	5.067532788591301	5.071392566879576
narrow	5.00488013828798	4.900676664022859	5.010737358103993
great	5.111257760216434	5.008514177314063	5.243450474836663
tear	4.9040420474409325	5.016475332223425	4.894402753970683
honorable	5.125898487258333	5.116412929957336	5.36376177751131
previous	5.094940729123628	4.969722260027541	5.201858389727939
good	5.09082861483541	4.995703179584856	5.127662865092371
domestic	5.146047157966627	4.957139539623224	5.19442615217734
glory	5.1564032252440795	5.01722119149276	5.1963967098446275
lay	4.995585173330138	4.9122868412163125	4.968491870485499
occasion	5.06643338147254	5.054879082915123	5.209765271646223
guard	4.905701581093458	5.1177097670329355	5.09461822367924
whole	5.066477363539549	4.957332069680169	5.15174428470607
mouth	4.973515091558349	4.884936696650773	4.860221087286748
receive	5.13791987770752	4.984720276332798	5.226120832338749
take	5.007894826049473	4.981344634875662	5.065257473857795
simple	5.165515959814095	4.899057961868871	5.151435590319723
error	4.973865710445326	5.096373374323312	5.258356499028168
wisdom	5.095587439338551	5.080490406775995	5.27790272136501
rock	4.969790363864603	4.898097496159429	4.912018345038397
decide	5.059295054332963	5.070191327020993	5.299086079808738
exclaim	4.908010671095788	5.067637084059235	4.912716716436221
assure	5.06393836018152	5.068113755433934	5.1661683317371105
sign	5.036226243137917	4.983236792974056	5.122631219636949
preserve	5.1208831010336935	4.933303008418671	5.172712660409845
commerce	5.1312275246076124	4.970549490510452	5.276712631562061
plant	5.114582972234283	4.7965331184538424	5.00718256488828
walk	5.126483966132286	4.865121915726792	4.927817108682277
difference	5.081399008094452	4.950950024273512	5.206887718919716
hang	4.953939344704177	4.89818968661381	4.8423891342677
following	5.240173204082402	4.8705505653503725	5.237240498458594
employ	5.1275767335404785	4.9228833135539265	5.200142318011206
