deal	5.0301505078339535	5.004226139724842	5.1043688033812895
study	5.2615904929141895	4.9055313013839505	5.248716050871894
afford	5.165217192245329	4.940239334241227	5.216645627239235
service	5.169579057293328	5.016146698618679	5.285856620689744
height	5.068034531240202	4.8666869083626985	5.040504315867332
prospect	5.144628868984329	4.986164304551124	5.162946148127751
pleasant	5.2228531773692675	4.833495582934235	4.974754579717985
shade	5.119333330845278	4.840147632278951	4.949464690212374
listen	5.010162894018312	5.065380149184445	5.034578515379412
mighty	4.994062989536828	5.028543314347665	5.076743460297743
country	5.105417548832791	5.012995825272384	5.266199958027579
title	5.208638370106066	4.969554527423581	5.342724702783586
choose	5.130867542471794	4.949050849130259	5.20372069385949
village	5.139438610717444	4.897880458538726	5.073773594111105
acquire	5.202152294319963	4.972002942778477	5.299397608579593
rank	5.120139797518201	5.060098254613152	5.272108098823392
bow	5.046035537482098	4.963835052362235	4.9872124067399355
doctor	4.9933266154856994	4.982207861466071	5.003980869163191
talent	5.230767674562926	5.020229296041052	5.3239217241428545
source	5.1553250799026245	4.969066697632787	5.250533030911644
lead	5.041152652185941	5.025998785557518	5.147047703614846
question	5.041181480017633	5.041123204124245	5.258510042498508
publish	5.225139024503186	4.937714646192789	5.335472803785811
interest	5.136407749112413	5.037541922616352	5.293352110286292
serve	5.040847709942638	4.9619764647267575	5.090807592512547
divine	5.117093738910774	5.017087309783626	5.247478942930617
put	4.9473172095857985	4.9237658825587	4.945122946114667
shadow	5.038768866682277	4.917253169060071	4.987793033086705
practical	5.162287617924338	4.9759563242719445	5.3238551490711
surface	5.0591609606551415	4.798010686272134	4.95579359632945
account	5.085674758617696	4.979697201101835	5.197006444831659
loss	4.936430439034906	5.090744828316815	5.1278486706692625
indian	4.962733862488617	5.0281844863130845	5.11481394817647
vine	5.127870089591489	4.782249571021598	5.00484335418403
certain	5.03161108124729	5.023860228426967	5.2028735171668705
sin	4.851758083829097	5.127211761289104	5.086670450229249
necessity	4.989955383485851	5.075905191000362	5.251702532422325
lose	4.970147319283359	5.054191195521435	5.05477380858033
private	5.088748699391441	5.056510152446983	5.280460057637786
gentleman	5.137112525403231	4.957252515518067	5.119127096312555
daughter	5.03440324170955	5.053323519391776	5.074816188335971
drive	4.831404030140747	5.088285310015741	4.95654101799202
strange	4.949010849864061	5.04207394494347	4.964288550634932
journey	5.133071825664395	4.928501567206873	5.0522901883473015
uncle	5.101279138842166	4.93492815375521	5.015287303992682
species	5.0403381200259085	4.9359883343998705	5.132296295972257
think	5.018282569411454	5.026670809418931	5.066840457386648
bed	4.9879692460431695	4.831133315601008	4.815451979790321
wind	4.929798073785236	4.947587396580374	4.882218856597798
bless	5.070032453091461	4.964464235063404	5.012375250782138
destroy	4.867625165584676	5.095253902808663	5.107712382719102
author	5.198642684065184	4.987434678049219	5.291783592485034
sustain	5.031691829552261	5.054979161306821	5.250561286126892
black	4.9517755295363886	4.862106912030943	4.849419365866022
event	5.069473258175389	5.083699282339395	5.266317164160936
liberty	5.057578586219874	5.114339535342144	5.313278321120108
negro	4.93502127936315	4.96010352531535	4.978560769906358
little	5.093899617904272	4.89566747660468	5.002105688783694
fortune	5.073412357225518	5.074554628135217	5.1672993132993525
touch	5.036078231527998	4.97511864653792	5.013922635659805
kill	4.770062744702933	5.084282970630746	4.898450508533678
feature	5.09737425665957	4.949624009373024	5.093966595195727
happiness	5.104722168621888	5.071713227374545	5.223806000794779
assume	5.063584266507294	5.0298419390259355	5.206473745025599
notion	5.058260614534918	4.986119811737252	5.150595208242755
purchase	5.1558143865638435	4.877801386889085	5.154307654020182
faithful	5.1198361409518	5.065491889073616	5.235238796307722
soldier	4.908323133469708	5.156425466537905	5.091010820498316
father	4.97784500570949	5.062723805351357	5.061403034823944
narrow	4.997892969876112	4.895708872814569	5.000764018904266
great	5.102623661617766	5.006553864215051	5.2346433410443165
tear	4.897864926633876	5.0098256044610485	4.883684138634341
honorable	5.11986878566668	5.1172033420908125	5.35701957688642
previous	5.086824798074634	4.967923713973375	5.196074336951842
good	5.078190588181328	4.992752874763578	5.118349925982582
domestic	5.131678599631818	4.957597125621129	5.185440193615389
glory	5.149203780774017	5.012140873559883	5.1849722998018395
lay	4.98732267114701	4.904961364769716	4.957057726829754
occasion	5.057670553901569	5.053245304702425	5.203566519321743
guard	4.899131332417681	5.112897267277754	5.08370703161781
whole	5.057769555030328	4.953537084536591	5.142379578607677
mouth	4.970906135621904	4.876441072708019	4.854103680168534
receive	5.130262045879153	4.982995859305135	5.219679181649724
take	4.998239257549101	4.9771688879936695	5.056242531621196
simple	5.154667140087156	4.900214629614072	5.145931930582284
error	4.964630319990701	5.0987472393014155	5.2514801733929914
wisdom	5.0875571872211784	5.081228271305782	5.270897364144802
rock	4.9635812911893025	4.889612313908162	4.901303176243206
decide	5.052085843804977	5.072852327849747	5.294035951155554
exclaim	4.905768824780354	5.06017974802168	4.905074218582998
assure	5.05740060837299	5.065760547643933	5.16026774490764
sign	5.030948590736741	4.979503897373756	5.116090772048014
preserve	5.110322695510035	4.931675500686915	5.16374059911103
commerce	5.118824823480819	4.96938960847014	5.2665814208397075
plant	5.102393251181367	4.796876957685074	5.000596809885226
walk	5.119210205590816	4.857536855623958	4.92057229067169
difference	5.070018770371719	4.952362918140775	5.19771609923887
hang	4.9470574500648326	4.890912699622552	4.831856830676834
following	5.2297311798459365	4.869162148158461	5.232814046756454
employ	5.11904523386794	4.922443199688776	5.194910734835629
