deal	5.03768793325815	5.008414534832434	5.102323633575322
study	5.275684455546636	4.906606331709271	5.249457434966091
afford	5.177479424612602	4.941375065765127	5.217641115888502
service	5.179292356072584	5.011915457180282	5.283831286579461
height	5.0758940910123025	4.869857654842343	5.045281168350617
prospect	5.155895563373622	4.985653838971742	5.1626414314728395
pleasant	5.238204684569288	4.833773618494836	4.972938964330802
shade	5.135627197304299	4.839424345955825	4.951291110932684
listen	5.021170496992195	5.065098652903557	5.033482387834929
mighty	5.0052208026215785	5.0296721143345495	5.0792068151773835
country	5.115926376836895	5.011990631079354	5.266949239153014
title	5.218154549778344	4.968080528435452	5.343768949294411
choose	5.139176408548336	4.947071612856449	5.204622130884939
village	5.146529855139772	4.898632922073153	5.070714210668158
acquire	5.213943489001465	4.97008485028798	5.298843790175974
rank	5.131674644041798	5.05481682797701	5.272179653170804
bow	5.054169086668221	4.961454904913615	4.98308300753998
doctor	4.997112605866054	4.9878416469206925	4.99799126805258
talent	5.242953818192612	5.01685884390032	5.322309635859374
source	5.169145003371891	4.971467911752452	5.25337477711992
lead	5.05363859489517	5.026205748068612	5.150404928411719
question	5.050484769345263	5.044739108672152	5.26217587254415
publish	5.232202673804476	4.941688894632038	5.3370060173368525
interest	5.144370774678777	5.037572647345994	5.292462681476137
serve	5.051851067940619	4.964497825816766	5.093601099419993
divine	5.133228287743441	5.016666350017027	5.251795203817743
put	4.952697322343719	4.931709960461947	4.944716370007418
shadow	5.052810692365869	4.918574891605059	4.991547500680065
practical	5.176062387820601	4.978541307774278	5.327901982205116
surface	5.06881816273201	4.8040005783803545	4.95815863127424
account	5.090929227737116	4.986039559981996	5.19629579032045
loss	4.93519184635938	5.093766703450677	5.123076054886293
indian	4.969672197264569	5.030008165166019	5.113715654485399
vine	5.1373549604522095	4.783564805921945	5.005239802659445
certain	5.041743735096758	5.026937312369239	5.205198912011764
sin	4.860907303844208	5.128190708954524	5.089147367608263
necessity	4.999294363408784	5.077546416094846	5.25430489246391
lose	4.977562408245011	5.056896413821191	5.054254616761405
private	5.097126481334829	5.056222752655115	5.281321828348767
gentleman	5.144874219811325	4.956586197407227	5.114383764742564
daughter	5.039514553601654	5.047529329208611	5.069674717875697
drive	4.837158631764066	5.091151672987203	4.956016606006483
strange	4.959849245132477	5.045343777647192	4.964787140989939
journey	5.139718674887317	4.931996323527809	5.0499643446124205
uncle	5.103064640189042	4.937402888880634	5.007013141279949
species	5.047216044345795	4.940885375045658	5.131762329951631
think	5.026296898749606	5.029483279876639	5.0652600137780945
bed	4.99503561518067	4.835838462370736	4.813062833919203
wind	4.94147727698516	4.950572369817621	4.883778955754355
bless	5.08115511809296	4.963748705782364	5.011300543959906
destroy	4.876671853644737	5.095024074863762	5.110064806270585
author	5.210666552604022	4.989736010823281	5.2936447578922765
sustain	5.03935729946966	5.053850131145119	5.251844207724311
black	4.958285749898163	4.866989899106031	4.847693260813934
event	5.076171975418367	5.086599273395543	5.267833920302867
liberty	5.069723351001714	5.110114387040121	5.316437213292533
negro	4.936071424221158	4.965023608118763	4.972194256779719
little	5.102000590448622	4.898022786457315	4.998845828001496
fortune	5.079336077152	5.071988664183809	5.163887665714692
touch	5.047550766411245	4.976372482808765	5.013501751169596
kill	4.7686742832726665	5.089866803090764	4.895359178827401
feature	5.108774716893713	4.948354668945861	5.093372439754698
happiness	5.1176552523543455	5.069635846858794	5.224951917308387
assume	5.074479152676726	5.029050847883011	5.206606823967533
notion	5.067756956164764	4.991561037466589	5.150105678540126
purchase	5.1604343476541485	4.878699188162364	5.150400198175222
faithful	5.130685819161821	5.059729304504232	5.233783178525519
soldier	4.915821645461059	5.153610957949041	5.09038378532237
father	4.982559263555913	5.059611292940949	5.057017592497827
narrow	5.009855718222909	4.8983674761768565	5.005138534672643
great	5.112839563701619	5.008973340013281	5.23689411583169
tear	4.905146825845913	5.010451719484809	4.880935167496942
honorable	5.130034445777516	5.111143154161713	5.356423054495271
previous	5.093462157989109	4.971957693850437	5.196538202823137
good	5.090073475351126	4.993572855492378	5.117485227115053
domestic	5.146158616251997	4.956677850777751	5.185263657114623
glory	5.163438741218276	5.009439047454908	5.1872248887742245
lay	4.99692254249259	4.907510718471077	4.958362312588063
occasion	5.067222302199023	5.055413444143771	5.203317947510028
guard	4.908342306287002	5.110401503450557	5.085101101536573
whole	5.067007361448609	4.958401920724728	5.1456254893996265
mouth	4.976862769149575	4.882768641973291	4.851271119986464
receive	5.1369829910490985	4.983120787755157	5.217014599522663
take	5.005484220150768	4.981319693220848	5.0554742501574665
simple	5.16947281178848	4.901760127189855	5.147868892174745
error	4.973112084856577	5.1018876600252705	5.2556333003077365
wisdom	5.102924716722093	5.0784285400081774	5.274046075435868
rock	4.972764715284462	4.8929680257216335	4.904080722234187
decide	5.061023850694241	5.073457045170258	5.297186898800848
exclaim	4.90854106080863	5.063781574117228	4.899169017901838
assure	5.065326411458699	5.0660662555622125	5.158267046952296
sign	5.038586666306932	4.984140861502881	5.117252540020175
preserve	5.12315755144209	4.932965356672391	5.166173607997354
commerce	5.131226054468356	4.971329041550988	5.269569031596405
plant	5.114773994866832	4.797765043986199	5.002499159641834
walk	5.130759738026517	4.8594443129128635	4.9191981931798745
difference	5.079136522174752	4.957564452893198	5.200598292365043
hang	4.9553043586896885	4.893039205430889	4.830855348328004
following	5.239268881970245	4.874003643439896	5.233863108343654
employ	5.127557301302012	4.926147511045175	5.195086352851485
