deal	5.055803948986204	5.006595505829772	5.115047715377269
study	5.286823567250088	4.9081369642253945	5.258434817822723
afford	5.1944857847952575	4.9409992008026755	5.228375427625967
service	5.197212375347776	5.0126151146654845	5.294532718577704
height	5.091611771797569	4.8720561584587845	5.056522627851564
prospect	5.169456723828855	4.986679262527675	5.172520111569206
pleasant	5.244724650107186	4.8395396184771755	4.984278296048624
shade	5.143132444575909	4.846669842482819	4.9619388545395315
listen	5.029310651205128	5.069603401650087	5.041439521610803
mighty	5.021048699802446	5.030264790178299	5.087183505429635
country	5.1360437297780495	5.012180511257707	5.277275911111161
title	5.235492651439259	4.968841545934962	5.352948190387009
choose	5.157718317990439	4.947927542432554	5.214757471178292
village	5.162271151066769	4.9027395537376615	5.082835542879509
acquire	5.232600020091913	4.96996180351073	5.311115207379009
rank	5.151422466022774	5.055977178812397	5.284300283642742
bow	5.066587970035389	4.964170014843853	4.9955364325496525
doctor	5.013901127288571	4.986197130013076	5.0123556630442385
talent	5.259492867739987	5.018953580095275	5.334909560396542
source	5.185325427463691	4.9711535436560625	5.262429881967884
lead	5.06906450005752	5.026883266342726	5.158869514413853
question	5.068730268407018	5.0409708964762965	5.270000926406137
publish	5.247305796387943	4.943215786094889	5.343628911829469
interest	5.161064717730925	5.035507633048695	5.301677603273295
serve	5.071619719058965	4.964135516067833	5.105206804725073
divine	5.144737100640138	5.015976566051203	5.2562178636302415
put	4.975015833734355	4.928449494543493	4.960766625571926
shadow	5.060836671357373	4.922843165071135	4.999173777363397
practical	5.192300885585023	4.9770188902899095	5.336162394208243
surface	5.083925738258822	4.805262371313955	4.971976277544535
account	5.110901572327666	4.983457596257287	5.207372908030589
loss	4.9608081905037915	5.090119711167744	5.136913782206386
indian	4.994940737649679	5.032226531320567	5.128990930188428
vine	5.152437418615808	4.788159818793045	5.020421343576714
certain	5.062692582501096	5.024215605319679	5.215984336617727
sin	4.879120489857248	5.126593612872997	5.095096781393167
necessity	5.022869711468616	5.074052070875054	5.264739567996824
lose	4.99634948385816	5.05587186738941	5.066133835671273
private	5.114839366086528	5.0548911787103625	5.290384158389325
gentleman	5.15921541046924	4.9581678761755015	5.128610457028377
daughter	5.054370112461046	5.050730617270592	5.080390821747972
drive	4.859425431418442	5.091227201110754	4.968902133669881
strange	4.971345447517621	5.04791571194271	4.973392531382262
journey	5.15239643127199	4.936240360123349	5.060295117549565
uncle	5.1170634754078055	4.937912280264188	5.021510366040215
species	5.070095632548282	4.940836806997535	5.14789615227502
think	5.041378503422306	5.028540021898446	5.07559713994871
bed	5.007017944684063	4.838398532866289	4.825331798213785
wind	4.9546478873837625	4.955379992492587	4.896270673257752
bless	5.092423604972375	4.964850168030641	5.019519107284751
destroy	4.902965116079222	5.095105027342553	5.121779442235118
author	5.224025392116587	4.992017768127097	5.30132290110608
sustain	5.060086277217739	5.052132180247238	5.261341131210655
black	4.97522418358763	4.870150486835243	4.862546579534477
event	5.0939601112947415	5.085007812918635	5.274426834276185
liberty	5.090918181700459	5.110145530702559	5.324496648899486
negro	4.960384861813486	4.963699021037691	4.989101958624996
little	5.1174481885262155	4.898835239594693	5.01288294137065
fortune	5.0989831743086995	5.071828614616986	5.176148979370232
touch	5.057873602954707	4.978414281858314	5.0237537960035565
kill	4.796683722839687	5.089548607824036	4.909254013349271
feature	5.118116590687673	4.952085201134992	5.103770473898952
happiness	5.133200777024184	5.068207429217912	5.233127181402252
assume	5.091586727110257	5.0288743420326245	5.218715619540413
notion	5.086774218907728	4.988010694433574	5.16292701346226
purchase	5.180713892631166	4.878176603496891	5.16492184196099
faithful	5.143036734285669	5.062602623376421	5.240835916540027
soldier	4.936367429483026	5.1583376674238925	5.102643051734977
father	4.998093234801208	5.060605305198322	5.0660904909442825
narrow	5.024397931049176	4.899874053243238	5.015726625571598
great	5.131706477835617	5.006946879038404	5.2464737325353825
tear	4.919050502584976	5.013494431249743	4.89179244918012
honorable	5.148597636430825	5.11112706809846	5.365472597891768
previous	5.11202787013714	4.971090305501849	5.207178576197189
good	5.107456454508086	4.99254596966763	5.129898198362227
domestic	5.1632837597405405	4.957485494893393	5.198744754964839
glory	5.17652294625883	5.0134329128211785	5.195365690826922
lay	5.012321715539629	4.908467153786807	4.969250745098442
occasion	5.084597968886906	5.055664479389537	5.2145036986032
guard	4.927057462015226	5.113643769055883	5.095594234751627
whole	5.085568274543762	4.9561913223660214	5.155628558211072
mouth	4.991655498712315	4.885740465254944	4.86715796203921
receive	5.155693396207732	4.981841324600334	5.2287599714102955
take	5.025595092260247	4.979351461242431	5.069088379844052
simple	5.18072130687122	4.903255870754747	5.157865836034658
error	4.993291425999414	5.099316286398355	5.262205478146189
wisdom	5.117926330269636	5.079461442890402	5.281493347159133
rock	4.986517104241797	4.8972588557349255	4.9143101475208795
decide	5.079749055375897	5.071511650051609	5.305395430612882
exclaim	4.9234760271155285	5.063548179804391	4.91160819328195
assure	5.081923459030991	5.06545256694354	5.168968883167654
sign	5.054106005800658	4.982455397122467	5.1263062591197315
preserve	5.142617276555431	4.932828595100784	5.177852088713224
commerce	5.152026802904324	4.970951319217385	5.2823324240769445
plant	5.130917593666775	4.8019007300989625	5.016650172503069
walk	5.138057482060413	4.863795682220333	4.930202558543852
difference	5.100886316351006	4.953462548433337	5.213404581656323
hang	4.967205424256349	4.896519930026609	4.842753288594404
following	5.250530099075752	4.875755234428414	5.241973814243481
employ	5.148613895826977	4.925293026674928	5.209069713122409
