deal	5.051339559412703	5.013870698074872	5.110011887240691
study	5.277858051144769	4.9181117642862215	5.247557834547523
afford	5.183508894997233	4.950482600795264	5.218432471190741
service	5.187879700509617	5.019807283705208	5.283635783622668
height	5.080545769718829	4.875863479556236	5.045399477878363
prospect	5.159879438923492	4.998535278243911	5.166687933026556
pleasant	5.234991695617971	4.85114695585041	4.978089933181107
shade	5.128214336115984	4.855112386303324	4.953104277220409
listen	5.022320535156891	5.080124087526343	5.03832494656808
mighty	5.008927943559216	5.039270936247738	5.083030855444455
country	5.124667282582708	5.020328564542153	5.268351839561586
title	5.225279867742024	4.974691281828067	5.339478034072351
choose	5.146985646879836	4.955606411457381	5.2019972516755955
village	5.151073223387415	4.907866124182491	5.072337122994077
acquire	5.2210209890569885	4.980024872645038	5.300654776856216
rank	5.138537209653647	5.062184865780042	5.272487012619291
bow	5.058705979761853	4.969921212093587	4.988699138739448
doctor	5.009272897229512	4.993282085762327	5.00526045206617
talent	5.249648973104277	5.027295904985295	5.3240186007356405
source	5.172171224890536	4.983163602862638	5.254783045377713
lead	5.058313903305498	5.037112854466644	5.151588817715264
question	5.06096015599876	5.051452892986017	5.263214056902114
publish	5.240933247597945	4.947013980276553	5.33088473486256
interest	5.154853987808563	5.04507239003488	5.295049843247573
serve	5.059055942184534	4.972175081711064	5.094505375667488
divine	5.131305206906328	5.03034599526844	5.250855071108507
put	4.967323075959454	4.9335322910493336	4.951741235619492
shadow	5.048720378926999	4.932541332449938	4.9934641663349355
practical	5.183699901912755	4.986126763164611	5.32760135154801
surface	5.071772062601604	4.812580845770806	4.963934174888778
account	5.104973542988522	4.990305226803999	5.199431974134224
loss	4.952734701238294	5.099687489364918	5.1326853112884585
indian	4.979886946922667	5.036082093855323	5.118360311265908
vine	5.1405484057008355	4.795678575423249	5.008807682895174
certain	5.050807592611808	5.033775119270984	5.207707837619968
sin	4.865321850388891	5.141503667721023	5.093496838915919
necessity	5.011285029312543	5.083560146480936	5.257011783016053
lose	4.987042686496837	5.0662939757714955	5.061523776837304
private	5.107843079463967	5.0619964095670555	5.280631314860995
gentleman	5.154858132281958	4.962946558543848	5.1174349968640405
daughter	5.043159913633951	5.061822446465487	5.071299892244713
drive	4.851060463863579	5.096350004799113	4.965336678565571
strange	4.9611582953500735	5.058475998660417	4.970570992362424
journey	5.145139509792167	4.944277058739617	5.053296460544427
uncle	5.114870951059355	4.946682379805345	5.014042790844158
species	5.058839718522093	4.9448885734598	5.136845928536419
think	5.034732381538476	5.040590065065662	5.071407970591297
bed	4.998414357109449	4.845759924156468	4.819359594218084
wind	4.945552782458272	4.96209021550605	4.89412597608618
bless	5.081043504836736	4.979520762527247	5.015463187634654
destroy	4.8859034221508475	5.104102610119168	5.11403550730159
author	5.215750868980585	4.999856217708629	5.29146072765623
sustain	5.049391832925459	5.0613042427826285	5.254345238416092
black	4.964338191402756	4.869795394759468	4.852627121712832
event	5.085200487960177	5.096032299208093	5.269451259524563
liberty	5.077899772483792	5.120687503551123	5.316658796698383
negro	4.951082646674298	4.966130394831361	4.98030642432859
little	5.109387297659583	4.907331253427591	5.005175450375812
fortune	5.089699029244378	5.0823502919933965	5.169008354077652
touch	5.049018334885329	4.988825102305177	5.0190329751064295
kill	4.7855259958920895	5.096938253095349	4.905681271767097
feature	5.107275023571667	4.959472451537044	5.095874341323819
happiness	5.120444600744689	5.084493659255153	5.227547848082938
assume	5.081810460406084	5.0363845474836895	5.209952487017771
notion	5.0805375415900444	4.996472944750456	5.156102321873752
purchase	5.171307556989076	4.884750824228347	5.1515523989176275
faithful	5.133455153550705	5.0743408182064424	5.23400425697828
soldier	4.925683741811793	5.160995403891492	5.093992004317281
father	4.987884478228522	5.073702703487156	5.061448055150141
narrow	5.0127604442320965	4.906392758713947	5.007838287600676
great	5.122286307267483	5.015598775947524	5.239197418720006
tear	4.907091681984355	5.024265662548594	4.889210564364343
honorable	5.137897655428649	5.122048319268468	5.3564212871705585
previous	5.10379031823899	4.97835874855126	5.197847779712469
good	5.098354662993481	5.0039335475574775	5.123311723478103
domestic	5.151942147323148	4.966368385776559	5.188114167101614
glory	5.162195873118903	5.023769368180777	5.187619262308738
lay	5.002011440977235	4.915972539004784	4.96275009093524
occasion	5.077488973884833	5.06279588334999	5.207200979852231
guard	4.917404109208764	5.117873927127653	5.087320527678559
whole	5.0754855344615555	4.962899716016953	5.147198139335418
mouth	4.9834330006978265	4.8877720220000445	4.860489488675385
receive	5.1473862411972355	4.990447064201408	5.219306492591716
take	5.017329699220918	4.98673302987174	5.060697632704383
simple	5.17021729323957	4.9123634489422665	5.148505554913476
error	4.982606997867532	5.111439224363808	5.25790648825685
wisdom	5.105117740121615	5.0927426763819135	5.275799138641737
rock	4.974350323262157	4.903073163532909	4.908901573144233
decide	5.071461075002577	5.081143287093679	5.297603199460779
exclaim	4.918065611854398	5.071101750209654	4.9094350098067165
assure	5.075357073743608	5.076731540647613	5.1637260627443755
sign	5.045123501802722	4.990026670265222	5.118390301360215
preserve	5.128037850370044	4.942047131080558	5.166918706200807
commerce	5.141385460172466	4.976185281065218	5.270820300087531
plant	5.115258869195554	4.810058668591516	5.004474830423677
walk	5.131765667752185	4.871225174981991	4.923437052319035
difference	5.090527447483745	4.962150064449366	5.2043117122298685
hang	4.9586257222247845	4.901453100658935	4.837237608313525
following	5.245925047981591	4.881302155331973	5.231062478627247
employ	5.138518233615109	4.928369364143055	5.1958754391843565
