deal	5.053224097165427	5.009110186637006	5.102670673216255
study	5.284573408689068	4.911636023290631	5.245032139013336
afford	5.194181253152461	4.943363140929344	5.218401001153971
service	5.194477120428846	5.014754005574784	5.28283374537267
height	5.0911419534315465	4.873259103586259	5.045531800328401
prospect	5.172320215821244	4.989387070222421	5.166036273592345
pleasant	5.243644863076493	4.847149747454664	4.974452590084933
shade	5.1396224628514116	4.851996321226878	4.9495317797878515
listen	5.025915946179354	5.074846352008065	5.028147643873954
mighty	5.020333419080553	5.034513566734537	5.080027163168979
country	5.137724809714335	5.012858656122923	5.270793949125662
title	5.234915413184397	4.969479915393174	5.342104056584942
choose	5.154276378318734	4.949613714806282	5.202468592140634
village	5.1593370454786935	4.909738399200689	5.073169521171605
acquire	5.232812006726169	4.9706516468389905	5.300150109646378
rank	5.150963617989915	5.056445361881749	5.273052112036784
bow	5.062015757241061	4.967928389962163	4.980125580914233
doctor	5.006308218676347	4.990782491519838	4.993962701044915
talent	5.260226491920871	5.018191119349115	5.323058515594386
source	5.186739100700013	4.974120646552407	5.254256112081491
lead	5.068881679097992	5.030420394776798	5.149266318586829
question	5.066337878598153	5.042121829245054	5.259189734393827
publish	5.244269083210806	4.943730542714181	5.332738355493243
interest	5.164286998669231	5.036550807117019	5.294995394238376
serve	5.066472774143057	4.966557484824327	5.091532728325968
divine	5.143047143911923	5.020031469788456	5.245297050330345
put	4.9656897410104754	4.931018914986248	4.94226908337948
shadow	5.058520144319926	4.927091711603836	4.988078431941178
practical	5.192850041891203	4.9764572664683175	5.326372241890546
surface	5.079855476589473	4.807574976814899	4.958604856806884
account	5.108616698782364	4.986109083627207	5.196446584229191
loss	4.958816422651591	5.091863628044761	5.126743426026019
indian	4.988562506352819	5.035494467152927	5.1156299360841775
vine	5.146091089990641	4.7898325556672585	5.004709994048073
certain	5.060195800997078	5.0266098536815	5.204888631830886
sin	4.871903236074937	5.131635083082323	5.082192276133515
necessity	5.020009810835098	5.074445032762733	5.254109278785178
lose	4.994609841610384	5.060505123682527	5.056452089378966
private	5.115466717764052	5.055969740358921	5.281898948132678
gentleman	5.156844558888948	4.960394768095051	5.112821639635602
daughter	5.050757364173558	5.0568460606387715	5.06739590463829
drive	4.857195676429008	5.0948447440804445	4.960134866991584
strange	4.968985502906824	5.054995665190533	4.963593212297652
journey	5.150419993011817	4.942684656484962	5.051234910404143
uncle	5.111511927035781	4.943415980201309	5.0057481006366835
species	5.068173258426232	4.941131251602237	5.135399170343339
think	5.037680397589053	5.033252143753239	5.063321329709335
bed	4.9994026263733335	4.845901184421028	4.811007105975831
wind	4.952111407316307	4.9595350673857626	4.886412276467421
bless	5.086267463053838	4.973328623791443	5.006912846946294
destroy	4.898234028724954	5.096582454504402	5.111075520815402
author	5.222581818391353	4.993786583550867	5.289552560026774
sustain	5.059296987590729	5.050506681883156	5.251320087451073
black	4.966090130629693	4.874686572310886	4.8457461752516435
event	5.094404210789449	5.087774143110249	5.26806129167158
liberty	5.089473046831031	5.110894795255546	5.316952630589902
negro	4.952278931674023	4.970495778452786	4.974007869654389
little	5.1141587943160065	4.903138106236477	4.998972820448451
fortune	5.1005774345407	5.074328309699616	5.167735193189489
touch	5.054443548203577	4.982533595189825	5.009040620557375
kill	4.785303660874194	5.096093676709064	4.895377134371166
feature	5.118277576004969	4.952665574482592	5.090796163060112
happiness	5.134004328777196	5.072734669612433	5.225714768773666
assume	5.091046677408958	5.0282320682786965	5.2059284906393035
notion	5.083170139293858	4.990437429171926	5.149512251443298
purchase	5.178122696746586	4.881644882893796	5.152946448697994
faithful	5.141502125558122	5.066093919016479	5.229616147029904
soldier	4.93214000442522	5.1598895852833095	5.0909539617864805
father	4.992820135411621	5.066350194656972	5.052501233639163
narrow	5.024547839783018	4.90313153071748	5.006018778816424
great	5.133400784689904	5.008081686976328	5.238443437103644
tear	4.911761575960112	5.018653906897461	4.877972954977863
honorable	5.148458359965811	5.110588822414809	5.355972976465829
previous	5.109036956009	4.9726636329153795	5.195027276639013
good	5.104319865753406	4.996275027031293	5.117093556726787
domestic	5.16400250516767	4.959130405225413	5.188448123080533
glory	5.177658875702409	5.015846126293116	5.188227245418584
lay	5.007148457236533	4.9121717920301595	4.955859803166103
occasion	5.083755593998728	5.05635128785939	5.203151025866491
guard	4.922048263256031	5.116165984908577	5.083022041824604
whole	5.084664784685045	4.957998597873813	5.145897932184538
mouth	4.984855124728305	4.889398989004371	4.850336669864646
receive	5.153400659994477	4.9836748698747915	5.216080123754477
take	5.01916921340429	4.982956149117963	5.053764796482441
simple	5.179176931127524	4.905296798795545	5.143510995988201
error	4.989599619559787	5.099695214600479	5.251695382021857
wisdom	5.118430413416961	5.080198450099339	5.271281559495389
rock	4.9825946990443635	4.902499221354586	4.904352220237453
decide	5.077197769364601	5.0709767911135755	5.294448372144488
exclaim	4.916481962834923	5.07011208432687	4.896289852654268
assure	5.0789889362194	5.069032960947491	5.157106068136494
sign	5.048873780222493	4.98590760709006	5.111516845917554
preserve	5.138474971466036	4.933828944756011	5.16433182826391
commerce	5.154231872589645	4.969894826982735	5.275307383995923
plant	5.124098309825126	4.804947582686951	5.0009945731689704
walk	5.13445293610615	4.87190421122271	4.9177004866909755
difference	5.100099007867628	4.954554975034835	5.202501028771125
hang	4.960759521998393	4.901772553947104	4.828693114439494
following	5.247488479170467	4.876812445902831	5.227539927215416
employ	5.145399898618432	4.926628683941505	5.196015555392584
