deal	5.045760487763423	5.012722632826788	5.117511148094743
study	5.280120298180916	4.914600829329308	5.258570316990008
afford	5.178051655772756	4.9514672343009964	5.226598595683423
service	5.18574210801801	5.0218278798886145	5.297380893600599
height	5.071090059236377	4.87950101719258	5.052974910638154
prospect	5.159622322515568	4.997605283767606	5.175599385842378
pleasant	5.2389719140658135	4.8466861575764355	4.987420693767058
shade	5.13050991324156	4.85467228508297	4.963749629795849
listen	5.027816542441283	5.075068612146531	5.0493784034167
mighty	5.009744967968767	5.039370516127575	5.09393895648521
country	5.121163895097605	5.021271416085065	5.2787872026621345
title	5.222874618651695	4.976997769674349	5.352104110069234
choose	5.144616143462158	4.95513978941046	5.213415920667078
village	5.146237516540134	4.910116296956346	5.080906893769043
acquire	5.218923854937755	4.979871921892723	5.310187893723204
rank	5.135226493027744	5.066829216289661	5.286628742818794
bow	5.056482909366952	4.971654820434549	5.000369589934807
doctor	5.007642961951392	4.988287214638919	5.012934910388335
talent	5.248544392240521	5.02829808319681	5.335850302449008
source	5.173419216124068	4.979236847042639	5.262080673709439
lead	5.056192425892044	5.036150575414642	5.160821929579331
question	5.058774650917623	5.047315871264592	5.269663343946515
publish	5.239666119889275	4.946130812477225	5.342254698034349
interest	5.151399159201	5.044304825129682	5.303516641326928
serve	5.05663684537844	4.97167749695952	5.106552021881381
divine	5.139599317850124	5.024874518856047	5.262512165235187
put	4.958017024000878	4.933227409200798	4.957456461251408
shadow	5.05112916732183	4.930755976252611	5.002587474044919
practical	5.1813265921445035	4.983779680448687	5.334905128514985
surface	5.064189603748174	4.812245489324186	4.9667741992358145
account	5.097473884488761	4.989269614257799	5.205329596704461
loss	4.945869390384673	5.098450811833349	5.139354260900226
indian	4.973588561970804	5.03887943799644	5.126741538441256
vine	5.133740480126662	4.794670508995691	5.014897080715989
certain	5.046866082851444	5.0327086897186515	5.214832924828221
sin	4.8726556216481365	5.133596683515798	5.104382557775159
necessity	5.00582980001562	5.082501267454282	5.263522832911278
lose	4.985054427899491	5.063909976358363	5.070661841606192
private	5.103298597052968	5.063148178923066	5.291196221469324
gentleman	5.148826040558763	4.964557251704216	5.127512778258157
daughter	5.048022599984614	5.058559108726393	5.087778620395457
drive	4.842129809230147	5.0982499810851385	4.972110607845508
strange	4.965082889778761	5.05459460386595	4.981426663513919
journey	5.143197696969233	4.942912145219005	5.061816568490651
uncle	5.1139192209454745	4.94119766263647	5.022293474479472
species	5.047968489439433	4.946527533408008	5.141862658253696
think	5.036535582098024	5.03467603015661	5.080774144299424
bed	4.995246203652813	4.842681330487847	4.824791908031778
wind	4.940947785790483	4.960700629165764	4.8987579756059185
bless	5.090077234519579	4.971348137863817	5.028364779463813
destroy	4.883019454454219	5.1045277127185225	5.124909780488323
author	5.216812457214055	4.9972023929803875	5.302704209753703
sustain	5.045693246904558	5.062058557746952	5.263314705706674
black	4.955917065354834	4.8746270619592025	4.861525730562915
event	5.085766793409013	5.093031393491291	5.2783729859471356
liberty	5.080150290336475	5.11807785406631	5.328648307156148
negro	4.939815507429455	4.969657915316536	4.985070160767949
little	5.10536647270509	4.905987811648859	5.01271141347414
fortune	5.087442222341644	5.083421326254129	5.181645271311643
touch	5.0507187778983385	4.984813706571533	5.027991927722095
kill	4.78097199657862	5.093125188101594	4.914065650054034
feature	5.1084561998427365	4.961198103369216	5.106662256179322
happiness	5.1266732372827235	5.078586618388309	5.239627457739066
assume	5.078312615568876	5.038300737627362	5.219233121569714
notion	5.076160756783418	4.993204966169637	5.161358641860281
purchase	5.16238238806001	4.886809282126122	5.160149917879582
faithful	5.139769467926723	5.071745495178227	5.249218230997257
soldier	4.921541540849321	5.1648785844294425	5.108701704750481
father	4.993334551818037	5.06866022995325	5.074621197549673
narrow	5.004519764209023	4.909162421701664	5.012921313141271
great	5.117961175103219	5.0158901764826505	5.248191082159758
tear	4.91264145627373	5.018254656121998	4.899883391685873
honorable	5.138602216488133	5.122364029386713	5.370578087842298
previous	5.099398107414898	4.977399670073892	5.204455238450182
good	5.09752853851683	5.000386623993679	5.132797448602197
domestic	5.149680796453122	4.965375463142468	5.198709613476729
glory	5.169441175360994	5.02294624319927	5.204121026145606
lay	4.99697905196103	4.916624960156042	4.970353260128711
occasion	5.073347343821068	5.061985891203686	5.214855021821919
guard	4.911098660060357	5.12069711200473	5.0985907911850905
whole	5.068990302710622	4.964395103090557	5.154571722916113
mouth	4.976308755822005	4.889214320418639	4.864658435740535
receive	5.1432165994351475	4.9899546650508215	5.228510538676393
take	5.011160415010821	4.985346123847888	5.067458778715927
simple	5.170174851540792	4.910680816082823	5.157881634875578
error	4.982619816176777	5.106022287151689	5.2647312644433875
wisdom	5.1105967349223524	5.0894312259184895	5.288103617623063
rock	4.969016807380242	4.904060608572609	4.914544526575338
decide	5.068626172408963	5.078941797763149	5.3045763900176786
exclaim	4.916294328285317	5.068381078679773	4.917782380552628
assure	5.074152497671378	5.073334592686702	5.172650785013222
sign	5.043744020076497	4.988445719276609	5.126877908281039
preserve	5.127308795292044	4.941726367023477	5.178564386237715
commerce	5.132890335837223	4.97809690450763	5.2789531406915176
plant	5.110683740081235	4.809406416309185	5.012047523612678
walk	5.128719921606851	4.870188264784285	4.930801815338061
difference	5.084103493190116	4.959727524127604	5.209184614551862
hang	4.953011203403617	4.903251480842088	4.8456137034892
following	5.243604417097938	4.878717931104315	5.239047360639968
employ	5.1284099075962635	4.932237846900358	5.203623165177937
