deal	5.0461732435340085	5.007246813550926	5.116428581370572
study	5.27990070379948	4.906247552937455	5.257143243064163
afford	5.181860050471868	4.943690169696478	5.2279485393872624
service	5.184333297900228	5.015282565015502	5.2994289590576065
height	5.072757077874066	4.8728145447348625	5.046809608928091
prospect	5.158399356040832	4.991002156671029	5.17652999699891
pleasant	5.2369646365788824	4.840021972973602	4.984944874075187
shade	5.133879641867648	4.844511549472748	4.95854947214657
listen	5.024892449616216	5.068265594663374	5.049910923960239
mighty	5.007035371905122	5.032593784378129	5.090282857389818
country	5.124527266807492	5.014317267360536	5.280882937047091
title	5.22817468568409	4.967223532375286	5.357510203786987
choose	5.1429281193849	4.948246673012661	5.214387612375017
village	5.148343858975555	4.905214698541054	5.084658046314341
acquire	5.219531179415087	4.973667928269625	5.3098207591080415
rank	5.137727903000664	5.057830285965611	5.2879605678987245
bow	5.0542900492059415	4.965423183181229	4.996125127401746
doctor	5.00644728041264	4.985159971884807	5.013295339790563
talent	5.248696302733787	5.01871310918322	5.3359859310874915
source	5.176892633787096	4.97067315353575	5.263925586922398
lead	5.05899293264418	5.030366080363843	5.162173400629173
question	5.058711785097867	5.041606036056461	5.272971719523249
publish	5.242143710406528	4.936232196655237	5.345794062996116
interest	5.153203006262136	5.0365424038304445	5.3063893589481035
serve	5.059329007395969	4.96462475217547	5.103966102423181
divine	5.139182474287174	5.013642038196181	5.261267051921005
put	4.958118164198462	4.929346641320141	4.953023580723916
shadow	5.051531500413011	4.922372889699703	4.998577455536253
practical	5.182731746892601	4.976606913017225	5.3348766649321036
surface	5.064875404078588	4.806345461761565	4.958246286274914
account	5.101638341893597	4.982813076396635	5.208309644975969
loss	4.949390680394901	5.093018693701087	5.141661269540754
indian	4.9770107563563935	5.036016846098836	5.130615999839542
vine	5.1352500532493615	4.788406380890366	5.007461254165474
certain	5.050255310989953	5.025964080456407	5.216865153845464
sin	4.873585237752725	5.126792675798672	5.104636368652853
necessity	5.0082410890331825	5.078265644525762	5.267101643698201
lose	4.98678173784542	5.05825324075497	5.070223567483091
private	5.107026845060604	5.056086524902171	5.297012067733806
gentleman	5.149762322279654	4.958637080090579	5.1306781422747205
daughter	5.052563434255072	5.051322778752945	5.093076066252034
drive	4.844170073375884	5.096966387844165	4.973442282654719
strange	4.967702667086071	5.047020001615139	4.9819034178619575
journey	5.14205946278977	4.939225732406224	5.063426123455279
uncle	5.110947616741014	4.938679443562786	5.0253943576608755
species	5.054430633753049	4.9388973152939935	5.140454307618006
think	5.034784967897273	5.029638716409612	5.081274892561438
bed	4.994888616359954	4.839847088655716	4.821964411648081
wind	4.939155247490422	4.958641497970884	4.893793944905509
bless	5.087085271466204	4.964021807668647	5.026336032406477
destroy	4.889461345163242	5.097490867130213	5.1254660747633425
author	5.221572603802866	4.9860630288093235	5.305197605745804
sustain	5.047221306797982	5.0539343121479865	5.262530756079406
black	4.959897394316637	4.868591274284511	4.856560660355912
event	5.087153349751011	5.085839077633554	5.282718863308728
liberty	5.081265380186621	5.111024390525361	5.333130281069094
negro	4.942332884826222	4.969270362036624	4.987851509053645
little	5.105845443920829	4.900400855517524	5.0104279992832685
fortune	5.091012887602492	5.075533691010315	5.183862463701825
touch	5.05114276322506	4.9772492703029885	5.025221375932518
kill	4.782024056726424	5.093370303660328	4.915803060553893
feature	5.110175313372056	4.950803100647023	5.103928995581351
happiness	5.128820145865651	5.069819613622885	5.242408378363218
assume	5.080140130648748	5.030091727748357	5.21972120023732
notion	5.07648266801677	4.988952787294751	5.16182550087609
purchase	5.16567115296321	4.88174889293262	5.162622140157442
faithful	5.1391354999224905	5.063905721115576	5.251610801618133
soldier	4.922745246627258	5.161159453511154	5.111476969220061
father	4.994034448489381	5.062878448060869	5.078203218497491
narrow	5.007403945591829	4.905307286633906	5.0104942903583
great	5.1193923056360635	5.007672464981672	5.246999333827465
tear	4.9120715423225265	5.0120239266963855	4.896664990422861
honorable	5.1402400370145465	5.113620854725888	5.375715834301114
previous	5.100741447665408	4.971768198126847	5.20694127822969
good	5.097907343535982	4.995191762991338	5.132902229203312
domestic	5.155580829916035	4.95720161609287	5.199456917609118
glory	5.167435042505953	5.011047095196434	5.199723218320674
lay	4.998240413456435	4.910499073756858	4.965784237205315
occasion	5.075338254440049	5.055715426608523	5.218319893010479
guard	4.914150702108283	5.1183976766125685	5.102934037476055
whole	5.0707831570732935	4.956593445999611	5.152227496601978
mouth	4.973797663238191	4.886358856597331	4.859698582240306
receive	5.144471555507665	4.983067906193032	5.231116133418407
take	5.0122901294089885	4.981064480266013	5.067991889039452
simple	5.173079759230679	4.900726111910412	5.154491091435962
error	4.98659626689885	5.0988561972902815	5.267537860498767
wisdom	5.110509854021278	5.079950006575798	5.287384430656088
rock	4.968280396956992	4.9002441765699185	4.909769602789278
decide	5.067540723815519	5.073687243368324	5.309155969856907
exclaim	4.914753860810056	5.0647465678242165	4.918775210041221
assure	5.072395811228632	5.069034031948344	5.175972196474404
sign	5.043297098596045	4.981725222858801	5.12725311450575
preserve	5.130933505489061	4.931674543905786	5.17442439932131
commerce	5.136667797251494	4.972534316653079	5.27982100615515
plant	5.1137673588294374	4.8021662179360645	5.005019231846933
walk	5.1271974767223485	4.865924023630875	4.929278998599854
difference	5.088382992869459	4.953412119596327	5.209733644199008
hang	4.955259956329963	4.896900515002108	4.840753315012392
following	5.2441925308633595	4.87038592318446	5.2399247388697665
employ	5.131022617082759	4.926746917932053	5.201985855692305
