deal	5.032083559601837	5.02758972466089	5.110256105853808
study	5.26475880091117	4.9258961268989205	5.251919366826403
afford	5.168251331859189	4.9616737575958005	5.22237640952295
service	5.16916527192447	5.033389278500145	5.288705685867272
height	5.054312185063799	4.886400732310691	5.040166550954051
prospect	5.143950711514932	5.007382166661408	5.168584542045654
pleasant	5.220934584107956	4.860525119625807	4.975456280521555
shade	5.1109540755447505	4.862524983706949	4.948194035212179
listen	5.006181410513214	5.08962094666622	5.034150163856559
mighty	4.987845084501768	5.050055672306234	5.080752574321943
country	5.105444123631779	5.03125323578957	5.274116381563222
title	5.20483390268246	4.983794084581542	5.3456594226259675
choose	5.127780982923547	4.966769708933755	5.205474926071714
village	5.131788718919397	4.921595912523409	5.072419633547258
acquire	5.203995308121507	4.98953274837158	5.305929137813716
rank	5.116331080820281	5.075889568549083	5.275747143098627
bow	5.035462450674784	4.982639066015996	4.982323840271595
doctor	4.993237772970282	5.007574200171721	5.003260002124718
talent	5.232757934790666	5.037509425652946	5.329879371795526
source	5.157142114016392	4.988447725547941	5.258132232158332
lead	5.040119509117318	5.047267227107724	5.1504619769901385
question	5.044505822464193	5.060833274804522	5.266851435876357
publish	5.2257859400391435	4.955173257854467	5.339700319316753
interest	5.137963619228589	5.055594727987756	5.301377815027276
serve	5.041541591891688	4.985084586683763	5.095451913441289
divine	5.1150513127952895	5.034672904456298	5.251177657569822
put	4.947450938930712	4.948732793982951	4.9482852389736784
shadow	5.0294658191548285	4.939518013908586	4.98816563785017
practical	5.167200501066146	4.994947242152835	5.333360284483584
surface	5.051588122848327	4.82094947523547	4.958471455790403
account	5.088309738584128	5.002169200288245	5.203517010868316
loss	4.9350701796302285	5.1105813030444125	5.133248252653966
indian	4.9596482575774266	5.049512162463893	5.1193891022503735
vine	5.123575792415286	4.800891466838211	5.004951713501701
certain	5.032842681584984	5.045629437723936	5.2107928076624725
sin	4.8485989648674	5.1464317328317035	5.089430954254585
necessity	4.99256030365802	5.095611021209625	5.260648551445634
lose	4.968357167028261	5.076592456060987	5.058927560231911
private	5.089720762643869	5.07550532486086	5.286533565604013
gentleman	5.136358184649145	4.979294092962017	5.118986150433683
daughter	5.025746976353125	5.070519135677329	5.069465488393841
drive	4.827051875342738	5.1127313742469545	4.959880660502625
strange	4.944590811216648	5.069756609900605	4.966791662574274
journey	5.130142628369302	4.953363794675071	5.052157529115643
uncle	5.098587352014631	4.956172643114337	5.0117936559235
species	5.03856303436646	4.957015412844332	5.139184545256953
think	5.018332387160454	5.0506479239108675	5.069919672916318
bed	4.9809499872179455	4.858177117537972	4.811459672942518
wind	4.92330762157217	4.9734030548722155	4.885334664011496
bless	5.0645095802524605	4.984327094047352	5.010485370100061
destroy	4.867605892828642	5.115065658431494	5.114321045258712
author	5.200730305799857	5.006434577440606	5.296384019063166
sustain	5.030864816319818	5.071584532903099	5.257814818430865
black	4.938624734424412	4.886552250903586	4.845249686586162
event	5.070392435185125	5.104373755075727	5.274556124716709
liberty	5.058335240526913	5.128754666159846	5.321063909660843
negro	4.9273231615931	4.985449672817808	4.976333835089166
little	5.092495386732484	4.920114071138994	5.002568832042583
fortune	5.072902925375484	5.092806268341435	5.170633857138882
touch	5.031689052350481	4.997374569532565	5.014453946001456
kill	4.765703262089984	5.108788890403028	4.898408544727056
feature	5.088293858904317	4.9705854585637805	5.095460168852894
happiness	5.106288596296481	5.08979511721745	5.230048855427974
assume	5.061833232171755	5.050099243146318	5.2132548973481265
notion	5.059486443798046	5.009666685168816	5.1575061624338385
purchase	5.153615453847065	4.896783353726606	5.155617502029349
faithful	5.117949644856941	5.081466184573856	5.234969909823139
soldier	4.903040152343178	5.176850150247153	5.091647315440794
father	4.971233738685186	5.0816342721427485	5.058308058791672
narrow	4.989733579677148	4.919757888918852	5.003186422420525
great	5.10440674067827	5.026840328265346	5.243319868455387
tear	4.891069154954463	5.031887990582796	4.882819046147957
honorable	5.12148495244331	5.1309920291791915	5.36221673694095
previous	5.088180389807072	4.9897384004910075	5.202656326022545
good	5.082006909711903	5.015636021921373	5.123655505464938
domestic	5.136318883638679	4.978506032427176	5.194183475282619
glory	5.143098739444512	5.029330665046281	5.18898993998922
lay	4.982919128891756	4.927556640441587	4.958301378595252
occasion	5.061192534295949	5.076466217782782	5.21182501273033
guard	4.894256852479889	5.132564009818402	5.083596293683374
whole	5.056048805396767	4.976631764282767	5.149427197153305
mouth	4.961192513544711	4.9017494245403	4.85187451852777
receive	5.130609973055558	5.00262804493387	5.223277792124013
take	4.999380883111693	5.000261706650471	5.059675356445999
simple	5.1529526856878585	4.9223125690034495	5.149150515165027
error	4.9659321132580665	5.11732776217228	5.259391493984523
wisdom	5.088071904451254	5.098670357009526	5.276636934957365
rock	4.9519962475020876	4.912973720439374	4.900404440507331
decide	5.053724485981198	5.090777560255943	5.3014458848333605
exclaim	4.89783548731608	5.084991694029895	4.900489723084352
assure	5.0579197901303505	5.087462066397348	5.16344858757016
sign	5.026652175454445	5.001638843384555	5.118040879103057
preserve	5.11211177491464	4.951655980076227	5.170433444095155
commerce	5.122000785052573	4.987834027587241	5.278131124909129
plant	5.098752726231221	4.8164571684235185	5.00127942061554
walk	5.112295328763868	4.883876753216089	4.916404010464701
difference	5.070503234816663	4.973097473808463	5.207644138884983
hang	4.9356083128222075	4.914801249249334	4.827534213285271
following	5.231742652917531	4.888315887487689	5.235700910377079
employ	5.119416893043287	4.944355201722042	5.200456111457187
