deal	5.053649618484019	5.009000907609073	5.122230276734239
study	5.281239288576311	4.909283904409023	5.262097192246846
afford	5.18225624804369	4.945336974669307	5.2311679336713794
service	5.1868163282353255	5.022075181022005	5.301820339852566
height	5.084203970415678	4.871498587761617	5.0561748998011975
prospect	5.163982178391328	4.993408264574985	5.180385923355136
pleasant	5.239666950689561	4.8435085781847675	4.987235280510122
shade	5.140194930971705	4.84317356848649	4.963042826717668
listen	5.039652874576875	5.07008425207493	5.052412849448144
mighty	5.020531337873221	5.0338308578943725	5.097188985699761
country	5.127506544165447	5.016335600351916	5.286684871907539
title	5.2300833176977175	4.971252432895661	5.363302995452093
choose	5.1489361861573775	4.955241430970852	5.221487557734267
village	5.147782228949547	4.9121948229149	5.085900310448655
acquire	5.224212974583182	4.972940985154005	5.316878690966655
rank	5.145426379113258	5.060040020268156	5.29222880454458
bow	5.069356108160921	4.966337519691143	5.0016210686355205
doctor	5.014366566612944	4.990583783405813	5.017797247253126
talent	5.254832272974646	5.0191703619513435	5.339806924999571
source	5.18042555650285	4.971439222616387	5.269564399325941
lead	5.065399252570161	5.030475617590625	5.166091903521367
question	5.0685121384604015	5.044192498670171	5.280742603734376
publish	5.241635088752183	4.945163406981701	5.350684132380168
interest	5.160007085814074	5.038610876043671	5.312610877898991
serve	5.0617510400688746	4.9683022742058025	5.109981429610621
divine	5.148689827391272	5.014632434049356	5.2679595301594615
put	4.965079554964975	4.932472496436698	4.959717448620986
shadow	5.063849483376177	4.9203887395066035	5.0056296942578955
practical	5.1870607746346975	4.976616538968978	5.341939593022803
surface	5.075337935554459	4.802382898574403	4.968057124613404
account	5.1035253567626615	4.9872329952830095	5.2138668525535365
loss	4.95639999776753	5.0966664923370075	5.147781771570709
indian	4.981270292113083	5.038899006903855	5.134465018551589
vine	5.140435374226679	4.785727203103839	5.014049978503601
certain	5.057078047464941	5.02674158683901	5.223833384181967
sin	4.8858681261263	5.125842590806026	5.110859505318085
necessity	5.015729518445396	5.077892766633028	5.272714481043865
lose	4.995102555791462	5.059819595808493	5.075466170825288
private	5.110048363289801	5.060962931800938	5.299777270596716
gentleman	5.155133530790417	4.963641097300522	5.13360700519454
daughter	5.057923428295127	5.056312368681772	5.094797061398604
drive	4.8550327850637816	5.097550626992475	4.977444848057408
strange	4.977868776879074	5.048173159185461	4.985619895423346
journey	5.1426372547434855	4.945724010078373	5.06526441051952
uncle	5.116460831313812	4.945801037121369	5.0283072776613205
species	5.059715812408118	4.9388830619968065	5.1480127775526014
think	5.044441357703487	5.0314772744873135	5.085859650601644
bed	5.000411590135991	4.843069481842597	4.825759452451011
wind	4.953389945667164	4.955666622805112	4.897894212818446
bless	5.09479972544528	4.969534823151164	5.03102416767259
destroy	4.895754024083311	5.096931657583909	5.130475387250423
author	5.2233038759520465	4.989338870056929	5.309162022713166
sustain	5.056762075371398	5.054475804628166	5.270642883780853
black	4.967923069367834	4.870182408326057	4.863785934162211
event	5.093537444427133	5.090233839438279	5.288210551433889
liberty	5.0883777785631565	5.114011828749739	5.337255112051901
negro	4.946062765412032	4.972344396984499	4.991227812029617
little	5.111088886723381	4.902661027508049	5.015788874503167
fortune	5.095305153422599	5.078432182552649	5.187608583618338
touch	5.0644577048186274	4.976274968001384	5.030968824032752
kill	4.78921852313881	5.097589327134411	4.918376570050387
feature	5.123590925395847	4.9483295890691394	5.1122426593360135
happiness	5.133667224938064	5.071696537925441	5.245741251054239
assume	5.091296941097082	5.0301775089270775	5.227740732058979
notion	5.085634524631318	4.987421436504887	5.169726866320053
purchase	5.163173601271346	4.88695326446858	5.168159680549877
faithful	5.145064533727487	5.0674326457172345	5.2532129345682606
soldier	4.932762880931071	5.164573420779742	5.110760234297006
father	5.002260953617317	5.067246726162258	5.081998034165176
narrow	5.016295506977962	4.901425069511214	5.017396251991669
great	5.126336431996723	5.0103259616598494	5.255448675767196
tear	4.924884339614593	5.0140656306087	4.902227149479075
honorable	5.145892417726601	5.116612985839239	5.377815716049955
previous	5.103814192717062	4.977179994019975	5.2131803835548265
good	5.1022323546267145	4.997559619017793	5.137149977993421
domestic	5.155516344431767	4.959215027153476	5.204107085963598
glory	5.1758786323132835	5.014538202414571	5.206430888276685
lay	5.006349786858297	4.91169436784995	4.973058538757329
occasion	5.081097971281352	5.059175736148191	5.221794299894569
guard	4.9234927056735	5.118712408694064	5.101527523858989
whole	5.077854617591861	4.959865231823213	5.1612944799930105
mouth	4.987729832216278	4.886631277927717	4.86576949935695
receive	5.148222173467344	4.988839371574918	5.235766499274851
take	5.017957884508132	4.9856768958902355	5.073059024272964
simple	5.17891020485489	4.8998519516908345	5.161624733698438
error	4.995998499884615	5.0963803502315494	5.274073018437033
wisdom	5.12015425180037	5.078367561066488	5.292650558117036
rock	4.981033777906922	4.898942517310446	4.915446707228069
decide	5.078197608216204	5.075422411249301	5.314790374434823
exclaim	4.930320608392476	5.067954790229548	4.921152700728596
assure	5.081934464896901	5.070730952419926	5.178713810687658
sign	5.053117264559813	4.986556463062593	5.13411594643848
preserve	5.1331913791631685	4.93381361799245	5.182213264965816
commerce	5.139887485219841	4.9739439941654116	5.2867892224335975
plant	5.118083664697352	4.799570118637808	5.011829682236142
walk	5.1340826236432955	4.868321347235668	4.931851465156106
difference	5.09413532994209	4.953997108234758	5.219848904162775
hang	4.9666427442994205	4.896280443469753	4.845688881411862
following	5.245530563522225	4.877922168150419	5.244997073154205
employ	5.133599810904358	4.9285435865769145	5.208222874101805
