deal	5.055706366132419	5.012185564243018	5.109929439981588
study	5.283868625965761	4.914353303285896	5.250645409381491
afford	5.188864847756019	4.952269442037095	5.222466235806997
service	5.189302960466023	5.024652913886029	5.28995925331218
height	5.081021436959795	4.883542846937684	5.047664736282608
prospect	5.168450306753757	4.999876480941935	5.171659250438292
pleasant	5.251089593108241	4.848248231272587	4.981997074044028
shade	5.1449242672285465	4.855750450377379	4.958880075851593
listen	5.0407822984512265	5.0761566916095235	5.042704671651165
mighty	5.0191092372939305	5.045542213192919	5.088361795758527
country	5.128516704333871	5.024323286010438	5.273850369798393
title	5.228000889925774	4.978011583808715	5.348204847883524
choose	5.149806186522334	4.957738107278525	5.207457877201591
village	5.155845593653901	4.916109531104483	5.078673375834946
acquire	5.224157468125383	4.979494167035686	5.303307697611188
rank	5.141752044689269	5.06700208926348	5.277858542101887
bow	5.068008185191594	4.973257308341546	4.991866944783134
doctor	5.018457579333105	4.987115257046112	5.006706470348784
talent	5.252481258888301	5.026017164340208	5.3260630978147425
source	5.181649800628261	4.982554750317381	5.259076641447345
lead	5.068689837790081	5.038012652514725	5.155410825160028
question	5.06493435444398	5.0475290789459	5.265136856992195
publish	5.240093808631044	4.9500834495524995	5.3373881733864845
interest	5.157579215238149	5.044907851601813	5.298052519560096
serve	5.068958411702218	4.97294004776538	5.100033268287009
divine	5.144526789769517	5.0280879700071655	5.255583377328267
put	4.971531720372478	4.932854515370616	4.951289531379027
shadow	5.062925152554214	4.932616493683695	4.997988080172819
practical	5.1848833256620495	4.983899331488087	5.328442393548943
surface	5.075759148047284	4.8135665948418085	4.962520483856556
account	5.106044892733148	4.990364373589686	5.201769756336768
loss	4.956741718250782	5.101110172524784	5.135743672408156
indian	4.984384666623122	5.0431881273791985	5.12404605244203
vine	5.1444906989019294	4.795298056070736	5.010778771823757
certain	5.056478448393817	5.032602558244091	5.210310739616232
sin	4.883393449593804	5.136786361486902	5.098820850563049
necessity	5.014803006403711	5.083852417084612	5.259823085462455
lose	4.998371384976981	5.065927206080752	5.065438780116106
private	5.111188092058467	5.064454073346224	5.285943992485491
gentleman	5.159307693476076	4.961282602246325	5.1203929211063794
daughter	5.060632448353914	5.059426908307164	5.082488273160328
drive	4.859211934882456	5.102146135705151	4.968635807761491
strange	4.981398019673292	5.054370890179998	4.976279828007249
journey	5.154206895172067	4.948074433643451	5.0599025188676645
uncle	5.122261883504709	4.942836031595528	5.017538418550966
species	5.06048502337617	4.948310027667471	5.139319011699947
think	5.0465978654141	5.0344235549503145	5.073871704173622
bed	5.01153570333341	4.8451521812144325	4.823093056715061
wind	4.955322531084122	4.964215515497367	4.894424097945181
bless	5.099645053093069	4.9775179116430355	5.023488360714526
destroy	4.8979210077911794	5.107316202301169	5.12101597305381
author	5.222766930986847	4.996971665735447	5.296013319079536
sustain	5.052488110912739	5.063807824877607	5.257009140725695
black	4.970307853547415	4.874144583602408	4.854437633654311
event	5.091079823293814	5.096253740074218	5.274379265049844
liberty	5.085236387618055	5.122205942337843	5.322509757697746
negro	4.952231413380348	4.972015290246198	4.981903839357125
little	5.11836259004426	4.905103080728629	5.006819848352668
fortune	5.099300524050505	5.082525882768854	5.176094585833311
touch	5.06482551393565	4.984208862855834	5.021175629007427
kill	4.79450959235494	5.098259233633309	4.909950537626175
feature	5.117714572185891	4.957948664558395	5.098185815929962
happiness	5.135594435299737	5.079780429553143	5.234081171833084
assume	5.086373567639337	5.035474246958119	5.211461454675966
notion	5.082755707861559	4.9900683974850555	5.15356888967965
purchase	5.173707044052297	4.890207660936648	5.159498382788871
faithful	5.145872570961882	5.073812178234366	5.240937476296483
soldier	4.934282242671354	5.168339769515673	5.101600665553684
father	5.004956500046831	5.071551624207513	5.07046188167965
narrow	5.019774397745087	4.911297459262826	5.010036865168415
great	5.126175378879574	5.0180917987340505	5.242293352643986
tear	4.927953153392103	5.021711430648098	4.895554490138163
honorable	5.143853112689533	5.121716937338719	5.362408361510715
previous	5.105654905957475	4.978722883062988	5.200778437907953
good	5.108428338812067	4.999835773131669	5.125803476825321
domestic	5.161948146086229	4.96442990179087	5.193199357613477
glory	5.17426383737993	5.027908181016938	5.196109680381028
lay	5.011984756245819	4.918616768504007	4.96629512395676
occasion	5.083039922834845	5.061716116901168	5.209478879217309
guard	4.924973691195913	5.1238906351737565	5.0935130175304675
whole	5.078519292695838	4.966842557684015	5.149922645299504
mouth	4.988929041003157	4.891233146131068	4.859074459980382
receive	5.151356357861282	4.9922837394661155	5.223301578720848
take	5.022940872566739	4.986341426751863	5.062457002435323
simple	5.1804265579894695	4.909519767250885	5.150506815760983
error	4.989606286927941	5.106254054592883	5.25943280119245
wisdom	5.116729166970089	5.090049331715604	5.279616525575174
rock	4.982134255841736	4.9109701881981715	4.912004186633455
decide	5.0728375990377454	5.078790460563732	5.2991676712211655
exclaim	4.931615819301036	5.070200496872697	4.91217639620476
assure	5.083978136397938	5.074322238710381	5.166491331899471
sign	5.0514575158540875	4.991123854277616	5.121506417414724
preserve	5.13674499071406	4.942517903839076	5.17157307885998
commerce	5.141241343309655	4.9818809701368165	5.276486636860392
plant	5.123670110235274	4.810620038995796	5.008037544192111
walk	5.142725144091346	4.871360805997398	4.925882804042178
difference	5.091750846416079	4.959695402746318	5.204424591208916
hang	4.969215883905775	4.902942006210306	4.839885151064039
following	5.2478004034959165	4.881335956431247	5.2345292082674915
employ	5.136895845257341	4.933343256330245	5.198361682072509
