deal	5.02396364697763	5.020384446198538	5.105071059558789
study	5.257377398259053	4.912587465216251	5.243392107415561
afford	5.158431951127486	4.95275334110564	5.212144216263242
service	5.162434713007971	5.024584328056627	5.2785841897901085
height	5.059073353547779	4.881301042923064	5.045146753519112
prospect	5.137897372283359	4.999405865906302	5.160382650636363
pleasant	5.218083623397147	4.848481131597159	4.976305900642962
shade	5.116398163231267	4.85136809964346	4.953377388017477
listen	5.0026075127977	5.0784734027054235	5.037309803809452
mighty	4.990782446936725	5.0451753790804785	5.084414976895806
country	5.099249073576277	5.027064777897684	5.264622739650848
title	5.200565063855599	4.979151602582665	5.340196120389224
choose	5.1236651036830185	4.960297822478809	5.199858455166482
village	5.128903697234955	4.916670920209375	5.072275729413781
acquire	5.195447282409643	4.980305751901116	5.294876909011968
rank	5.114382349287409	5.066949769007908	5.270625194027628
bow	5.03791371940085	4.973525962212233	4.98926124122494
doctor	4.982306715866068	4.995934808999612	4.999396262485242
talent	5.225658951154015	5.026587292840409	5.3199079059360255
source	5.151366074348174	4.982182018262757	5.2488427345859066
lead	5.035668963591158	5.039183569521935	5.147235676238027
question	5.033152317152059	5.054891243692029	5.255881163034967
publish	5.217531577299059	4.952945099217422	5.3307196266397305
interest	5.1269228877082655	5.047491941600118	5.2870347561017565
serve	5.0364857838922426	4.976440637969337	5.091548966668837
divine	5.117704560458473	5.022312464002324	5.247147191026527
put	4.939636224112606	4.943312942020021	4.947212685937898
shadow	5.035136026821995	4.929727116158092	4.9927758069222
practical	5.159182342833748	4.98646248332989	5.320780351181014
surface	5.052194295651243	4.814938810813467	4.9593018172913705
account	5.074968750451633	4.997400564613328	5.1923951055192985
loss	4.922572117572827	5.105391966831588	5.122199107509746
indian	4.952543470472063	5.0506576327117445	5.117251748632682
vine	5.12176958433524	4.794055892881099	5.0030175732214035
certain	5.024112905823749	5.037226518169804	5.201168668965938
sin	4.850902612037695	5.13559202318244	5.088421858018284
necessity	4.982662118233804	5.087986211135754	5.247619402588881
lose	4.962570580628698	5.069015682655518	5.056119165506389
private	5.0798179510478	5.067241478586601	5.2740552694190725
gentleman	5.126768199712989	4.968102173587155	5.1145530286468475
daughter	5.022685965467293	5.057719806519582	5.068705194703476
drive	4.823135674284189	5.108911718417299	4.961548196328966
strange	4.940983492297011	5.058124467746218	4.969176300886363
journey	5.12249828149803	4.9490886008897235	5.050460809733499
uncle	5.088725966527741	4.948642922690782	5.008452804435919
species	5.030787694357332	4.9531008997241095	5.1321683668206175
think	5.0105802411058225	5.040172127810841	5.065959999284701
bed	4.9786934524538	4.848089494597164	4.815692476057757
wind	4.923732539126615	4.96868039363541	4.889597244788209
bless	5.068606237898754	4.973479008527564	5.013633172560513
destroy	4.863095192965915	5.1101972612657915	5.109844103431343
author	5.19399209949261	4.998842673811135	5.289782224181337
sustain	5.024701446405717	5.064851996330418	5.24707848488287
black	4.943087345224572	4.881117995464756	4.855034979024011
event	5.05911890793629	5.098417303439394	5.261558111917557
liberty	5.054885254579953	5.123755815525555	5.3127166176681735
negro	4.923291200625547	4.980095349541497	4.978494878896397
little	5.084375601861805	4.909866674869545	5.001293595346404
fortune	5.063877082667975	5.083372623383996	5.162946163676056
touch	5.028518846920547	4.987023215444463	5.0159238020186265
kill	4.760019883731678	5.1068967431627	4.902064928732765
feature	5.087303994768863	4.95856369705654	5.0942799675501655
happiness	5.1008973285149075	5.077232166964019	5.21952236687318
assume	5.054611462906409	5.040473925120276	5.204442628040526
notion	5.052357048194614	5.000402485883033	5.151158134395451
purchase	5.144313161464352	4.891285518924793	5.14794329489521
faithful	5.1143958579083755	5.0713621014939045	5.229999406978757
soldier	4.900368085247896	5.1721395752226735	5.093867926691759
father	4.967492754575768	5.07064580574211	5.05714688372793
narrow	4.990456174093736	4.912117678183227	5.005468041932253
great	5.096210192214481	5.021072824885666	5.234455477248061
tear	4.891037834460903	5.022748674096507	4.886038566247031
honorable	5.113944049207444	5.122129999649811	5.350084698642601
previous	5.075634042119252	4.984275565744111	5.189746544493699
good	5.073758151750994	5.005141130736496	5.117405020349321
domestic	5.126017588622485	4.968421582522705	5.181982458287354
glory	5.149451635875004	5.022884203525618	5.190329146986297
lay	4.98035804896095	4.920660559084229	4.960216384079876
occasion	5.049075795151584	5.068213805066314	5.1998222212754674
guard	4.891664238249161	5.126079096417477	5.0835141658724
whole	5.049698932533789	4.971113598432522	5.143756738302904
mouth	4.959777231543519	4.899075491631986	4.8599426471342335
receive	5.119338461657484	4.995139077344474	5.212200046674719
take	4.989178629905383	4.994140735439335	5.054162217114728
simple	5.150185863789958	4.90971539207753	5.146214403306107
error	4.958956944991894	5.109828719105456	5.2492248505195995
wisdom	5.086799033207228	5.087777243548003	5.271118147760771
rock	4.956827943596218	4.910109048949732	4.908846173096721
decide	5.0440658180438795	5.084593829354591	5.289922214700517
exclaim	4.893855483085606	5.075453276743776	4.906779443072125
assure	5.048043960769205	5.07883831561553	5.157153888684812
sign	5.021284078526838	4.994122764048981	5.1153001173524935
preserve	5.107096433351643	4.943438529509481	5.16267848150068
commerce	5.1128751802666645	4.986395714819759	5.266024988384595
plant	5.098768105347098	4.8087116976816535	5.001430913504104
walk	5.111877601519504	4.871751154208795	4.92250602193774
difference	5.0621352937035615	4.966556812619306	5.197020975214955
hang	4.9394267727261045	4.905048681147064	4.83642884528919
following	5.221822802498009	4.885206388018433	5.226708125182187
employ	5.109782612642156	4.937732271960059	5.192018303958275
