deal	5.035421208728219	5.019519627001528	5.112881753947151
study	5.262124896168802	4.920313324108476	5.253469622442132
afford	5.170077066053211	4.9541103673035325	5.225414230216215
service	5.172197803098939	5.029742625151336	5.295068390851738
height	5.064142935049147	4.880933936968187	5.0469797109603824
prospect	5.147873259237809	5.000461976016403	5.173379496670364
pleasant	5.222180800936754	4.85096363991838	4.981871188434239
shade	5.115656568205998	4.854374884865382	4.95380379692589
listen	5.00754100534024	5.085659752515878	5.0414825899284414
mighty	4.9977157367544525	5.0444378336365245	5.086929024979823
country	5.112602595818049	5.023325956673886	5.274924967336566
title	5.206905871734231	4.98215779597032	5.346680231751582
choose	5.133197025408518	4.963114735132764	5.211132795455474
village	5.145214570987836	4.914635318242396	5.087239974058061
acquire	5.2054037534979205	4.982313140925712	5.304326822499879
rank	5.122462063266138	5.071827135656075	5.280567493903008
bow	5.036937531669382	4.9792434411180375	4.989590300210344
doctor	4.996863092122075	4.998486868358288	5.011596408816223
talent	5.231276972231622	5.031646031006898	5.328390470966924
source	5.158531911137137	4.97992163721939	5.255313793058688
lead	5.045954337300913	5.0432392123866165	5.157522242355867
question	5.046356738445875	5.0559862526511	5.267034622230794
publish	5.225696055962812	4.9529682473275685	5.3406644982844815
interest	5.137730155210478	5.047625916220524	5.29798021320448
serve	5.044612773412478	4.978983629084904	5.1000917826001215
divine	5.11561499092093	5.0283725411490074	5.249436703949421
put	4.950423433784756	4.942214463779905	4.953407049641346
shadow	5.0353478902956015	4.933694337132683	4.993673063498136
practical	5.167135416202563	4.987440825507438	5.32893216062136
surface	5.057078764755415	4.810685572681102	4.95981787222104
account	5.089077263973819	4.994484425310616	5.204194414880016
loss	4.939592600206632	5.102393448850845	5.136102386279604
indian	4.970241010850676	5.045493766567912	5.128332677720734
vine	5.127511273104034	4.793004473469255	5.008755092099472
certain	5.037537735132813	5.036723263063189	5.210645662835068
sin	4.8575585906271055	5.139566265464239	5.094277160688583
necessity	4.997858807653483	5.087358814868095	5.260838919110603
lose	4.972585864682273	5.0702542380394	5.063496385476692
private	5.093305160067267	5.070030477206473	5.289517528536647
gentleman	5.139625341926281	4.973400861311647	5.128420908638547
daughter	5.034581654496914	5.066601421257162	5.08316244509303
drive	4.840363115602692	5.1060024127509	4.972176896546682
strange	4.951612170598983	5.061617339475291	4.974644972385341
journey	5.134953707704741	4.9504709183087945	5.065262184794342
uncle	5.10042105595462	4.950774718013386	5.020732114063302
species	5.044619662707119	4.94404236356603	5.135952730837574
think	5.020195155797499	5.04401726924545	5.074300575652149
bed	4.9894765449735266	4.849422471348545	4.824518160479805
wind	4.9321078025306075	4.9649677261843115	4.892809114262876
bless	5.06812201972386	4.978480030618239	5.01708043469883
destroy	4.879790274382975	5.106702859517767	5.1194259524013175
author	5.1977216704799405	5.002689027445311	5.295616315719042
sustain	5.034735999871358	5.064915874856988	5.256800742689748
black	4.9504408317520525	4.878582894607108	4.856659014580685
event	5.073051684702292	5.098927574759211	5.275823567345294
liberty	5.062969391214397	5.1248081171405655	5.3212468211705035
negro	4.945596689722796	4.976212351738074	4.993534307511576
little	5.094220277901725	4.912312631622961	5.008738301115399
fortune	5.077087698222952	5.0879116058252	5.177397824573249
touch	5.0303305240004415	4.991127691267143	5.016274577963115
kill	4.779665718039023	5.1049546832626165	4.914774613101817
feature	5.091563338970131	4.962543101965832	5.097075754338753
happiness	5.107505648042099	5.08216200478896	5.22999243862495
assume	5.063729056145624	5.042844861606784	5.212311337873131
notion	5.062372558933952	4.999842573158832	5.155516067729056
purchase	5.16092398339954	4.889589153541323	5.163109265762161
faithful	5.118873095324131	5.080945895367584	5.242132311525655
soldier	4.913629354898282	5.176297290507175	5.1066764525541135
father	4.9791433603777655	5.077736214384749	5.070381333344759
narrow	5.002701149028476	4.911905425941819	5.012207317343147
great	5.106296434041815	5.019640624155895	5.242305634948481
tear	4.895946113362428	5.024484849536113	4.889117551789362
honorable	5.122813104939601	5.129017332222053	5.365177987585798
previous	5.090905370376945	4.9836624937845215	5.205857006827445
good	5.082949122371559	5.0080918930268945	5.126988971402822
domestic	5.137620539558205	4.967455485679987	5.192293801187307
glory	5.146044572222204	5.025196361898025	5.189493348077412
lay	4.98732370321252	4.923364011824768	4.965819498848425
occasion	5.062502829914891	5.068440127991527	5.213232848005577
guard	4.904986877258172	5.131621525963863	5.098023622556744
whole	5.06165384972602	4.9681854535526355	5.151303556254868
mouth	4.967888723534818	4.894711319540998	4.860629549218376
receive	5.131322865465346	4.995635094017099	5.225806120753546
take	5.002214746305141	4.9947621148382195	5.0660147864971465
simple	5.153042560819987	4.91355466285576	5.14798818535553
error	4.968977111706569	5.110495741142501	5.256502090350086
wisdom	5.089070054480871	5.093706457827447	5.27541128488142
rock	4.964742195460251	4.907566423304278	4.912306168085681
decide	5.056180809437427	5.087845144926808	5.302845686443311
exclaim	4.903660255961682	5.079865167380183	4.913992965158273
assure	5.057916722685883	5.083106590244235	5.167905572674372
sign	5.029685133030651	4.996230171451425	5.122317547695188
preserve	5.111411571646984	4.943910678567189	5.167681212229591
commerce	5.12719153700299	4.978449323336529	5.275164738904789
plant	5.105146550829081	4.808047171724075	5.006015139219291
walk	5.117651900300934	4.878274467779855	4.929494666888158
difference	5.074035354859615	4.9625894845992615	5.203218610279869
hang	4.943532026687868	4.908758479563741	4.838420772529482
following	5.226045461563675	4.885298187130644	5.235929314810445
employ	5.124139657693034	4.9358049071478005	5.202827137718173
