deal	5.014276229033327	5.015377427753192	5.107770545844419
study	5.245210033020527	4.912309751332214	5.2506683223081
afford	5.154810476155566	4.950498327862016	5.220545825627968
service	5.152362051187317	5.0217242891379	5.28520114857813
height	5.0586281718564665	4.8859736083537575	5.051527377851204
prospect	5.136189195934177	4.996199874688736	5.168354367385059
pleasant	5.213261938497658	4.841880332067755	4.977077499529046
shade	5.109604197797572	4.854334331540383	4.955134897648869
listen	4.989472018405088	5.075044080753424	5.037476710559149
mighty	4.985278812973567	5.0449872330864824	5.087330900848583
country	5.095754839679154	5.025654547165092	5.272522654624704
title	5.19036776462177	4.983295046456194	5.347237949017226
choose	5.117100085165405	4.960692789120185	5.209867537568959
village	5.131193005612456	4.913650809146615	5.079736443428828
acquire	5.188176223411398	4.979257490378078	5.3015628598555695
rank	5.104677433711897	5.0670330278114655	5.275829507483367
bow	5.026753446696528	4.97392800134277	4.98829929210924
doctor	4.970895369936278	4.991214203384347	5.001261255338624
talent	5.212548409031218	5.0236837524286155	5.324247898754277
source	5.146223147397942	4.982386795063424	5.257207212652545
lead	5.029812970009407	5.038571002421613	5.154718285707557
question	5.025652068417561	5.054549224187717	5.265781043613193
publish	5.209340353018805	4.9534241789494	5.34248845157376
interest	5.120207059109667	5.0452880521213	5.2947744671350065
serve	5.027735630987725	4.9752935754991094	5.096617776756313
divine	5.101155882398011	5.027854890890998	5.253523345531942
put	4.933673291245835	4.9394805102653185	4.950054972664864
shadow	5.028913650493977	4.935018736355545	4.99786324983976
practical	5.1506437618931	4.9860276482725014	5.330863850247665
surface	5.053791627028544	4.817889356000029	4.964519368203935
account	5.070818655489831	4.994196629157478	5.200505871624483
loss	4.916795925047953	5.103022378038705	5.127157388836716
indian	4.954177265598057	5.048077894546324	5.123174932614801
vine	5.119051787660971	4.797571798011168	5.0095622225788565
certain	5.018165032945933	5.036925166979218	5.2085325266421965
sin	4.832144816243207	5.141256283053496	5.092215282163423
necessity	4.976269323014174	5.087924829577229	5.256795948168451
lose	4.955724372613237	5.066402691122783	5.059254005055449
private	5.071446475112623	5.065347048271579	5.283329261888407
gentleman	5.1175560787813765	4.963146634805638	5.117688890250263
daughter	5.009073640896577	5.060045117423021	5.071073309610699
drive	4.822402786804654	5.105213027623456	4.965450407551793
strange	4.933266394128369	5.056117809397881	4.969562757996896
journey	5.122421368587576	4.944544126908538	5.057585047034261
uncle	5.07924987284529	4.944506701483956	5.011165942223254
species	5.029593720546794	4.951781681449192	5.135758322121037
think	4.999654114180481	5.036924082288945	5.069039775687038
bed	4.97458590306774	4.84771062964097	4.818467198149693
wind	4.924691197442514	4.966144906201489	4.892050256235275
bless	5.053411194529971	4.974974773444058	5.014905363731344
destroy	4.857412913804183	5.110957188317099	5.115051885890537
author	5.1801879634262695	4.999078708215859	5.296027755568407
sustain	5.016320867784371	5.065936321916381	5.25545151426404
black	4.939633645951668	4.882487730984109	4.856399649261732
event	5.054313906209252	5.097649302645012	5.272728777292939
liberty	5.043697916231259	5.123461667379144	5.319638381878156
negro	4.921976200470556	4.97649586811096	4.980544750479137
little	5.078341732830834	4.906000933158032	5.003042996220838
fortune	5.054935706109602	5.081105508499913	5.166103877813759
touch	5.016719195213169	4.986610753184022	5.016016587962903
kill	4.756299135987905	5.104734184210059	4.906338839354697
feature	5.079117317995174	4.961510390363775	5.097049784512262
happiness	5.088398485115241	5.077268888267402	5.224659735384688
assume	5.047199855453803	5.039665438123269	5.210550304900018
notion	5.043331875168958	4.997895254028666	5.155505394734451
purchase	5.143308435717416	4.8901259889158	5.153865581993811
faithful	5.099029159936669	5.071729353674703	5.235076507693647
soldier	4.89333573575248	5.167205326230472	5.096301561154103
father	4.954003662930161	5.073165368718158	5.060460887414358
narrow	4.991307562762639	4.914400752584058	5.011249108060818
great	5.09069244558201	5.018935764583228	5.241621280794309
tear	4.879613635340229	5.02371793568005	4.885498703122592
honorable	5.100170632762348	5.121904361943278	5.357473104705353
previous	5.073344705686236	4.981985027182591	5.202009359146811
good	5.063532645150932	5.000493656557955	5.120312035652516
domestic	5.119755761200464	4.963839154658167	5.185347243929043
glory	5.138539775819166	5.024452715095821	5.193700699062359
lay	4.975727855541405	4.922168800358638	4.964108920316829
occasion	5.042202300486708	5.063016107533121	5.206868704696975
guard	4.886377993696193	5.125162080269298	5.0897999216186705
whole	5.047455145192128	4.9693406408986185	5.150855309097983
mouth	4.958929750234072	4.896196034252431	4.8596583010266485
receive	5.113186900740761	4.992508514876908	5.220057782424771
take	4.9840838267185825	4.9906358877122585	5.060626832027385
simple	5.138937043202307	4.910429296785104	5.149496824020811
error	4.946282120379256	5.1136509326833925	5.258644603753489
wisdom	5.071388816260592	5.089645084323537	5.276283794482179
rock	4.959534747009085	4.913097145899372	4.91377809586981
decide	5.036177873004085	5.084823086275338	5.301741559165392
exclaim	4.883913196372786	5.0720633543977485	4.9055755284485345
assure	5.0392591388928745	5.074734484659359	5.162207466438923
sign	5.014210813908092	4.995633887118823	5.122439347415268
preserve	5.098644898576222	4.944386816907239	5.169279822112812
commerce	5.116335116286919	4.982989293291147	5.274081009871174
plant	5.0944505073904836	4.81262213823561	5.006516156359259
walk	5.105446163509393	4.869021865280869	4.9242920949142075
difference	5.057612662854255	4.966125753456833	5.2042167194447675
hang	4.932889525734751	4.908228133722583	4.837600869951036
following	5.215555840623833	4.883945004830245	5.23860674861043
employ	5.107931513425607	4.934362476429588	5.198286837281143
