deal	5.033383028052116	5.007896004452554	5.09768356969562
study	5.267160571498741	4.903825352469208	5.238163061300405
afford	5.168106430634757	4.941408733577894	5.20824631729576
service	5.1708999717029265	5.010893003796822	5.276870295298782
height	5.06119398484277	4.877368457435582	5.03342941353766
prospect	5.137154311827108	4.995394676945802	5.1536474830841685
pleasant	5.219281370962081	4.849331371035068	4.966189559344601
shade	5.1134676991375425	4.854429330184377	4.9405283507228335
listen	5.007170059202304	5.075586208471971	5.025715299663177
mighty	4.987092840872012	5.041636158631948	5.070121953412221
country	5.105460322817597	5.010674892598951	5.259194159402528
title	5.215322460073709	4.959938052566262	5.336125513355175
choose	5.133629701373334	4.946292213243519	5.19666984453619
village	5.129657536791925	4.9100183122198935	5.064830859431585
acquire	5.205392756753122	4.9669378464562435	5.290393649123888
rank	5.122768736233617	5.056381890640783	5.266095036975449
bow	5.039942118567778	4.972062524315935	4.976054191036206
doctor	4.995267376335608	4.987028020248968	4.993442573919613
talent	5.236744200561187	5.014682927031894	5.315819124333042
source	5.156866586371063	4.968823590862589	5.241957546053626
lead	5.040494368571395	5.03183011040394	5.139933375706229
question	5.047418859776583	5.036603779855835	5.2525039114475875
publish	5.230711053231536	4.929138953344662	5.325599991186578
interest	5.135768340717204	5.031516596755811	5.282977994936479
serve	5.046258063977417	4.965690311461967	5.086321972815907
divine	5.1195339880223525	5.015188038924825	5.237618267689375
put	4.9510529216947345	4.932726044402505	4.939725929546285
shadow	5.03146867584111	4.932222548224351	4.979365132359006
practical	5.171235989797247	4.969442240909379	5.316549072101822
surface	5.052527363389586	4.811372753932406	4.947582018373031
account	5.087582278793704	4.978708806959493	5.188376136354133
loss	4.929467611551304	5.092543093879161	5.118686724377672
indian	4.959283208862612	5.034685047461842	5.1111250977923675
vine	5.123685372939019	4.791758404946527	4.997669073452637
certain	5.0353551762980695	5.023147867350173	5.195641836874908
sin	4.850678939915354	5.130611465906005	5.079585053843936
necessity	4.992934272683432	5.072302012493351	5.244377439100112
lose	4.966626485570475	5.063692709635056	5.047492440511707
private	5.091555176184976	5.050854932310767	5.27171338867537
gentleman	5.141539366077177	4.9581813637007	5.111083536599955
daughter	5.028184504488475	5.054913626442074	5.0644719967467555
drive	4.823233267816486	5.104164003195689	4.951152478306853
strange	4.9458380803072455	5.056833227319209	4.957924640969092
journey	5.122477815907614	4.945874314491916	5.043634546083162
uncle	5.09541256631565	4.94184389825364	5.003702133223918
species	5.04077259536955	4.936696420274561	5.12505569192532
think	5.019527513604592	5.033339361697648	5.059335506360815
bed	4.980476209896826	4.849494814432745	4.805805275845912
wind	4.920031830007725	4.969296849868638	4.876777409001888
bless	5.065532815931864	4.973635096479156	5.004174077997645
destroy	4.866694657611335	5.099056818544316	5.102992296694798
author	5.206344127962168	4.982529962992952	5.2833988915506405
sustain	5.029761179225269	5.050108539251076	5.240526442974928
black	4.946930265964308	4.875577782424947	4.841891815814479
event	5.064737577507549	5.084320812080091	5.256415220734486
liberty	5.0607625793019775	5.1073067283988935	5.306547435415237
negro	4.929444425251939	4.971163792545089	4.970932752640977
little	5.093566871647919	4.903990745055288	4.992896721516821
fortune	5.0686626409422795	5.078596760937075	5.159217327300894
touch	5.035411943487427	4.981980535792692	5.004565609960599
kill	4.764889136683283	5.100562321231619	4.898266990929876
feature	5.091632792373991	4.952752720873502	5.0810907822055285
happiness	5.103942672968348	5.07146467757376	5.214750229712429
assume	5.065016176107535	5.026821158067123	5.197156087657022
notion	5.066184436290991	4.986662452458468	5.143860633428745
purchase	5.153025363210711	4.878908965530875	5.14598331034648
faithful	5.118332568820683	5.063355418934094	5.225064854287691
soldier	4.903924141564107	5.166516259330771	5.087295443227517
father	4.970863374394003	5.066800800672699	5.051255779394134
narrow	4.992133059190547	4.9093096575199455	4.993123869377224
great	5.104683518432963	5.005788682247547	5.227442641130324
tear	4.888779133081499	5.021800370261701	4.87367811567628
honorable	5.124055209558391	5.1082257999206915	5.35060173704027
previous	5.086021517315791	4.967347384517828	5.185781846532449
good	5.083910700366993	4.995971220590495	5.112825098029913
domestic	5.137197033692221	4.95412918909524	5.177450996120591
glory	5.144480247887571	5.019761334684716	5.178354623994731
lay	4.983009994646235	4.916092041080413	4.948938570104459
occasion	5.06002807485664	5.053259594828887	5.19552005055406
guard	4.895342979063284	5.121080177627686	5.078169765661158
whole	5.0567201941514766	4.957030215910933	5.134368612616793
mouth	4.962826736101261	4.894160380302727	4.846200321417224
receive	5.131267323758306	4.978370432893702	5.2092782680801735
take	4.9997730745634845	4.981816111137705	5.048657001736551
simple	5.160052666456551	4.900422694604428	5.136110149749655
error	4.968932822576763	5.093816868349898	5.244247627224557
wisdom	5.0915901225997695	5.080000793747838	5.264338996461105
rock	4.951128529085049	4.9109777045919865	4.895534038010906
decide	5.056231973233223	5.067894137730693	5.2872267296944475
exclaim	4.8983063579810775	5.074342114241584	4.895971658850557
assure	5.057302722290782	5.068966090680873	5.152295038833442
sign	5.031070513979175	4.9827912617864465	5.106664535222115
preserve	5.114709636845674	4.92988418875847	5.155447560061563
commerce	5.120215614125561	4.967879282663143	5.262148642168289
plant	5.101466256577899	4.8057265246231005	4.994849387172697
walk	5.11374690615557	4.876098602063615	4.91153607459496
difference	5.077578128877344	4.948114068888728	5.193158461509676
hang	4.940495940488333	4.908319288545908	4.824197316308465
following	5.233121837102019	4.865733306894617	5.221361263885929
employ	5.121691820226805	4.921947096707404	5.186595522255863
