deal	5.0466064325435225	5.002340836641011	5.105656054061238
study	5.278374375281239	4.9023200208477125	5.248150379324809
afford	5.180470974327731	4.936043980525706	5.215798492597
service	5.180961012043429	5.008870942084217	5.28316042052705
height	5.072562486715125	4.863776928139617	5.036912562892066
prospect	5.154199249923042	4.985008965099005	5.163158308438178
pleasant	5.230891099444875	4.838377189130914	4.973699510120598
shade	5.124997896021687	4.839248054689989	4.946040146633734
listen	5.016900511705291	5.0648781274051204	5.031364528921301
mighty	5.002555932506206	5.026581035811974	5.075351603735206
country	5.120634006742943	5.0075707692522835	5.266714632723242
title	5.226301892633496	4.959948593034187	5.342275140639648
choose	5.141296551435832	4.944727413662198	5.201760960038862
village	5.142510702328491	4.89946530298097	5.070318782495688
acquire	5.22016350331033	4.96566249465058	5.29842178044586
rank	5.133845908064396	5.051487750134399	5.2697419626478865
bow	5.048335360116701	4.95855585995134	4.978422085704923
doctor	5.003966010892041	4.982441913984213	5.002206525551456
talent	5.250137113584603	5.013173958344606	5.324517533833397
source	5.1734307942528845	4.965224222474363	5.251776844876689
lead	5.052630583678003	5.0239340106586745	5.144813219037343
question	5.059895204003203	5.035284962182105	5.260405556561965
publish	5.239973966312006	4.932029478709938	5.337288373720515
interest	5.15075187348948	5.031368395612175	5.293646202054529
serve	5.054335578902341	4.959796497661395	5.08962868871352
divine	5.132980356030608	5.010118860467764	5.245846328376545
put	4.959206970185863	4.92371713873438	4.9439557810817085
shadow	5.044827263875365	4.916275515410453	4.985088582271707
practical	5.184851048882304	4.970325803419943	5.326863805987919
surface	5.065376038472443	4.797181968056288	4.952072727817923
account	5.10026365484891	4.977097063463908	5.197396066554663
loss	4.944615037601128	5.086369304330976	5.125893626075596
indian	4.973108290973427	5.025218359554034	5.111094512668922
vine	5.1335627189433275	4.7799711070344495	5.000243963671247
certain	5.048878320587697	5.020011388537739	5.202996193090962
sin	4.863331805224881	5.123069377648794	5.085356712407272
necessity	5.006640477880998	5.069645293254007	5.251559104540591
lose	4.980806917528534	5.053455560035794	5.054010435351473
private	5.102470818275086	5.050985208075613	5.281596266619534
gentleman	5.150108714569281	4.953948850203684	5.117331936997475
daughter	5.037948985184119	5.048861594346664	5.069598919810679
drive	4.838122765568701	5.088712782503285	4.954920832390162
strange	4.958241157013427	5.044888532913258	4.9639564932163545
journey	5.135723010201438	4.932870686485358	5.0493218344129875
uncle	5.106265600567486	4.936723188801952	5.012519719556826
species	5.056057139732782	4.931750138254122	5.131824737631611
think	5.030332857634282	5.027071598714215	5.066254191894364
bed	4.988105650293727	4.834713432217595	4.81118929900631
wind	4.933815140328087	4.9506271180610515	4.8807915840229015
bless	5.07673221608441	4.963816236401464	5.0096653842755305
destroy	4.881342732004716	5.090156393386137	5.107205249624645
author	5.2183476040715435	4.981984868119572	5.293431105041123
sustain	5.0439048090448635	5.0457226840620315	5.249091031921032
black	4.956803169311951	4.8612323489261815	4.845622087937448
event	5.0797293681728215	5.080919163392842	5.2666849909851985
liberty	5.073416628900663	5.1059726595358645	5.314081858254104
negro	4.94297490043977	4.960125846510621	4.974786358105127
little	5.1031629039000155	4.895941338437297	4.998647488150224
fortune	5.084108430649921	5.07073278523014	5.165981504457139
touch	5.0448870220224045	4.972330129726213	5.00915884507844
kill	4.774239857151291	5.087103783705311	4.894119483591316
feature	5.105138709776137	4.943653490250125	5.089631656448858
happiness	5.118708638438988	5.06814141309773	5.223869772090302
assume	5.078603413790774	5.02235728633938	5.205603875123746
notion	5.078753198304716	4.984875267673951	5.152110384239752
purchase	5.166760102279668	4.873001823051212	5.151818616577121
faithful	5.12818859698968	5.059354237140249	5.23080162125707
soldier	4.914634256981534	5.153455794428747	5.0875091104728405
father	4.9817083094052155	5.058606356391983	5.05566459251709
narrow	5.005154671615766	4.894850774694028	4.997830717933696
great	5.119203661614894	5.001199736411507	5.234986872813344
tear	4.8997560731205985	5.008558557681942	4.879436364191476
honorable	5.136053447484596	5.107000747113026	5.356746237550967
previous	5.097758117332578	4.964845418909971	5.196210505587885
good	5.09544734907334	4.990957241971609	5.11851912171333
domestic	5.149737264017798	4.953448855475747	5.18703802412661
glory	5.159958535638616	5.008105136900423	5.184594803038963
lay	4.992930004165663	4.901942077140302	4.952617977199167
occasion	5.072227887079464	5.0500609503010105	5.204208745308416
guard	4.9039251453624795	5.109343576492756	5.079286113303878
whole	5.070370900325736	4.950218080238502	5.142222289903594
mouth	4.97490092241477	4.877663193502416	4.849915849054702
receive	5.141921118975663	4.977005422890706	5.216734326103518
take	5.009325295124046	4.975326464101894	5.054425186574435
simple	5.17077437469808	4.895942465314438	5.143789224090079
error	4.982392290505515	5.092708419446296	5.25355199522473
wisdom	5.105749159163975	5.075207533267289	5.270903030816141
rock	4.963700312742579	4.890532773344249	4.896549826700788
decide	5.068516345432006	5.06607497209937	5.295253463828936
exclaim	4.909122190697247	5.060136610795844	4.899968476719137
assure	5.068993900566206	5.062893296904881	5.157606035658194
sign	5.040624217200784	4.976451891787013	5.11278000382721
preserve	5.124202623888691	4.926247179881885	5.161232532781608
commerce	5.13734743429856	4.963702870041757	5.269203780565188
plant	5.110961816832709	4.794164552428494	4.996174421167969
walk	5.123040176413585	4.861285829978224	4.917037591905312
difference	5.090226496309748	4.948496141774402	5.199919005911734
hang	4.948818104970546	4.890843167231779	4.8273494456039465
following	5.24195930745823	4.865781838957368	5.232222497075764
employ	5.133857412792772	4.918178077834569	5.194003744316154
