deal	5.051213247120337	5.0002829121857815	5.106392464853794
study	5.278848211694235	4.899649114229684	5.244870879076424
afford	5.182436579534444	4.936345034808382	5.214613489373544
service	5.189760324645771	5.008131127368869	5.284601346185803
height	5.069080887870979	4.864271598056024	5.035113950612037
prospect	5.158043898381028	4.983451389384533	5.162532983600323
pleasant	5.233860961405898	4.838171796882847	4.972822956200182
shade	5.123531328167801	4.841411137744491	4.943954465013383
listen	5.024295082451063	5.062044872661427	5.0343487275037875
mighty	5.005630739616282	5.025460530296495	5.078699880936801
country	5.12440945610831	5.0046043509552725	5.268320316321224
title	5.225060737945491	4.956717694961013	5.33982811282885
choose	5.14820353621525	4.941891303896149	5.201936105057707
village	5.149549545779416	4.900308919434769	5.071684650644138
acquire	5.219815476667965	4.962350945926654	5.2975396766147
rank	5.134202213642889	5.048604564720445	5.270255299127786
bow	5.054125341453538	4.959995450575827	4.982420407381948
doctor	5.013798385099294	4.981346730329826	5.003249330813941
talent	5.247380302398127	5.0088738388349405	5.319981573334535
source	5.17270737641191	4.961841343657228	5.2499996288798325
lead	5.058093274051745	5.022235369898062	5.149527243141873
question	5.064447065242378	5.032183868839013	5.26303412025291
publish	5.245717828855325	4.929287326501718	5.333727511624327
interest	5.1545725225968395	5.027017980504793	5.2936024156296
serve	5.060949889576177	4.960763453686911	5.093208071984818
divine	5.133317138090527	5.006714998698462	5.245681864022542
put	4.969177861066491	4.925762891093742	4.948000322825955
shadow	5.04454628115209	4.916447520415839	4.984930996663248
practical	5.184923765564433	4.965946249686207	5.324823384291749
surface	5.065389628970538	4.800626330638206	4.95256391657122
account	5.105236052983893	4.975456147192158	5.196477657053349
loss	4.951934384418581	5.08443135189345	5.127549176673862
indian	4.980604061099725	5.026861063761461	5.117888808468699
vine	5.136702761716147	4.782789649034891	4.998971194201858
certain	5.050969663789418	5.016558839008639	5.204049419607944
sin	4.871161716293346	5.118685602706347	5.090088583564848
necessity	5.012433359556435	5.066756729978308	5.2550139175386805
lose	4.985162494264729	5.050403172842646	5.055678749490556
private	5.10961012717696	5.04663867264914	5.2820651043997575
gentleman	5.154650723154396	4.953696993707227	5.116638752899013
daughter	5.046076227290687	5.046133595002932	5.072951682910647
drive	4.848557395038415	5.087634445345309	4.961891655737615
strange	4.96157048851129	5.041070673163283	4.965805527112562
journey	5.144176335807336	4.934239041799369	5.050424012542098
uncle	5.117899718712131	4.934718389186917	5.013199857271654
species	5.05540370568349	4.928700042856722	5.129423112405307
think	5.037435892507984	5.023239407170674	5.068183082394384
bed	4.998630634596937	4.839003572358333	4.814168638091048
wind	4.941466677985686	4.949817012558509	4.88436196882179
bless	5.085767856513629	4.961645753518477	5.012806691336213
destroy	4.887365625361853	5.089145349070091	5.111890577074172
author	5.217008144246945	4.978471874548317	5.288977894830532
sustain	5.048555980278417	5.045285898352814	5.251260007084289
black	4.959490058467962	4.865894050100046	4.845946407016532
event	5.086099001051639	5.077780018381181	5.2684531444470775
liberty	5.081150546281872	5.10179899739937	5.319081247252273
negro	4.951793818719708	4.961703829982352	4.9791935524077005
little	5.108122201711656	4.896715110484421	5.000343079090001
fortune	5.087751035144462	5.068016638465418	5.16680442232818
touch	5.04839812622548	4.971479713674402	5.011732135179276
kill	4.788630786424952	5.087196852878058	4.903252168197057
feature	5.1018948608812	4.944265109994835	5.0886028709921245
happiness	5.123073188691506	5.062315792371832	5.225418373150379
assume	5.078830843730793	5.021158738526383	5.205272870227847
notion	5.079934611547158	4.9793102394555016	5.151981186763626
purchase	5.1719479365432255	4.874165869854307	5.151419899187639
faithful	5.137411920249387	5.057156459578857	5.234586133425458
soldier	4.925167857451226	5.151958812214281	5.0942490798876445
father	4.992758290257934	5.0586002994573285	5.062395468923006
narrow	5.0067936488807545	4.896693596578809	5.001448985910855
great	5.119555526387916	4.999980773407994	5.235342238910998
tear	4.911297351964895	5.009028166476857	4.885149086358656
honorable	5.140715796393878	5.104510989980094	5.358217569600055
previous	5.105257104121719	4.964484235599209	5.195685624802835
good	5.10117935400853	4.989407173913155	5.121183704041926
domestic	5.1534975618142695	4.950448243580502	5.18699930653643
glory	5.158168791685031	5.004559957014338	5.181984346188193
lay	5.000154036291511	4.90769446498998	4.958167698959546
occasion	5.079034225793576	5.048072123184479	5.205300354280624
guard	4.917336334143294	5.108130264499195	5.087094044654383
whole	5.073224229848315	4.950848663553705	5.143790425152562
mouth	4.980376910366794	4.881610352012907	4.853002384252314
receive	5.149925792329663	4.9763706395325435	5.218101682666148
take	5.019550643403639	4.976117664070832	5.058480060023703
simple	5.1688491065313205	4.894693829752794	5.142225559226808
error	4.985111383013956	5.08738161677867	5.254202344643009
wisdom	5.1054582086622355	5.07074707073974	5.27123702364603
rock	4.9691063425531015	4.894310333562076	4.901496424156059
decide	5.07346603415355	5.062400529531736	5.296916146699968
exclaim	4.9189105901448045	5.060209026257736	4.905639002825043
assure	5.076783846190969	5.0611101266329825	5.161338148159496
sign	5.046027161168825	4.975491889730813	5.114840792505355
preserve	5.128379113738617	4.927971970500844	5.162842711846934
commerce	5.1399963234939	4.961449306814626	5.270283635935932
plant	5.113001824421518	4.797754220733122	4.9966729786193
walk	5.127127285212392	4.862332613327677	4.916907660133521
difference	5.089075229008477	4.943716651044472	5.199582310731485
hang	4.953573870901879	4.893191843288662	4.8284574790270876
following	5.249250267041955	4.864919091911242	5.2286381769986905
employ	5.136471506175564	4.916943725082291	5.192513635057317
