deal	5.012066286261255	5.070963322856759	5.1064620646788095
study	5.27339800480883	4.946286904016817	5.252748218924779
afford	5.161862254119473	4.999614076188698	5.2240541071429485
service	5.17612927757554	5.063297538753457	5.289148941676858
height	5.056299474612737	4.9295444713188825	5.062633224130548
prospect	5.136407562878379	5.056301612640727	5.176390705646532
pleasant	5.22114310665244	4.891789328508615	4.999006469965778
shade	5.122564120079073	4.91156762206289	4.985338288121907
listen	5.009161210454212	5.136600815255996	5.055942586103927
mighty	4.972749396216957	5.111515748082471	5.090757461687086
country	5.095092725670013	5.080215723660634	5.267538733240053
title	5.2266722542937245	5.0255245068728085	5.351754182941589
choose	5.131716896071626	5.00271405036775	5.203098976330267
village	5.104758268030336	4.97091386228748	5.078543946775954
acquire	5.20460365167474	5.0154466617615805	5.297662015667802
rank	5.1275330114188415	5.111430633229996	5.277021412689382
bow	5.0533391399052485	5.025605660608742	5.021102324500483
doctor	4.980203996210092	5.033591062190281	5.004768698474225
talent	5.242063742591636	5.05792830457666	5.319462338691527
source	5.163296883205478	5.039867884469974	5.269072018298095
lead	5.025858564961449	5.096709005747096	5.155438144538938
question	5.039764064415643	5.102342026573913	5.260081521783068
publish	5.239487752762795	4.996057339916149	5.337134927258289
interest	5.137797006260495	5.09964429661915	5.298540662579345
serve	5.034317176336234	5.022973424256506	5.099808774411382
divine	5.145466503376583	5.08285972171648	5.273971378389192
put	4.924968941531565	4.990436176877352	4.953276390976206
shadow	5.035952230720803	5.001121829146694	5.02311473789476
practical	5.175504702590539	5.023000273182434	5.3271591265257845
surface	5.037772674406745	4.870016301058871	4.98218385837432
account	5.074500279073445	5.045635141311256	5.201947496384649
loss	4.91411851743391	5.1613086569000455	5.127420972840284
indian	4.928464079399077	5.1074450110032945	5.118928051442991
vine	5.102577529913075	4.839239392011288	5.01329411127258
certain	5.02873962319544	5.089977149123826	5.210842838749517
sin	4.843043119130148	5.206615034617404	5.098060000116826
necessity	4.979219663318576	5.137421414318221	5.252253038562692
lose	4.956333692339789	5.131658193087299	5.067955992113596
private	5.09029116432546	5.115189062595498	5.282247309162058
gentleman	5.135184139044583	5.001592213910263	5.122013252526646
daughter	5.0224132641954125	5.11439236723514	5.080786465148961
drive	4.788566967153696	5.175315852838609	4.96633234044944
strange	4.934170417898467	5.129373576202839	4.987785514422168
journey	5.101017043610822	5.004867205477675	5.060805716085448
uncle	5.083527322051844	4.994145807233227	5.0205267559264
species	5.031072363385429	5.007890273785894	5.146353972271752
think	5.00709452429725	5.0929733557477395	5.075980725215326
bed	4.952717294732096	4.905573528250778	4.83378127284101
wind	4.900304621725828	5.029793408479755	4.909265330982525
bless	5.076673479135061	5.039858737426623	5.044961824846201
destroy	4.838496563379947	5.174452809024121	5.103370693318245
author	5.213724788395204	5.044325520865296	5.297916110085911
sustain	5.029476002784732	5.115241663865758	5.251525489356983
black	4.936171941207824	4.939675072390251	4.879386449060242
event	5.059176595706126	5.154535056096026	5.266474617094712
liberty	5.059221065144219	5.171573993143026	5.309999454148135
negro	4.883182627011334	5.033936189379149	4.9765227166774455
little	5.0748294253641255	4.9547840806863315	5.010340937003505
fortune	5.049313887993042	5.139360881260563	5.160543890294923
touch	5.044570187194386	5.043258178009799	5.044346886680938
kill	4.706753701888664	5.169686109811712	4.893866692985722
feature	5.1109327094157635	5.014471922279722	5.124618991662748
happiness	5.1070673516521845	5.136837443842493	5.235423330742019
assume	5.078159116868353	5.083207396584842	5.2214473130088095
notion	5.048431999750472	5.04349446376707	5.153884759373691
purchase	5.132048467517212	4.9451416661005325	5.157640962028991
faithful	5.125278594722014	5.1257105586690805	5.242140064451422
soldier	4.88015122414941	5.222403718064811	5.090640382816919
father	4.962204172818345	5.130685164602044	5.069441330466027
narrow	4.9661095762968746	4.972925520366644	5.019184519054649
great	5.102483900405414	5.071509274610708	5.242815356070072
tear	4.886906647871968	5.093529142023334	4.914255333183092
honorable	5.128723896138299	5.165629134924054	5.350542147752133
previous	5.085144530157188	5.024430066292773	5.199639840662552
good	5.071597177089657	5.0473531994388825	5.123094283384485
domestic	5.135933078703254	5.010207028018622	5.193891417497615
glory	5.161298473820429	5.08511622662964	5.206147728071202
lay	4.963109800771184	4.983932683147875	4.975073992392611
occasion	5.055537411870768	5.110146388175902	5.2075394794604275
guard	4.869519350408254	5.187813223061112	5.088462042304127
whole	5.047088554594886	5.024193908177451	5.15365481957952
mouth	4.94784685576773	4.952057036578074	4.883997198483837
receive	5.1414849396274604	5.040742170587772	5.2324915132371785
take	4.984200277088961	5.045277765970739	5.064688473703414
simple	5.168390073183833	4.954106939192244	5.165358781746123
error	4.959834176798299	5.166151732899186	5.24889099315582
wisdom	5.100258864812322	5.1386595292847685	5.278140339840703
rock	4.920104553883001	4.981956943266768	4.925453230692252
decide	5.0512855678989865	5.128379214752763	5.289473608666096
exclaim	4.886580358812575	5.138192334200991	4.930175369636265
assure	5.050385045721681	5.130288276239563	5.17159455328888
sign	5.041311599246232	5.049931587329903	5.139154115118948
preserve	5.1189985934934255	4.9896981067079125	5.178518495628929
commerce	5.109294277786318	5.040916620427349	5.277024761205035
plant	5.078431037912017	4.857701598711139	5.010125888953703
walk	5.104715345357064	4.918526151519131	4.940984112194289
difference	5.074229035530952	5.00911076322332	5.21140806248709
hang	4.927284895368815	4.9718689902648645	4.86033274851991
following	5.256434008449637	4.920115345275908	5.251004373040711
employ	5.10921636433393	4.97857620096118	5.1988336851619765
