deal	5.085193777372438	4.937474369679742	5.079726045159578
study	5.2994201493375765	4.86014754226161	5.223900531491934
afford	5.223184564867034	4.882919129888913	5.207740033522726
service	5.2241570428409645	4.947947529492195	5.259589460240315
height	5.089558222622166	4.814682795266799	5.027286963443415
prospect	5.188499049096484	4.934768240948195	5.150859210093307
pleasant	5.262790241075577	4.782341141517344	4.9579894635624395
shade	5.141402378371018	4.792218223071986	4.929813943065008
listen	5.049743191823685	5.008520111571127	5.017563933688964
mighty	5.012064742809062	4.96838821122151	5.047036114266457
country	5.1573851278871965	4.947649152819084	5.245472360910559
title	5.26961592467361	4.9173322171528095	5.326482227913794
choose	5.188667242053669	4.886513947636933	5.183156178949813
village	5.18709380320443	4.828568803539816	5.062223584864679
acquire	5.246581360796535	4.916933657946323	5.275957996026168
rank	5.162446277238708	4.996861541080656	5.251561218530362
bow	5.075162980716351	4.896914558604023	4.95848824637658
doctor	5.054726666042332	4.913755441597209	4.981578774295944
talent	5.269902220263651	4.967417775457923	5.299368498979827
source	5.2031093763993885	4.921830549354415	5.233324156601525
lead	5.085556043070093	4.967583543690544	5.133436239415623
question	5.109829311796626	4.982601389592182	5.250325969500738
publish	5.2812832004303605	4.881258978209527	5.3193336742765
interest	5.189798917056679	4.980999249629264	5.274842021807874
serve	5.09134103713799	4.899727802050522	5.06791299714199
divine	5.151850793378343	4.9719468129121465	5.211312126709804
put	5.008125013149264	4.849885048199034	4.923465091171889
shadow	5.060479963427314	4.872733898039932	4.968237190967641
practical	5.216309922493751	4.923304025268823	5.30460968441145
surface	5.088954697127797	4.742047422917034	4.938622727227055
account	5.154599569289052	4.919644501792411	5.188428502406142
loss	4.990217505936478	5.028549140098114	5.107431362332844
indian	5.0205964256535465	4.950715983125802	5.103174897920144
vine	5.158809536880496	4.72703011529173	4.979348765433166
certain	5.090946321747338	4.964258996652768	5.188628916968234
sin	4.889117468427763	5.072990671867292	5.048786215132882
necessity	5.047714800552525	5.01286324355142	5.237270971932928
lose	5.009714713834469	5.0004732421360485	5.033370498467933
private	5.146163587605485	4.996544490079343	5.266207543284227
gentleman	5.21159186999015	4.887164548689617	5.110377790955055
daughter	5.082744234512187	4.99195336215748	5.050000380713599
drive	4.877119446596044	5.014119695086062	4.943203282469563
strange	4.991828290039804	4.987760092024886	4.951338375999324
journey	5.1702982146096	4.877145706473886	5.041772398409622
uncle	5.155712149990333	4.872234892001969	4.986064862877775
species	5.098816174297921	4.868407565907456	5.1127363879223475
think	5.068685821915528	4.972569464323354	5.0425415482034115
bed	5.027531107196436	4.770611227174777	4.7988812790654665
wind	4.962016948823186	4.884039013717354	4.8690419300406695
bless	5.107408843069023	4.90866207885405	4.971323921351394
destroy	4.91598118673916	5.025522739282374	5.084442902309412
author	5.249894368426746	4.943390561145398	5.275346872314458
sustain	5.074436289865863	4.990871727071407	5.225085222221123
black	5.000178164792026	4.787222950998565	4.837391639477334
event	5.111546652036005	5.033956137448182	5.254277750800721
liberty	5.104855922884392	5.050697898209392	5.28554034925663
negro	5.004525417096997	4.873293488770156	4.966437094832465
little	5.145322576265408	4.834130347369825	4.983812028258091
fortune	5.117925474413184	5.022122015600554	5.147596853254775
touch	5.077236629631483	4.9192783490092005	4.99148820151545
kill	4.815991179036678	5.0120422808986875	4.874741416300916
feature	5.128472677389297	4.895852135650608	5.075187141746662
happiness	5.145009452163567	5.02645734615002	5.197216942956486
assume	5.11904239571783	4.967761677960354	5.192139179157421
notion	5.117672237024088	4.9267748535974905	5.127562606265268
purchase	5.224930783697925	4.808823042381388	5.134903272311521
faithful	5.1584915043863395	5.011137401098748	5.203805448195156
soldier	4.941132463588314	5.082393356984036	5.068736373885762
father	5.025727767335258	4.997754368194987	5.030796974248939
narrow	5.033562042604307	4.835576300419481	4.99255762895126
great	5.1517405930586975	4.947719421609032	5.217516915238286
tear	4.927753346411974	4.946187729563653	4.85023085445414
honorable	5.17708770119779	5.0581777637962695	5.339402909098525
previous	5.1495052739106	4.908551064794219	5.190208778244342
good	5.141192495253536	4.929714082297931	5.0928945935830106
domestic	5.193787952229009	4.893289948804073	5.163935826335223
glory	5.156971768226204	4.969131949447607	5.144445647791905
lay	5.028366483008657	4.8400383728545995	4.938821762180603
occasion	5.1212095647722675	4.989783338841357	5.193430274790609
guard	4.943257801189574	5.040202189700805	5.069580123106078
whole	5.107888180831085	4.88950035039356	5.128486883869114
mouth	5.0140311391221735	4.804368289470921	4.841028487735292
receive	5.201922213788657	4.912300450679571	5.202568252109673
take	5.062388410744645	4.908380472997118	5.042220270661719
simple	5.199779809278866	4.847624448749497	5.120188548821406
error	5.016010817608831	5.050544501018386	5.235945053780892
wisdom	5.120881632055709	5.035107924072979	5.239010680535504
rock	4.986400507251167	4.826660378987324	4.887287354232083
decide	5.111750880159396	5.015816592362898	5.286255231580848
exclaim	4.95284277330851	4.989137473917043	4.887554791890271
assure	5.115012757744094	5.004776503530006	5.145240569314187
sign	5.081702177085951	4.918319257534855	5.096007910690085
preserve	5.156230161148274	4.872226273800387	5.1365549218439925
commerce	5.177853698915378	4.900444364009997	5.251812764271684
plant	5.139394550939327	4.737270163241758	4.976015911439132
walk	5.15153442911671	4.804334339069636	4.906336535694336
difference	5.137869971684657	4.891889104381015	5.182644399590081
hang	4.97822654472676	4.830153329594129	4.813238368951611
following	5.295065896870444	4.8155376819215014	5.220870295193018
employ	5.171939876020612	4.855099252352432	5.17933571580856
