deal	5.089262560831648	4.998775002744133	5.099453504470537
study	5.303430212442277	4.908864259932527	5.249187724195837
afford	5.213852518177816	4.933404345133625	5.212962665303629
service	5.215382866914236	5.0056165516786	5.270726983314303
height	5.1079204306287025	4.8569193798347206	5.0211172674769475
prospect	5.19390654954743	4.978423409374088	5.161395753910883
pleasant	5.269968941839436	4.8394685725820645	4.97030438323197
shade	5.155734799959004	4.844200697860538	4.933521235726808
listen	5.054750282550516	5.070402319095063	5.02488105358408
mighty	5.043720889428743	5.009909874725276	5.0575078524825665
country	5.154325049457812	4.992577418455524	5.2564538335077735
title	5.230996925804839	4.973706082910128	5.320406922825166
choose	5.1796665376052005	4.94017732336396	5.187881788484896
village	5.179025386552641	4.886476220541215	5.0568751474438525
acquire	5.241187918113917	4.964651456111015	5.296839980764058
rank	5.164742644689959	5.055284202328666	5.262845142677313
bow	5.084190406769933	4.969423210410289	4.961553244026753
doctor	5.04612721347674	4.981496057133297	4.997633446396813
talent	5.270401202609453	5.0219506988313976	5.321429297140632
source	5.19053735163944	4.965014209327762	5.2453263443549565
lead	5.093108088619271	5.018540296437507	5.141427846483634
question	5.091566522527487	5.0356181493198955	5.259245009541465
publish	5.256562328697662	4.9296501550798615	5.319634855002032
interest	5.176227024190081	5.028003346378661	5.285900951304
serve	5.099904674556089	4.9521996945590985	5.082338590386661
divine	5.155335148152376	5.01792424267257	5.236545472652721
put	5.01004982651484	4.916131263711417	4.931718077978273
shadow	5.077777514462255	4.92103602028519	4.975779333001434
practical	5.212770405814625	4.966755649786228	5.326499006254767
surface	5.104448623483886	4.7902848063986765	4.9477734348996165
account	5.132620091498343	4.970264827978425	5.190609476793966
loss	4.986742119136459	5.063473815576827	5.114451780247247
indian	5.0052459609849	5.008575437750285	5.100407011842074
vine	5.184065490299492	4.768606227134926	4.997759748506416
certain	5.0799885594785446	5.013850149183854	5.201672406810532
sin	4.906086053903147	5.113078965002972	5.070564356205273
necessity	5.043083382388211	5.057330785332036	5.2492585669470415
lose	5.023553061759541	5.0399930416659195	5.044453563884458
private	5.131787736438195	5.048867755798422	5.269111110747454
gentleman	5.184634063005275	4.970612663554904	5.1156997014798105
daughter	5.069767164184236	5.051815302840632	5.051627837973871
drive	4.890758568230508	5.064954230438293	4.939116004209784
strange	4.995388727443314	5.04008450020394	4.957065983798418
journey	5.176261164498406	4.9181493812956045	5.041755075941595
uncle	5.143358184027443	4.942954887722906	4.9993414978646
species	5.080588362853849	4.9135627938031305	5.115268534062572
think	5.075789827404094	5.0266569762643565	5.06342210348577
bed	5.036220293846375	4.826480665025131	4.793980354265848
wind	4.981200456179388	4.929985585424065	4.866678702517521
bless	5.122692250521232	4.96269321573903	4.992073232848039
destroy	4.925318870712484	5.059190489289697	5.089824432181536
author	5.234770843668906	4.9885545554669015	5.2829489070333455
sustain	5.078625381707928	5.0328590261430115	5.2389082372167115
black	4.991347579444332	4.858045099187738	4.82242959149844
event	5.114008312167054	5.066367584331586	5.267361217875972
liberty	5.109466757597504	5.0925432758210905	5.297546630392939
negro	4.985984046726534	4.945191287480498	4.959521301944288
little	5.145456524958881	4.896297050882207	4.994027516821175
fortune	5.119881688203984	5.062227034949604	5.1558439662493605
touch	5.0777303419833775	4.982673796298613	5.003666348448075
kill	4.844071013014499	5.05723131615255	4.884719159911074
feature	5.119796874451359	4.961803677051573	5.087135716394354
happiness	5.153298153618547	5.064047782767359	5.2198186589862265
assume	5.100315469794096	5.028883336737408	5.2028915468127215
notion	5.113151819107287	4.9902241967114636	5.152638498318382
purchase	5.191198591447854	4.8671297617181475	5.127910308509918
faithful	5.161519395662534	5.0609338465750895	5.218841118592062
soldier	4.9676319587982	5.133866854212578	5.075031648849512
father	5.01980108612385	5.060222997123962	5.041940854773813
narrow	5.040887484394013	4.89062798146736	4.989312587487892
great	5.1519880585861895	4.992303492328472	5.229685603971279
tear	4.943281625167401	5.000882250712944	4.859481550516508
honorable	5.16663509751442	5.110078973394995	5.347691479387478
previous	5.131226713019501	4.9537746739654835	5.193128455536974
good	5.139602063827798	4.989726558979536	5.116761464996935
domestic	5.177616714941528	4.942413631656954	5.175890551616613
glory	5.1911174493860655	5.001225665176264	5.166962560867616
lay	5.034277917973726	4.893292735992254	4.9338775438641145
occasion	5.108538824436784	5.042960761579299	5.2027017675899385
guard	4.95321786694506	5.096264243861681	5.065451244320999
whole	5.105777670783747	4.936450190275553	5.133506991189387
mouth	5.002931582621147	4.880524785774454	4.830546526075155
receive	5.172470072453093	4.976687106910736	5.208126959543287
take	5.054514724903443	4.9707501401199	5.048915043161691
simple	5.19357072874867	4.902773180756976	5.137803804010461
error	5.015605445763607	5.086444254702678	5.2502599692202425
wisdom	5.133969899212288	5.075627361963127	5.266296362863957
rock	5.004333262031608	4.875291581092232	4.875008512983155
decide	5.103478500463315	5.066353754514834	5.295770434711195
exclaim	4.953119329078311	5.067807903363382	4.889631113899416
assure	5.110404320403484	5.068510127477601	5.159080845347825
sign	5.069178888896843	4.980765671164936	5.107715033034929
preserve	5.1595007171722065	4.9206385081047825	5.156299464641397
commerce	5.161500559205685	4.944387245783919	5.257306417237005
plant	5.158240071679334	4.781964133113513	4.98890059592953
walk	5.163573684324582	4.868500303731797	4.90614390765779
difference	5.122171978015352	4.946683463126649	5.199586038070111
hang	4.991163555615237	4.891366870869975	4.804283572220696
following	5.268429027933667	4.866367242973257	5.223927275628198
employ	5.161329529430536	4.906771129745476	5.183202610431545
