deal	5.086265335308881	5.017731514488361	5.160936952619505
study	5.285500384972829	4.932819407595524	5.304797622739074
afford	5.197681149727363	4.977408395870415	5.27280869376662
service	5.199226944040917	5.037429173834192	5.321478357535205
height	5.097647194710789	4.894898101799793	5.085978974847118
prospect	5.162983253599085	5.0182746988500275	5.206835206882519
pleasant	5.233643725715283	4.855779451290549	5.00595426808349
shade	5.131149477355	4.8567556714498235	4.983985306929194
listen	5.043975359947648	5.062480159658151	5.070794415991617
mighty	5.038576873259443	5.044142771098768	5.130534681181025
country	5.1479980585476675	5.046130688710956	5.329535206845081
title	5.254218643283973	4.973227128638654	5.390671005262773
choose	5.165207560084586	4.969839213657552	5.24361695973276
village	5.156621709311825	4.9335407478774105	5.104474146480666
acquire	5.243238051164196	4.998552405178495	5.362985726338011
rank	5.155560566985405	5.070240135335717	5.316576839760459
bow	5.07896371657542	4.952589889201411	5.005294038677842
doctor	5.045011695667509	4.982066355505905	5.043161078485821
talent	5.265615873880258	5.038025195201134	5.385674669564263
source	5.192381686132104	4.996735880151377	5.321291841560428
lead	5.073784586809632	5.046037916231278	5.1936714499437695
question	5.0990021107698285	5.05388527594615	5.321850884056774
publish	5.264042949456638	4.9644635508324315	5.39180700904857
interest	5.168916101751919	5.065028598804169	5.351173594332529
serve	5.080823609469468	4.9797014654361345	5.13504039434689
divine	5.149943804863597	5.024943684790427	5.310218982257545
put	5.014433461342718	4.932127907444475	4.989074166852856
shadow	5.059831805289409	4.929539226443718	5.027033292494543
practical	5.205140369383736	5.008545216449195	5.400106565084505
surface	5.096401323862324	4.830320931281093	5.009280771575953
account	5.1278586731171005	5.009323400581305	5.255614329727005
loss	4.98453440852294	5.119942050526708	5.1885616865837605
indian	5.0117441843022394	5.047652757789735	5.1576302854428455
vine	5.162332171622935	4.825629617758012	5.05996283051258
certain	5.082251509420657	5.046542429195626	5.269018745405539
sin	4.906023107472052	5.132424066732396	5.157884302832822
necessity	5.041180123464021	5.1045139810213085	5.320675416017257
lose	5.016204768747206	5.0703048086314855	5.106676483416747
private	5.1215937898385	5.080560570102941	5.329316408916924
gentleman	5.172454593867818	4.959303564241755	5.145700282074268
daughter	5.066241866059099	5.041816065220643	5.097639046469202
drive	4.889960186935565	5.104891951228476	5.003843366078676
strange	4.992343188019434	5.044276076526727	5.010254377868424
journey	5.145820147575106	4.964417688285195	5.07869165332582
uncle	5.134720211157164	4.932727948119524	5.03532961228218
species	5.100447089035723	4.970663049173071	5.205382848150044
think	5.064645316409655	5.032180640920268	5.116101012214702
bed	5.021458247545494	4.850411174666129	4.845222272993757
wind	4.977798556706623	4.9693592013699295	4.929268563325383
bless	5.104762121838266	4.965660360283384	5.052363184285632
destroy	4.9283127554615875	5.122654713637906	5.179701470070448
author	5.23667735836755	5.003356168258983	5.35735354732801
sustain	5.0735628879128	5.082750925421466	5.313660342077466
black	4.996020681427843	4.863450861883702	4.874264123091758
event	5.092976986379444	5.118903406855374	5.325661188101192
liberty	5.101718373693926	5.132301538866058	5.377893346836519
negro	4.991600851009954	4.977675285024765	5.019115502783605
little	5.130365495037717	4.910831486022653	5.041008910048665
fortune	5.112561155537365	5.088500708573368	5.213782723125922
touch	5.074609299113521	4.970389480145091	5.054388547516092
kill	4.840843532766477	5.099252319424144	4.952762947768189
feature	5.117029132210845	4.9478578774555055	5.125627465575746
happiness	5.1323283711733225	5.090644354980162	5.284299841215246
assume	5.099668639538948	5.037609064675187	5.251077151041517
notion	5.115725219468565	4.99281612922944	5.213609771494465
purchase	5.205978664633974	4.905465960281914	5.19670952630013
faithful	5.14358086053078	5.069502104303533	5.266908862531272
soldier	4.955082507603526	5.163060701816159	5.123925532512441
father	5.018053463360868	5.055421622414512	5.094291408902675
narrow	5.035339159049806	4.920201904925298	5.044917465334057
great	5.1444952734553215	5.033614551035735	5.296817209768845
tear	4.945291853811338	5.007351489590643	4.9252097290702235
honorable	5.156821209737368	5.127498199768787	5.406606505986151
previous	5.112514725608552	5.005352183643258	5.245141267348649
good	5.127808386604305	5.002706823855949	5.171159380896898
domestic	5.169471355056649	4.983124702181984	5.241922061592469
glory	5.174383520680261	5.025936406001217	5.234914354557998
lay	5.0302782270678374	4.921106577025816	4.993570276184865
occasion	5.090825605105467	5.080926979033752	5.257606648751237
guard	4.9446087500433995	5.12130627131829	5.111348438824305
whole	5.0993686383706	4.982373977893949	5.19767620375445
mouth	5.024180355531281	4.874181557572251	4.88422944010222
receive	5.170334681807972	5.003658363933102	5.26271479859865
take	5.047182845966013	4.990896805295586	5.097237676749501
simple	5.18854521726685	4.912771493872226	5.1994633987473104
error	5.016909813148757	5.122068610178738	5.336413239301082
wisdom	5.125955991338629	5.09239362589406	5.33636581097882
rock	5.004477411249525	4.913287079524107	4.942565778576544
decide	5.098031368545843	5.090097181808262	5.350927086806266
exclaim	4.960312540817609	5.0424907618471915	4.9358966817353425
assure	5.097312418358225	5.073917311003556	5.20174217246428
sign	5.076756454920445	4.982458468046869	5.15549972465158
preserve	5.142645333551747	4.955500093082329	5.2172373167395625
commerce	5.178538873847482	5.004972226045908	5.331428768196587
plant	5.141305200386063	4.834960840955559	5.060025151244641
walk	5.1350281638101904	4.872743403407983	4.942671270125018
difference	5.123113789933574	4.974782585647076	5.2719809625261655
hang	4.98932755449454	4.893253451987719	4.859398089112518
following	5.251044257837691	4.896928870265718	5.274767996315718
employ	5.169589026872863	4.957246542280448	5.252146049677088
