deal	5.089421593677327	4.9489765488763595	5.091626587117003
study	5.305054216451404	4.837179047612464	5.2126559157689405
afford	5.196373909513082	4.8956939189581075	5.1908144821579665
service	5.215393290910706	4.966780475856191	5.258029149209501
height	5.1148069629681965	4.792136146860504	5.025032355176176
prospect	5.194597779330592	4.9262637902209425	5.141391765046514
pleasant	5.304490942292073	4.759166530644386	4.967173425172021
shade	5.183136428088909	4.757370895809418	4.929434762550911
listen	5.084411939442057	5.0048856700546045	5.034076849363513
mighty	5.059038261008866	4.9524977966249555	5.07334197624501
country	5.135037915008965	4.958543879419061	5.231577577536268
title	5.22669973004749	4.921906337451285	5.2940055960971035
choose	5.1690769112656305	4.899665453636774	5.1694153256782975
village	5.198860471504885	4.839195051858314	5.070844351806347
acquire	5.230177385049579	4.915802202071727	5.256332429593621
rank	5.159649636144624	5.005037743767939	5.242915774344308
bow	5.127875559170532	4.896590197892536	4.986459321870721
doctor	5.06700193218124	4.925294118053712	4.994820807104891
talent	5.2616115874335625	4.961853404628275	5.282569177962917
source	5.182232713242151	4.9116266539442694	5.213382954013395
lead	5.090218180234701	4.9803518444219375	5.1392769791347845
question	5.073220230403016	4.9959923283581835	5.220877615292872
publish	5.242319637348938	4.886814388828665	5.294209717509084
interest	5.161608419601873	4.988939581903418	5.249871227196153
serve	5.095371808993666	4.912659920466917	5.079123511278575
divine	5.154044587154654	4.945578061677023	5.204760890321147
put	5.013407914903825	4.879441196367539	4.942741687599094
shadow	5.0996176131921995	4.838919997114088	4.971608548498252
practical	5.1851107087779	4.920920799448237	5.279234055542246
surface	5.105602285926086	4.720355665437203	4.933443943620144
account	5.115015185884909	4.939988821804151	5.175260795308679
loss	4.96874693247591	5.040067671731449	5.101919007527401
indian	5.010597575379919	4.991051404980646	5.114939509049686
vine	5.1664582681838285	4.70563566441226	4.971503264021136
certain	5.056541772014438	4.982757750463496	5.170895694253894
sin	4.904890285837783	5.051136658105613	5.058392261132263
necessity	5.013788106599101	5.036401919005989	5.216634250117522
lose	5.024320570462837	4.999084134100467	5.0456759748886615
private	5.119072854512084	5.019580445883002	5.246050169155946
gentleman	5.200001752620198	4.911725262743528	5.103704967265222
daughter	5.0942965220721605	4.987983817258149	5.048744180007229
drive	4.901167471486861	5.039096714218838	4.9699647639085756
strange	5.013443700890934	4.97951152754374	4.961988285330364
journey	5.201189569601345	4.874887445310516	5.063872842975135
uncle	5.178201619687573	4.878743970822783	5.003591503768021
species	5.0522963607731235	4.887370836366948	5.092746711762976
think	5.08048754645558	4.970208610361753	5.05432562107595
bed	5.0742213022448714	4.759833607166095	4.816324475634754
wind	5.003435122997795	4.873464507132463	4.886870171912315
bless	5.146570736177265	4.882334515563578	4.994596563113984
destroy	4.899173219760987	5.042961342040499	5.085303518445113
author	5.225087978878612	4.930111168718787	5.256068577177327
sustain	5.0564240887024745	5.00092008277795	5.210516997961223
black	5.029803713640434	4.795585526716044	4.851971741465926
event	5.093989753809103	5.033191469477217	5.237673825353982
liberty	5.092421582222794	5.056993135447082	5.273350140017782
negro	5.006314395668709	4.908979431699517	4.983376081210344
little	5.161329953450593	4.8381925004357695	4.994839663713486
fortune	5.117963141042146	5.019409127656973	5.143474005584193
touch	5.097514576928586	4.913993149643721	5.0018286974184525
kill	4.843766664334126	5.029738940042358	4.919821350362789
feature	5.145123846137064	4.882445279764813	5.060546074062874
happiness	5.140796146613468	5.009679228740861	5.182366234561226
assume	5.1001185447763655	4.984316713896177	5.172573846948971
notion	5.1061793975835394	4.93243416623951	5.125532765287772
purchase	5.1899347518934595	4.8326401485923505	5.1193409452275525
faithful	5.174207098963319	5.006580800295584	5.210861782565769
soldier	4.982238068408085	5.106455516221394	5.106127368117322
father	5.04416592396259	4.997317693256156	5.0432398160442995
narrow	5.055569748705874	4.83664260605686	4.994769232545622
great	5.136219298924079	4.955481919080748	5.210043168020914
tear	4.974351111721905	4.931104011433302	4.872326467532645
honorable	5.148169619130797	5.0703639022417155	5.313353161391632
previous	5.118167492065891	4.925985638458192	5.169073190342731
good	5.138223347471188	4.94051453801717	5.103147150752797
domestic	5.167821207732728	4.905865308455754	5.1456049771144325
glory	5.201133480198594	4.927519437575388	5.157911475144604
lay	5.055765252375033	4.843928090769395	4.952968938762823
occasion	5.096075586973188	5.012901088270907	5.183121768523262
guard	4.961293264498655	5.073734429940164	5.0909324077544165
whole	5.100125116039814	4.900155547454616	5.122348236911139
mouth	5.054228527032743	4.814814833734912	4.8634946563862
receive	5.162517037766321	4.944462896233838	5.188496696368953
take	5.05515238096966	4.93594741714737	5.047635284855784
simple	5.196682094513051	4.837743495855509	5.113575833163603
error	4.982063875016276	5.0424685743717825	5.208079263159065
wisdom	5.125050504664878	5.016934342972401	5.234490751786052
rock	5.031432053597074	4.813233487465021	4.907820897738169
decide	5.077110660996149	5.031932620413519	5.254580667719016
exclaim	4.9949995194239705	5.001945600971586	4.9194814027636005
assure	5.112475610830411	5.025520787460272	5.152180166144314
sign	5.07713768356573	4.932044985663013	5.099576169811947
preserve	5.143102690469647	4.880522853949308	5.134692290291457
commerce	5.138184218983754	4.923953665985747	5.225854678683989
plant	5.143500104508803	4.722236191407027	4.9712685893616895
walk	5.210569494311829	4.789988337076339	4.926546056608148
difference	5.091673468244453	4.901647433513166	5.154264300865298
hang	5.025476900821687	4.818288226548972	4.831374688019027
following	5.262277621828745	4.822591266262555	5.2054564009478765
employ	5.151717883372474	4.877626085484055	5.169681045064242
