deal	5.098564621160724	5.009077915815338	5.195993657942186
study	5.327619335593562	4.915458299665279	5.354212933730529
afford	5.2279608022438415	4.9533740766338745	5.312292299308092
service	5.2249000402900965	5.015144912688728	5.360993999790152
height	5.085434032394349	4.892526479748788	5.135952105246406
prospect	5.184476737285616	5.000139272846674	5.253292441541251
pleasant	5.2583269176933385	4.847729833024129	5.053977834900866
shade	5.141937513827871	4.859197608557179	5.03103338741419
listen	5.02371251002465	5.071240917771978	5.113417442656429
mighty	5.019765931804504	5.043930083824966	5.166645023251283
country	5.16896507210429	5.019771422866104	5.358287895154982
title	5.273931456609436	4.9571511003634185	5.428522699518101
choose	5.184040776268144	4.95497540362093	5.293812162826322
village	5.159916030123529	4.911063844161692	5.14254012908789
acquire	5.276283953008147	4.978130592065995	5.40523003207375
rank	5.174956184130207	5.055807462631932	5.358612697385159
bow	5.059204309696423	4.968946900304171	5.058939069179638
doctor	5.045362513408088	4.985790224310962	5.087899169811375
talent	5.307725304325137	5.017567041013494	5.425054895236299
source	5.225461807539693	4.9821240264362086	5.358442669206154
lead	5.079514665516209	5.042548515557678	5.239508989054078
question	5.113616473570785	5.041671611615849	5.362411460111002
publish	5.273522739229259	4.93207659489935	5.417513170143268
interest	5.20775658072588	5.037694943639564	5.390378934533983
serve	5.094022141915104	4.970862635105133	5.174582960022591
divine	5.184318820570803	5.025634640587946	5.3556803171819976
put	4.999216561387698	4.932938367897865	5.029873273009709
shadow	5.055961549682062	4.936856910759608	5.07871251999311
practical	5.2492468089234325	4.983163314901681	5.438247225562862
surface	5.0924082071355095	4.828082349429542	5.056341148221907
account	5.1462030391915885	4.985173888532413	5.285811248805875
loss	4.985466563967563	5.097760569005368	5.211126514238395
indian	4.986210031629323	5.034647091277403	5.185782815016576
vine	5.166540114161281	4.816059032846885	5.102276085664119
certain	5.100851625718386	5.0300416129851095	5.305322243969214
sin	4.908271613112715	5.1385952750135715	5.1835166387123826
necessity	5.064288990659123	5.0840818564162635	5.356601177457942
lose	5.010225486385039	5.065290605597318	5.1445918612767905
private	5.155837801109164	5.057804858661288	5.370004087257747
gentleman	5.193738145930021	4.953159711685315	5.197098369868951
daughter	5.063413449202189	5.052778891005757	5.1384206741594305
drive	4.844331238846586	5.104019915313381	5.0292243150171485
strange	4.967630729152209	5.049258146710428	5.039795553014293
journey	5.127719174644274	4.949145235357817	5.119336908066465
uncle	5.143159875783062	4.9392753821931885	5.088221887721485
species	5.108099971699469	4.949904472816974	5.232579384386475
think	5.072472012496648	5.031951604262533	5.1566080292421494
bed	5.0003929223098575	4.854890613912204	4.886750451025002
wind	4.931844588833207	4.974805557876804	4.963869861250742
bless	5.113364720397114	4.974425427730483	5.091406996990881
destroy	4.917427916088908	5.106927511890459	5.19587830745532
author	5.261117101113905	4.98407768631419	5.387286457258834
sustain	5.089899754035154	5.060941044040088	5.347662190825402
black	4.963309853672626	4.863391044981045	4.903820523638749
event	5.107647394449866	5.088296822181632	5.357875693304502
liberty	5.126784429849827	5.110082362711847	5.4089349133183955
negro	4.972886035734913	4.967481041668963	5.048853385441905
little	5.137150017626064	4.906080312256472	5.084132567444951
fortune	5.118390923234264	5.079866739163406	5.2482643178337005
touch	5.07069377079268	4.983427772559604	5.101945015656642
kill	4.780230197803962	5.101723841025986	4.9626622662728295
feature	5.128236075139183	4.95145208742773	5.180776437808218
happiness	5.177455161890503	5.0778402751286205	5.324986740845585
assume	5.1229525023971725	5.023934927366185	5.300312372301379
notion	5.151314254640762	4.983863010548102	5.259537972786043
purchase	5.213987379678169	4.889055175718662	5.231457604263501
faithful	5.156292655154248	5.067583692682561	5.313225258297405
soldier	4.915072048295044	5.162428807150115	5.153239825101198
father	5.0072344647411855	5.06859973527771	5.13053626406682
narrow	5.0228516975429915	4.923728473362964	5.09651911287296
great	5.16185729547982	5.013842853417752	5.330649831773832
tear	4.90985326162166	5.02328401392224	4.952273071307347
honorable	5.185337468742374	5.108859915774692	5.4400348707865716
previous	5.131519022544823	4.9740214681986075	5.286941114295196
good	5.150022718608971	4.998891934155179	5.2075551307012695
domestic	5.215485679763293	4.960031833488331	5.279197710522169
glory	5.183159463400076	5.019826066826341	5.273251857613323
lay	5.00199718758592	4.922666213851572	5.033192278573205
occasion	5.113835177850616	5.0564241757500366	5.294003592022288
guard	4.907874641627387	5.12530750028134	5.152011196836944
whole	5.108181232470339	4.9632786007736	5.23563864274486
mouth	4.9745480580761425	4.891322401685027	4.922550861341324
receive	5.184955532570352	4.983345262673437	5.298349290075456
take	5.043649685882835	4.984360893264114	5.137058785365256
simple	5.22423629138947	4.9073383368358545	5.250586618090462
error	5.0355059391869395	5.105306242166536	5.359855226674826
wisdom	5.15200896319552	5.088446996071609	5.375160900089165
rock	4.951001652201881	4.922321363363615	4.9779388339529
decide	5.11584124225551	5.072681092599435	5.397823159930716
exclaim	4.915110651234292	5.066588072749316	4.9685710975604245
assure	5.1036313069075545	5.069480632249989	5.24476988165397
sign	5.0659805733222525	4.986807169961382	5.205555186425466
preserve	5.168314290564927	4.93935896934516	5.25317953534547
commerce	5.187233188436553	4.978894990893645	5.3600990302839415
plant	5.145943689636594	4.827544216525721	5.097220863288208
walk	5.138306641906791	4.875727178477017	4.998685023169985
difference	5.164489603534946	4.959560007886252	5.308134302227235
hang	4.951390681787413	4.9061145224580915	4.89825661742158
following	5.2738726672552	4.871796904046905	5.3203384682910215
employ	5.179029536908661	4.933836963253515	5.289295341805302
