deal	4.970818155880992	5.038187315780496	5.083634675220738
study	5.2087349320999685	4.938401763488618	5.224755098255255
afford	5.118554338806908	4.969963538620891	5.190102579235913
service	5.105475429624031	5.0788706476527965	5.274425843498395
height	5.012866055343574	4.877758689405915	5.00379914651424
prospect	5.095757477578175	5.013679265268197	5.130883168507618
pleasant	5.191094093382285	4.843322353893351	4.947362825981723
shade	5.081381835240217	4.835649230588233	4.902671609530873
listen	4.953260275069916	5.093091207636584	5.004742195406428
mighty	4.9253683814137625	5.054418036297093	5.044180664458308
country	5.0486392247395955	5.052532868070307	5.239635855485318
title	5.128302327138448	5.01442527511174	5.315250715117309
choose	5.0605744057349655	4.99986665252127	5.18654483514912
village	5.089471215840142	4.929497810556647	5.042402698913024
acquire	5.160658469872622	5.005577740075936	5.280142073272648
rank	5.06520684158392	5.104312806130201	5.249537792657863
bow	4.998951595701723	4.9826775172236895	4.953258827734279
doctor	4.9328878076616265	5.0153873292844855	4.980823943504135
talent	5.1836254762563465	5.058742736449452	5.306617363166991
source	5.10207417662717	4.988912709245267	5.2170310185113085
lead	4.9928942503734675	5.058190281856389	5.121896936725812
question	4.972853802357762	5.08462224992645	5.236464109952626
publish	5.13414224633377	4.988842628151815	5.305710864512479
interest	5.07548820168007	5.079091705774466	5.266200945293244
serve	4.98646651426517	5.000953005192397	5.077942443158689
divine	5.04703203785379	5.04168990022166	5.213326578778474
put	4.88745604719511	4.955080585326691	4.930113813203216
shadow	4.98504909716044	4.919978401074873	4.940720582494094
practical	5.105662028440398	5.012565424094521	5.303531921074938
surface	5.024388601618985	4.790411760161971	4.915514785751085
account	5.020872090560067	5.016060963583407	5.171895111372702
loss	4.871611240590232	5.13591922788173	5.1088681701727845
indian	4.921661485161853	5.062035625577088	5.093992867676186
vine	5.091071169103218	4.795664693755434	4.976733745645465
certain	4.9767213771767915	5.053318948516097	5.178181990259375
sin	4.772663693408985	5.16341115524665	5.058297474044268
necessity	4.933340315925916	5.119431291537989	5.2329865780857565
lose	4.910064578966118	5.087175690991769	5.032071388209181
private	5.008541478653937	5.117468254689838	5.256259141481154
gentleman	5.085664536992372	4.9966478671127845	5.09712508318379
daughter	4.968376877219217	5.09565281738053	5.042455127909172
drive	4.781349888230042	5.120151267897695	4.934683124026207
strange	4.89317467016151	5.055067397253121	4.928357522355853
journey	5.080095966447365	4.963125968398601	5.028554039411152
uncle	5.030906805256585	4.9757739339084655	4.985923940272834
species	4.984817808509053	4.955712762708395	5.104343431453274
think	4.958675172578488	5.057822646211212	5.044540767089056
bed	4.935771438823253	4.844191684292398	4.782364146275521
wind	4.893840821668185	4.955382353661012	4.854834552442894
bless	4.998117068743555	4.997620410447393	4.984993194898099
destroy	4.810336581270824	5.130323077528125	5.085741583747322
author	5.129006615787496	5.020148637312397	5.2617658619697325
sustain	4.969707606198775	5.094456194645157	5.223795690332301
black	4.905053254619385	4.863116432211596	4.807120026258389
event	5.002455732941251	5.124870497611348	5.2353644439049285
liberty	4.986170132504245	5.1698248374187195	5.290315039065998
negro	4.88964919365506	4.989212902573047	4.954413124637367
little	5.0542669316265165	4.9134541834794305	4.9785101399269305
fortune	5.01502973674732	5.119385595394666	5.1465713910824835
touch	4.988691520645708	4.984175984285987	4.978100869780771
kill	4.713961866891066	5.130791708797931	4.895041915310286
feature	5.054600272725163	4.946112000480028	5.039624204264457
happiness	5.047408540711717	5.109925989995886	5.197337515471915
assume	5.015359011861464	5.055109179813714	5.176120766390121
notion	5.004789665035279	5.008706380545349	5.125896093365564
purchase	5.086012365291148	4.920505299309226	5.130612604277606
faithful	5.05477989168648	5.114784555116122	5.209758976866085
soldier	4.846995992854769	5.218957425231808	5.083242178089013
father	4.910883692249222	5.104386102097809	5.032522994661889
narrow	4.953828591717384	4.902985602862046	4.960435004578281
great	5.047448201913107	5.037469835903241	5.212295805060433
tear	4.8394596151008535	5.027436617696531	4.847475584146944
honorable	5.050242389229667	5.179067754184674	5.337552716595237
previous	5.027287347062319	5.005664394345706	5.1684683269430565
good	5.028945606036399	5.027804400970099	5.104090521370146
domestic	5.091204644331106	4.986672222091641	5.161490357248399
glory	5.075945073115141	5.041861611200221	5.153217497862286
lay	4.932444960902527	4.921834571895681	4.922041797177469
occasion	5.005624367304267	5.094303984791265	5.1846951968992725
guard	4.838377085400068	5.165547009153113	5.06519842302239
whole	4.998469505650386	4.980169847986365	5.114287562001763
mouth	4.927793009124707	4.878555525495708	4.817630766443345
receive	5.071562899588107	5.025434429849577	5.198130392540302
take	4.939895036500772	5.012773070409258	5.033495799605821
simple	5.105125948341332	4.911079753025987	5.112948394447441
error	4.888459353734905	5.136141301972053	5.222243031944004
wisdom	5.025329562661817	5.116946966862875	5.2498885021951445
rock	4.916154493415107	4.896273291332355	4.863302572509625
decide	4.98372377309695	5.123059090306504	5.271779230393183
exclaim	4.848830586351077	5.0875029953898645	4.875689773810542
assure	5.004697790689107	5.107509862835184	5.142227871011093
sign	4.959256227087748	5.009606349192726	5.084242640001337
preserve	5.0609983200742	4.953372379717757	5.1357998147857264
commerce	5.065964013252426	5.006530686727241	5.244242772258886
plant	5.069183769834297	4.805276539044187	4.971028219500113
walk	5.071454122420261	4.875308713771999	4.890058911501279
difference	5.0159579518126645	4.978547244516287	5.175658918524725
hang	4.889901071811705	4.899320932690978	4.792415080001077
following	5.159145081865873	4.903704336434307	5.200484653438265
employ	5.065349609874146	4.95794912601916	5.175559791131356
