deal	5.025797173095792	5.018255345450367	5.081276583906148
study	5.243322615996482	4.931144335960781	5.223114096868185
afford	5.148093965683825	4.956966713308603	5.190595215427045
service	5.163757298223194	5.029661212466352	5.273389882382957
height	5.033673026918611	4.874555042300918	4.9929797213617055
prospect	5.127890285962137	4.999915715248976	5.1384125087870824
pleasant	5.196394840216016	4.840629223595026	4.935278287547998
shade	5.071120079564768	4.8612146657531765	4.897857526590941
listen	5.000810708839004	5.077258142647874	5.010144519963096
mighty	4.96768859006686	5.052326127228491	5.039563677650883
country	5.082161290392513	5.045757282857734	5.2470954923257045
title	5.187886221480223	5.012175984081714	5.335710742336394
choose	5.1238380977587195	4.954108140751349	5.178796583051496
village	5.116306378416952	4.909213767193243	5.042733480110012
acquire	5.181749963388777	4.999248577733801	5.272987248320057
rank	5.1015724566493965	5.078167788441497	5.240201611090777
bow	5.014439787226562	4.970853693124504	4.939279222829013
doctor	5.011722125629266	4.976243681614031	4.988877808511061
talent	5.211380578849202	5.043296284720404	5.296579734396358
source	5.127907774749804	5.014496891947627	5.2330505882423575
lead	5.021590751091594	5.0458053928827065	5.121467546730441
question	5.048927864328332	5.063762769697806	5.254205619823052
publish	5.206920264363347	4.977485221639576	5.333627888615911
interest	5.118628243465935	5.065612646091672	5.27683418378354
serve	5.029698883401688	4.972634665979345	5.060880279053259
divine	5.0908850157647825	5.0634224422979015	5.227113578916889
put	4.952285052722637	4.917964073372694	4.913976737189766
shadow	5.000891591186328	4.941997986478753	4.945299677974966
practical	5.152420444650958	5.00835147427654	5.3084220983006825
surface	5.0188955681669585	4.812974856980695	4.900316516679526
account	5.081255893374323	5.005254781809669	5.184340867255174
loss	4.93546469217936	5.105488601769566	5.113094339093837
indian	4.946411059848413	5.0633324125752	5.0926520754466
vine	5.087391431855525	4.794161091307874	4.955169063889165
certain	5.024108402684687	5.050785369383664	5.18190175387498
sin	4.838707440314635	5.161911636486656	5.073817922924054
necessity	4.990144093223294	5.097240595894552	5.239861822234432
lose	4.960161343571826	5.069455836191578	5.028495925508218
private	5.0882670998260755	5.065652056296273	5.271920575152811
gentleman	5.142394987007619	4.9490088342183745	5.094394768599147
daughter	5.016798961221481	5.062333894744317	5.061625378540517
drive	4.831611588012131	5.090444085229251	4.931308176449861
strange	4.934571296271012	5.0633903143510945	4.93839319035608
journey	5.117444636419438	4.944160391005137	5.033030850703623
uncle	5.096492689585685	4.933386924061054	5.003365509519628
species	5.016332843074402	4.966010320249662	5.098015602066053
think	5.013696529511244	5.039793521592365	5.04813833262851
bed	4.981557376067113	4.821639070996364	4.785740410194815
wind	4.9121621522477295	4.95580486231558	4.846165133521701
bless	5.044502761940834	4.987606286874101	4.988352909335742
destroy	4.848726462048309	5.124502262211617	5.083734528599274
author	5.174750785311696	5.036050343321351	5.279541172866507
sustain	5.012891161398342	5.076536829890983	5.225629810301294
black	4.930028970612025	4.8725575600560616	4.804595603101061
event	5.052559591571137	5.118105192354669	5.254012548577527
liberty	5.034037572740853	5.153084913347492	5.30200089629667
negro	4.940072984441133	4.966266740111753	4.956552339991145
little	5.078629082305767	4.898129070711261	4.966097216355927
fortune	5.059730730682066	5.08786139555606	5.1464216217433405
touch	5.007382956723643	4.995366914377962	4.974687311272804
kill	4.77355602723959	5.094653959018202	4.880023917253069
feature	5.0616997167777	4.97082141546364	5.049967325190837
happiness	5.081193306921794	5.102922787750332	5.208294296276094
assume	5.059397147015747	5.045034356575294	5.178365689764152
notion	5.051588911514721	5.0095207289101085	5.122918857411039
purchase	5.147024897652997	4.889268357124583	5.139586721773084
faithful	5.097424871383014	5.0927375149465135	5.221672787565826
soldier	4.90720092708495	5.160486520867161	5.068876647096375
father	4.96518050814398	5.076093523406561	5.048674862910883
narrow	4.975897352447798	4.9007890526498015	4.96101322530753
great	5.086925069106694	5.034857025815991	5.211034875662227
tear	4.871708108514605	5.0244103626976635	4.8526775650026925
honorable	5.110823269577033	5.140156600951232	5.349807486804789
previous	5.089029154785974	4.980463543006105	5.181091633937927
good	5.074734153413649	5.005655995030328	5.09686393936954
domestic	5.114961352161317	4.978796913245532	5.163089435489184
glory	5.11025647187603	5.051436547397931	5.14832365354291
lay	4.967458462289656	4.913578399502829	4.9173886072215645
occasion	5.060252648494997	5.068196972885926	5.187572448372099
guard	4.8973848093311165	5.115117975337595	5.067419343439355
whole	5.0455098931383136	4.969567917700981	5.1108577637718895
mouth	4.95613927695596	4.880835712483167	4.814539472570205
receive	5.1245120262235275	4.996971508407357	5.203203756973423
take	5.00065122070186	4.981633458245975	5.035816695752516
simple	5.128893119699306	4.92582008262606	5.108129132257411
error	4.952137490435957	5.137527671996009	5.242728473064097
wisdom	5.06909414017078	5.118544171723677	5.250259615424541
rock	4.92722280208432	4.905372583290208	4.857870701862293
decide	5.055629416919572	5.087268104475084	5.284353592930558
exclaim	4.903752665380359	5.058344951835952	4.881742154828805
assure	5.051297419249941	5.080113516389212	5.143559960348041
sign	5.025935931496986	4.995607245954703	5.09097620372621
preserve	5.07942914615902	4.960273488640045	5.127498528412192
commerce	5.1010233159426885	5.002466823807937	5.251394774595445
plant	5.0586857994876375	4.816103605786153	4.948250945964143
walk	5.104828860866886	4.851026194479176	4.884721632908677
difference	5.061681141757689	4.977922574271841	5.175016188623622
hang	4.924233607803647	4.890732177699877	4.788410077308894
following	5.21827287829109	4.897850631663543	5.220065184867308
employ	5.1116432138428545	4.935915622505642	5.166999480824307
