deal	5.002282720032082	5.050387773045392	5.102450756800444
study	5.249846027752247	4.925371586998501	5.246669647893044
afford	5.127258644576111	4.979694546322718	5.202191282663339
service	5.1321416881895	5.056713571187804	5.277632286333436
height	5.030383837498703	4.930924116064882	5.0231925430177835
prospect	5.115425279265301	5.0365722384544	5.153727084149022
pleasant	5.220469669469835	4.882099805111476	4.98347116910951
shade	5.111307153522848	4.905296937230074	4.950173281414425
listen	5.010781849466347	5.117797381044057	5.047520418418324
mighty	4.973954525359896	5.099781425903166	5.070164797364147
country	5.0583476885017244	5.060322448618378	5.252990675795536
title	5.1620609094728325	5.005385300238702	5.323739172134091
choose	5.0884777315419285	5.002540307987544	5.189984473262176
village	5.10596535659523	4.946344438924902	5.06284252321262
acquire	5.168228204437607	5.007019523365061	5.289293164490895
rank	5.0908281264002255	5.11022425761879	5.265258816911465
bow	5.041253371414173	5.029943740377527	4.992884579878443
doctor	4.9721209842911005	5.026206627248708	5.014699059847815
talent	5.206577294855942	5.051722701749472	5.318902927506094
source	5.119759598060266	5.0156401713668926	5.23984700708917
lead	5.020561748955593	5.080317485211911	5.143268345025256
question	4.9975498052351535	5.073404507197302	5.246370070328931
publish	5.178903673768389	4.958025167015764	5.3189711452249195
interest	5.092761856327409	5.073703351086568	5.2799666413849495
serve	5.009505677450818	5.025784427977679	5.092277775331377
divine	5.1003915777949045	5.06372578403682	5.239747902831802
put	4.914907425552639	4.989711038165235	4.943333220372662
shadow	5.0266358713764845	4.983029833721032	4.9816500044184755
practical	5.124989108992306	5.002137197855048	5.313358686734747
surface	5.023676763430754	4.8545046718076	4.937698732833125
account	5.036779689255496	5.016851734754459	5.185039007607703
loss	4.879634744749604	5.152908319449025	5.120670577563895
indian	4.916414966563612	5.093287065215131	5.105919295219126
vine	5.089635618046395	4.835639879557906	4.992113300917988
certain	4.9869549729936224	5.072862908562803	5.187751041404173
sin	4.832448238374624	5.194958540932169	5.094033612580504
necessity	4.935782313465035	5.124502965806754	5.236130765394232
lose	4.943141587718683	5.125285257131389	5.0543982109457755
private	5.0409855047454295	5.0987371967125625	5.26878852502759
gentleman	5.115359472687481	4.986891727071112	5.120549314546369
daughter	5.015598476601418	5.111934895590136	5.086511701589557
drive	4.803491897599137	5.169899268383541	4.961179029797379
strange	4.940863627754739	5.1083196471967	4.97456524743585
journey	5.109280177425566	4.981240918492797	5.051887991793074
uncle	5.078654085093286	4.985531965409056	5.023636214904455
species	4.979397788017271	4.992399218183686	5.114615165293299
think	4.997401497573975	5.081286522932302	5.069132840198233
bed	4.970592619967691	4.899298913525145	4.8210304291555275
wind	4.911581473552009	5.028508631069399	4.88911150072512
bless	5.064095570785617	5.032166213531759	5.026738921685295
destroy	4.817813190615181	5.177124678967254	5.10075673153538
author	5.173401623275496	5.013891872838078	5.286066653117829
sustain	4.983559866127401	5.106075162792844	5.234556239077933
black	4.932324708205116	4.9333316335514175	4.850765985591993
event	5.02648833432758	5.124791732186886	5.251464006583015
liberty	5.016667940410302	5.16752631421565	5.304803924719201
negro	4.896869865580489	5.012787816767913	4.97450664751857
little	5.075029348658994	4.946298584682512	5.003596472967051
fortune	5.043598003436819	5.132952446268872	5.16733973204451
touch	5.027470896978926	5.0344786444554295	5.018332321121006
kill	4.740867762197905	5.1721540551378595	4.916349131096831
feature	5.08019450302691	4.995758903683948	5.083080986674974
happiness	5.078627991421809	5.123539373776377	5.221132275215179
assume	5.025177092821238	5.074197346204354	5.193820545571609
notion	5.029183092344289	5.023862681610261	5.142725149881152
purchase	5.099479270920042	4.920968946939465	5.135093871936914
faithful	5.104226016307617	5.113666947247399	5.236812946494389
soldier	4.886889407963964	5.228398600292343	5.099612939769345
father	4.959530388083197	5.122362201249034	5.07232906515037
narrow	4.967325665303451	4.95734829475879	4.98478101947088
great	5.064839077114541	5.0511907986680455	5.222520828400898
tear	4.8898712095715915	5.0922511963062425	4.905786903820041
honorable	5.080901529710353	5.15849011775031	5.350510750229019
previous	5.036948324123681	5.006106449008696	5.18075932105987
good	5.05504276156915	5.044231363008375	5.1229438289150036
domestic	5.09099416634442	5.002682717255158	5.181061293916096
glory	5.132848087912431	5.080291125937445	5.180535570745683
lay	4.9650204099171225	4.974666016084467	4.953308715950912
occasion	5.019585857403557	5.092089601662488	5.198190179712043
guard	4.876418353687419	5.182949347583008	5.085371190898888
whole	5.014061375763206	5.002967921445325	5.124793978275608
mouth	4.953528023458021	4.944991940125318	4.8556882620539055
receive	5.08809309059061	5.024005181312062	5.210412974849866
take	4.965785713109351	5.033749279169516	5.053907930475332
simple	5.13645000801524	4.937910912745107	5.136904248216131
error	4.920884666774097	5.145373395496731	5.244099229483996
wisdom	5.068667423299468	5.135566429857145	5.269598661343384
rock	4.940632085468093	4.969199167769318	4.897014922803044
decide	5.008046745030085	5.108454485008643	5.278282131042393
exclaim	4.902061185221158	5.125889660463298	4.923708096132388
assure	5.032396123321089	5.112509375098871	5.160043875259772
sign	5.002510208184318	5.030241037053461	5.106509624106985
preserve	5.074726442200035	4.989807505939918	5.1568892367582535
commerce	5.059853695676791	5.0133139145136685	5.247955418229229
plant	5.070168607004334	4.855418796288384	4.992184798294214
walk	5.117585373276748	4.910413394755377	4.923785454480978
difference	5.019687584845699	4.992845011140554	5.186667112998774
hang	4.936082630616546	4.971697222640855	4.8361661648660395
following	5.192943921380348	4.892539550532372	5.218888473120838
employ	5.072552662192158	4.962342780738602	5.178674826161066
