deal	5.027583176868813	5.023953734011232	5.126031139334582
study	5.263713011791891	4.9283746694896475	5.257146129922344
afford	5.1577594129626325	4.972980281133419	5.237169846672937
service	5.153476289497764	5.0428344788625115	5.301978129989093
height	5.053601091567028	4.8845085658940155	5.053875114049033
prospect	5.132481637754283	5.019789661841322	5.188531122185751
pleasant	5.234788991255535	4.8502859532034535	5.0003633428071375
shade	5.13298753190808	4.869979379812911	4.980736202447299
listen	5.001796660841983	5.093929613832308	5.058633198265868
mighty	4.983498100224662	5.066277084782405	5.106218317124592
country	5.087704011227489	5.0481361311778565	5.285859111417926
title	5.186740585977915	4.995943784296308	5.3450916042495535
choose	5.1039274461109185	4.971056430627531	5.2120662421647275
village	5.1179130804002115	4.911590628168456	5.082259809361852
acquire	5.191721921159258	5.003239770657869	5.308636150899094
rank	5.097179732961449	5.085131469472881	5.285185997622974
bow	5.036902762318307	4.983892213194973	5.0054637838209075
doctor	4.993898512958277	4.987310480314143	5.023758538888852
talent	5.21992649423158	5.047563399943573	5.334315757014998
source	5.158474634627771	5.00799236383511	5.277681874077968
lead	5.025024862682278	5.060387979270463	5.169330952492118
question	5.017389050074672	5.069548545083187	5.269507718457118
publish	5.200158443875475	4.955180060205606	5.333208674361296
interest	5.12213333080353	5.065889612728244	5.310284383583726
serve	5.039299644538968	4.991775493254343	5.121951024064115
divine	5.1254430813430165	5.063023886865722	5.279970975104715
put	4.940519825172287	4.94054354558127	4.9719011193852625
shadow	5.037364825185297	4.95218279351721	5.0135929847472145
practical	5.151850999974343	5.006754184398772	5.3339529657967155
surface	5.057062804156308	4.82013415521259	4.975111453299332
account	5.0722837339482085	4.992918526597083	5.207310626545177
loss	4.9322237994968345	5.115746685589409	5.154594259072806
indian	4.937935856850822	5.0531720396013755	5.12262236289104
vine	5.131505210239178	4.800657520647423	5.019250536548008
certain	5.022920094773797	5.052470562967449	5.2204900920307
sin	4.862443570612344	5.174048186219541	5.129293386389598
necessity	4.976469376359259	5.110646916246274	5.2742453814854064
lose	4.969314422709287	5.083508673879876	5.083333745832469
private	5.067767295573508	5.087938219105837	5.304744780972417
gentleman	5.115689019356594	4.964115265661657	5.124665858073494
daughter	5.032131428860823	5.075699845732513	5.1025303117391605
drive	4.8131112808890135	5.109473089347116	4.985384056834371
strange	4.954008855696352	5.06580931503081	4.995046871209191
journey	5.119019832858387	4.948966699143368	5.067138464269847
uncle	5.09016010807204	4.940636660849519	5.0270739530309045
species	5.035661174103199	4.957749037544492	5.152734825184581
think	5.019829587203238	5.048463050325985	5.09083597274261
bed	4.994500061198886	4.847482868733863	4.84965680156475
wind	4.925556510062154	4.965611601008705	4.911862397666081
bless	5.085463585289196	4.999223794836755	5.048149736119476
destroy	4.863049911716094	5.1372381696616145	5.145665200547147
author	5.192350497565378	5.008870469351882	5.3000133377937475
sustain	5.014153262329111	5.093677500639951	5.275039038482039
black	4.941527900842379	4.870442846548676	4.863295726636363
event	5.0537489759881575	5.107126577107336	5.280332915107448
liberty	5.040327758915765	5.155590683549694	5.339833294880602
negro	4.9139444150958544	4.968154248235857	4.982116505579762
little	5.0956979125704835	4.911230888781011	5.021129982184395
fortune	5.068113863214929	5.103431779793562	5.196843261939449
touch	5.043391012344765	4.998732988787485	5.04029072657055
kill	4.761200211692844	5.095264232751734	4.916122229993384
feature	5.092800121258053	4.974755962608433	5.111769188965687
happiness	5.115928379971028	5.112895110082894	5.262622132964774
assume	5.043457739308885	5.0560692809913155	5.221058260713203
notion	5.048179260650192	4.998626961520204	5.156643177330223
purchase	5.142183237040371	4.906782100313664	5.174467937685908
faithful	5.111034430535919	5.10464768732732	5.260779367324647
soldier	4.886751088818982	5.180206040612711	5.114507087098156
father	4.974076798729667	5.09497825627596	5.09095548641899
narrow	4.985963362233313	4.928753897813677	5.027232909961287
great	5.092607044159292	5.035393019533943	5.255290045853745
tear	4.912087609446016	5.041944510068127	4.926852727386497
honorable	5.093320659286471	5.156429366462971	5.374805579333458
previous	5.0676993391619884	4.984617223681542	5.205270714128867
good	5.0810802725226	5.017110447380873	5.14455969713404
domestic	5.14021806997134	4.986451332864206	5.2194954632474735
glory	5.149665971976836	5.055510469385424	5.2184439866959424
lay	4.981330708485448	4.936880189093204	4.987984110625343
occasion	5.044842363750082	5.072833209724206	5.2233782729418134
guard	4.875044179818043	5.141250993094972	5.112837963485703
whole	5.04443291801285	4.9782464889905595	5.162271864890612
mouth	4.958577191386183	4.885255745918758	4.86967845668291
receive	5.113363492609805	5.006516153243512	5.235688162911658
take	4.98748401017238	4.995097707613824	5.077462098896997
simple	5.16258096922016	4.928765803055266	5.168312942162803
error	4.955802385080526	5.131199674926905	5.271990513738202
wisdom	5.0883433279629475	5.127219815278319	5.30085833090644
rock	4.9469149097003715	4.916479661684207	4.924064334785585
decide	5.01805209348517	5.100813406868052	5.299349919811664
exclaim	4.8980639080811565	5.070769010137119	4.9275127111055355
assure	5.039377199785887	5.092661316322423	5.175202517276494
sign	5.01594703077663	5.0011147070633175	5.1303758309088
preserve	5.114323424901426	4.964152289461289	5.1928235732100205
commerce	5.098004049560154	5.002871170624322	5.289510243410362
plant	5.109461532582342	4.821158080783757	5.020372057163564
walk	5.117602369640973	4.872341208220915	4.94046850627547
difference	5.065416620222277	4.969671847084136	5.21012503937815
hang	4.947264545942102	4.909334371833396	4.859877502946377
following	5.212247494979487	4.8780682951128345	5.231914709532607
employ	5.104412020319818	4.943456485136797	5.207524227941622
