deal	5.069231655401361	5.014701072222207	5.134566041914864
study	5.284006934300504	4.923165672469644	5.267102648626441
afford	5.192852527829269	4.961348669679257	5.246008223364389
service	5.21567088809424	5.017806464412487	5.32442426670656
height	5.068495504787429	4.8855329880501515	5.050760249179493
prospect	5.13695175679016	5.014539093169212	5.1774262727443885
pleasant	5.209028030484946	4.847614717755742	4.986392053792958
shade	5.097007833605982	4.857244670400075	4.946021119874827
listen	4.989256155696092	5.0755440091997865	5.030498491614285
mighty	4.988420483659647	5.051575730319208	5.079957553969759
country	5.134552531424157	5.03038433379934	5.290394048578531
title	5.265050130029379	4.968341665852823	5.38132311932146
choose	5.170510039685725	4.943181757414828	5.229468074771634
village	5.14812750291003	4.915439429486696	5.110679402732246
acquire	5.235723726074047	4.992850026881059	5.3243346862028895
rank	5.1524610512838755	5.062082483217025	5.296716541582236
bow	5.042007856594656	4.963559134895607	4.990341500948003
doctor	5.021463573077575	4.987122806036041	5.035897368262428
talent	5.264958112755121	5.03944780127382	5.353372057505943
source	5.164057594721109	4.999017770217802	5.260905481149449
lead	5.047207941843162	5.038894978033865	5.156446094660119
question	5.065236027546349	5.0519675091751655	5.27558568975974
publish	5.264051965019877	4.95613041533491	5.3740496848158665
interest	5.156731597392696	5.052775270495699	5.304763521550972
serve	5.077790647886606	4.9632606192973	5.117137725161468
divine	5.117329761720198	5.026449955264024	5.2313406395879
put	4.987758170402368	4.929563499959747	4.978721206176712
shadow	5.010680537907292	4.9379933060107115	4.977341354394373
practical	5.192114946592808	4.9947526877794	5.339569560308448
surface	5.04528356994403	4.829743070175018	4.961236198371211
account	5.118581067487187	4.996689261384037	5.2309455716078554
loss	4.968664185559707	5.107019388261214	5.154025420633755
indian	4.986758419161193	5.042678043095316	5.153624204156936
vine	5.132695197224148	4.8022347307674655	5.021109791809138
certain	5.055671683230771	5.035490060670565	5.217800645900187
sin	4.868662623597817	5.129392173547392	5.078969032145568
necessity	5.017304355209484	5.088951532454108	5.267142851517644
lose	4.981903379508513	5.070904913825899	5.066271608280119
private	5.131907539547005	5.062886333858948	5.309507583301479
gentleman	5.180343019323859	4.9518347308512665	5.164266349579232
daughter	5.0559484814398905	5.047269262699929	5.097800510713968
drive	4.843017606963526	5.100131827589876	4.97967672553608
strange	4.936752968890751	5.056134879884303	4.967667429277525
journey	5.1330755716074865	4.952464433943064	5.083572196212075
uncle	5.124087886698094	4.942468275785374	5.05263237494448
species	5.07385964999244	4.954108852078894	5.152012858072115
think	5.031895771001619	5.036799886409541	5.082851007216724
bed	4.987130385702463	4.841818385054812	4.834779832404346
wind	4.900344342495872	4.976483283819521	4.886596808380353
bless	5.07245495999044	4.966329222960312	5.0145019523981595
destroy	4.897414836309757	5.10725012125312	5.123929302534487
author	5.225472328652244	5.002481086801843	5.313894422166112
sustain	5.050001635669402	5.069866381544347	5.2558615186593185
black	4.97209057549257	4.8634721377485	4.878333848601764
event	5.060044924396674	5.112991092616183	5.27626298034592
liberty	5.073607932059981	5.1233272472690645	5.320955236076174
negro	4.982743744127071	4.965375533845754	5.031097789042464
little	5.1139108860339295	4.902792708142576	5.026378331382525
fortune	5.1074090757632025	5.086575968319336	5.197631349310286
touch	5.0242792094097375	4.985358859383035	5.011278371829618
kill	4.803190173206201	5.092238830879655	4.943349564705808
feature	5.0786521925016075	4.9651458922188665	5.087926345611296
happiness	5.101649165877777	5.088355104926998	5.221156784048022
assume	5.076455214017096	5.03691118770866	5.214805850445217
notion	5.086835102974147	4.995329937060029	5.169207657403254
purchase	5.227072038822837	4.88439456213984	5.208176408851954
faithful	5.1350071571706115	5.067179316402121	5.244656642092741
soldier	4.929739013763309	5.159854372082609	5.124299224252211
father	4.993342121132423	5.062630653301232	5.079515080757978
narrow	5.002300858807424	4.914072106932763	5.012792020128068
great	5.127333007779106	5.0233244514963	5.2533491250501205
tear	4.884419911311928	5.023455331978568	4.88218188706864
honorable	5.1663242081900345	5.1205148093642325	5.388371750274192
previous	5.100005250427151	4.98646483676341	5.2201451886591705
good	5.116325469942232	4.996631330034816	5.149077534063876
domestic	5.1582779764638955	4.965883841192418	5.205143715680575
glory	5.147178193284782	5.032149866238103	5.183623293817433
lay	4.994217627105906	4.9151846336219025	4.968450011257772
occasion	5.07125084847433	5.066852960887188	5.224692350820364
guard	4.91346372081862	5.114593899300348	5.103951198593782
whole	5.073823132026789	4.9695690878743175	5.1590114551
mouth	4.968295946174222	4.8992977674281635	4.880673633981972
receive	5.1662636585771535	4.988128397210724	5.247914333610685
take	5.0266331602884655	4.985012096290192	5.085950529141659
simple	5.1688129755177235	4.905727049840089	5.1463280650020575
error	4.987158925008967	5.116713148497065	5.257534422122469
wisdom	5.104362055335928	5.091501607231482	5.268825165376218
rock	4.939729332550545	4.920211004983907	4.909464967070567
decide	5.072176901454111	5.085572205006459	5.311316832525182
exclaim	4.904045017290781	5.0679437749174525	4.926590547898973
assure	5.06990035047426	5.076538726703807	5.180380838728389
sign	5.041614010701439	4.987944779023183	5.127302639019425
preserve	5.130090211062145	4.942720113863938	5.175236659832856
commerce	5.1476456958716685	4.995142861362988	5.294336203364931
plant	5.112748203092544	4.811205223120469	5.014688479811762
walk	5.117240027547408	4.864699939015395	4.937664275077419
difference	5.103067021688843	4.962671639650665	5.2186560813998595
hang	4.952384694944371	4.896201240225671	4.845468413613821
following	5.241235667523252	4.879813500903261	5.254659818902795
employ	5.1643211416421755	4.9397819322525	5.230220461140007
