deal	4.993663646494906	5.023475941011652	5.048862475109585
study	5.215191002252656	4.918351480179699	5.1898269362603155
afford	5.123212619040307	4.945864104033706	5.166063287597404
service	5.119275761593436	5.025216656846341	5.226266292252603
height	5.04423420803308	4.841196640600953	4.978099510395903
prospect	5.112619703546953	4.98255195466076	5.107099173344546
pleasant	5.198196401604881	4.8306361009065615	4.909392152588785
shade	5.088266334943005	4.815096623781391	4.865682403333969
listen	4.964770767428387	5.074493489556698	4.9622347988295195
mighty	4.954211378966504	5.026133886400688	5.0037875820729285
country	5.062293633809507	5.021993501003945	5.209401525058178
title	5.1537288542088	4.978563015226213	5.279785570096087
choose	5.087451202409327	4.965314225249541	5.1544079341320295
village	5.107799283375094	4.888369630968821	5.020163764525857
acquire	5.1562822628961165	4.978086147916439	5.242779759327608
rank	5.0616570147512325	5.047896041733657	5.186088358520203
bow	5.00875651909908	4.941375093902502	4.90251927313191
doctor	4.965514673434672	5.003599529099905	4.958984625964931
talent	5.181419791983561	5.019392857666122	5.250969550301174
source	5.1136671863402965	4.983651860429344	5.200718608120654
lead	4.997961807718497	5.030277897665879	5.084956316548632
question	4.9931226304061065	5.075010399046225	5.219885534586348
publish	5.189818369507203	4.958083708347639	5.295774382310016
interest	5.092320163421878	5.052834158589063	5.243310788613039
serve	5.005672415642803	4.975087166867851	5.032282808430235
divine	5.049126967483066	5.041627322679439	5.176245433441597
put	4.930638214019403	4.936633477083414	4.903498829280517
shadow	5.003992113143782	4.903364147390899	4.913069733762557
practical	5.112282260190993	5.00322215907243	5.2794575081650095
surface	5.0486315454835955	4.783172853782523	4.907862553182984
account	5.052843690814881	4.999719523031808	5.158269949282933
loss	4.909900974657993	5.102124435097104	5.086712853862901
indian	4.926838703907932	5.026288650295635	5.062655515131978
vine	5.117414611579427	4.766403278924647	4.95542138459534
certain	4.98357602026443	5.04443464420896	5.154944853729401
sin	4.797435078213494	5.156860421663295	5.019452391404619
necessity	4.941596773683425	5.09831021889482	5.21087701686707
lose	4.93529996386136	5.061210790877696	4.994959025008378
private	5.040690601697124	5.074088415588349	5.229755111945346
gentleman	5.1006584841085	4.959380657210961	5.0580275116212965
daughter	4.9942628585801385	5.04938732114106	4.997120365683957
drive	4.806226351814222	5.079610859175914	4.897259255046152
strange	4.909433699109377	5.049030880938683	4.892376824509145
journey	5.115594001326998	4.920352491841431	5.005597438902581
uncle	5.087839339835587	4.943334273373173	4.971795613352282
species	5.008814318451996	4.944262511553782	5.088628115011946
think	4.981385448158357	5.047551242224136	5.0095256994366535
bed	4.972140880028499	4.82843999110255	4.76656707132563
wind	4.9146706732054755	4.935158159775582	4.825796961455887
bless	5.030979382964364	4.977591884065072	4.94192622952972
destroy	4.827384462213527	5.104379565590769	5.045635543277845
author	5.150022894594832	5.004887103924923	5.228088584000137
sustain	4.986497173388691	5.063943615075466	5.195083455531151
black	4.931551999734951	4.839851463136932	4.777507994162945
event	5.032938745825245	5.098759250037698	5.223068654209032
liberty	5.003003578539541	5.131674823273939	5.249406087326362
negro	4.909267559695696	4.961704205525738	4.934389354283178
little	5.066043143100086	4.898249813295401	4.945706438350686
fortune	5.0377819468996865	5.0697000805950845	5.095524785638112
touch	4.999824491118472	4.979348630254973	4.946167453844257
kill	4.758514901892098	5.088391294186993	4.850158349482879
feature	5.054408461254295	4.933641435220074	5.014067646521132
happiness	5.0577192940851186	5.088720683748384	5.160975652492916
assume	5.012035707665878	5.034251078245846	5.141293739221469
notion	5.014199075436005	5.011149600400654	5.09570158090444
purchase	5.120918018663347	4.886152287269928	5.111269813631121
faithful	5.06538174075007	5.076756420734373	5.162591410779801
soldier	4.869258686532509	5.143332626634443	5.011875209400875
father	4.938782663905728	5.07039961139566	4.9960733549178435
narrow	4.967551166890096	4.884835330309534	4.944800370993518
great	5.058170195847703	5.01801676327614	5.179027876241402
tear	4.878687643349966	5.006788578377185	4.816921810942186
honorable	5.063378417796566	5.124663380624323	5.285400986901102
previous	5.054300102811036	4.983510263651271	5.165047076012142
good	5.03488937838183	5.014952418529833	5.058521304395474
domestic	5.088322450602283	4.974966159747003	5.129494519616325
glory	5.100628868615395	5.004469447721712	5.094536799732465
lay	4.956734835693622	4.900500676797634	4.895338872950202
occasion	5.016509015963146	5.071008162421143	5.156788466272823
guard	4.855635712568613	5.107070813310678	5.016101444662476
whole	5.022881756625621	4.964648513457021	5.0941153427637005
mouth	4.962572141190394	4.858879990628922	4.798763747532763
receive	5.0858969357774955	4.997074094152103	5.174676782526679
take	4.968708135565391	4.9903081822545134	5.013285248155124
simple	5.1017058570737355	4.916386959463405	5.081385524996708
error	4.917165332449276	5.127490906750045	5.200250001683073
wisdom	5.024568251631498	5.098260770133838	5.194551643378585
rock	4.949397084409313	4.865915450269288	4.841725743457814
decide	5.003766974630084	5.095337671805426	5.251659626329911
exclaim	4.880148955926987	5.053238581587232	4.836627269536899
assure	5.016275973917576	5.07611973078567	5.102169958728723
sign	4.9865710621931	4.996070177966597	5.067763374638655
preserve	5.072645176206376	4.939307942861285	5.103384309425488
commerce	5.083590471743891	4.978974664505669	5.221970882968032
plant	5.081539606060035	4.784687899452663	4.9421946227875715
walk	5.088256498635024	4.84520701948131	4.851917474309104
difference	5.030405478713999	4.979226739656348	5.1571714693286514
hang	4.9234816451848795	4.871079248089091	4.757005336871354
following	5.198709836872624	4.890594442176089	5.202612546017572
employ	5.078139496135828	4.931705275132816	5.147608937671107
