deal	5.048560428070925	4.961225327500707	5.104760498392454
study	5.275934455394869	4.845218350393388	5.244538222989231
afford	5.167516619037573	4.8884903319020685	5.208893011382435
service	5.185382308039069	4.965407594575701	5.282049299868081
height	5.017762260293172	4.8241734765206745	5.015124423379948
prospect	5.127700670953211	4.9240447261177644	5.141860380573377
pleasant	5.190786672234696	4.779451389982621	4.938745630516993
shade	5.0663718210883575	4.779472884991371	4.901074500910649
listen	4.977679452599381	4.992577861773768	4.99033670602079
mighty	4.970504886347014	4.975134079310612	5.053147682321347
country	5.13209475113962	4.9622127836650725	5.278584578956677
title	5.230557308822781	4.925052942326244	5.351675614485957
choose	5.144320458064759	4.907395902306373	5.206654339224223
village	5.105106302358999	4.863345969332703	5.051735110662139
acquire	5.231662702765595	4.913234754273826	5.307548924820917
rank	5.121897062083943	4.9971619453326594	5.260648471005663
bow	5.00098887115912	4.906448001918809	4.940559456228911
doctor	5.002806213240792	4.9342764038781715	4.994553571609476
talent	5.249744028164913	4.957066487339363	5.320031350253325
source	5.170139939345381	4.9090261323684015	5.25515619221918
lead	5.035461593101454	4.964105398685534	5.126545521210195
question	5.073004905684517	4.985261568587443	5.271374221348829
publish	5.246234913716672	4.903915388393727	5.351270655587172
interest	5.155660664139641	4.97838193489278	5.299994363821836
serve	5.05331216810925	4.914042753499648	5.082389094956627
divine	5.123047387985475	4.94225996974436	5.238872615271719
put	4.9527875611567245	4.895773824955858	4.938262648345355
shadow	4.988313746374771	4.854559765174918	4.94325666250309
practical	5.201312694552044	4.919620883368389	5.344326158807184
surface	5.0205277520770935	4.757394514179455	4.931637091166767
account	5.101857932348214	4.938294396512065	5.203330491612404
loss	4.941654114859699	5.0419438198326265	5.12746897261403
indian	4.9612375026589035	4.990423247237608	5.105849707148231
vine	5.109863615626479	4.74141101144714	4.991344819960783
certain	5.050360653009375	4.966242165242849	5.206530203338472
sin	4.8601459367383875	5.061916702598406	5.080555742137409
necessity	5.01703548441252	5.016325299838746	5.261624258380494
lose	4.9593520980989725	4.9940477776096595	5.033548167325793
private	5.10779687749639	5.005557271594306	5.283564243319738
gentleman	5.136550418661448	4.914061885749778	5.104951384115682
daughter	5.025649569467358	4.983938851668604	5.048646528698327
drive	4.812616711725357	5.039846359630242	4.934384823120359
strange	4.922293938537115	4.9727623607084075	4.929298763372471
journey	5.098287783564675	4.885912299714232	5.01815141001159
uncle	5.099503332603646	4.897123967209111	5.000888879706463
species	5.052237623594382	4.898730085846135	5.145205769508279
think	5.02406273481233	4.966791683634782	5.051387749081887
bed	4.945387513628174	4.793013301882783	4.779612345250815
wind	4.8840997411268745	4.898510750052884	4.847750403326464
bless	5.058609537294367	4.905683534077316	4.987783734607746
destroy	4.882633758246595	5.041691368922394	5.109720623991458
author	5.216487708873606	4.930938111326551	5.2926158400794225
sustain	5.043366863177432	4.996514219642727	5.253456128582829
black	4.910951995689939	4.830295713305995	4.819474680218501
event	5.072875576326111	5.019275909815992	5.263471432587212
liberty	5.086389768176366	5.051908653538238	5.3241168127686604
negro	4.926382702606063	4.936032793396192	4.973756857481469
little	5.081363513663383	4.850097766801378	4.980978364050319
fortune	5.08012151954705	5.013998705474142	5.1552017653704265
touch	5.008984282674619	4.909920428380139	4.976135888949914
kill	4.769731002801357	5.049760332257373	4.887657101384568
feature	5.0593686912623514	4.877103563370844	5.05484340291202
happiness	5.1179699076633804	4.991202654099795	5.21496035306531
assume	5.066442902709735	4.9634874453976465	5.192973179960138
notion	5.088307054278429	4.93539673651447	5.156252598131405
purchase	5.1723310325280645	4.85522924400615	5.164504763625913
faithful	5.121358956491253	4.995107849072706	5.212789632531247
soldier	4.893998865650205	5.096591846433159	5.060716043816502
father	4.973812075991653	5.000705518344405	5.038662751273213
narrow	4.960140125789897	4.8505154777454775	4.973975456384965
great	5.117647499764858	4.952147668823252	5.237540936566288
tear	4.86709013405083	4.9493644792423295	4.846811530824165
honorable	5.1496054472651585	5.054776479270788	5.357471002217829
previous	5.089476259579731	4.919638786519505	5.194224992859763
good	5.102941129971587	4.940859477737132	5.115893156947518
domestic	5.161621916241543	4.89831317820915	5.19181817671775
glory	5.13638862454112	4.947197804244552	5.1625034618810615
lay	4.955485196435317	4.863166691577555	4.926295453453362
occasion	5.0686330502614005	4.995809997092763	5.197565875894623
guard	4.8775007086413735	5.052021028925803	5.050862865187905
whole	5.055416376431985	4.908853730656539	5.14039374106184
mouth	4.923758740680946	4.849787888945999	4.821029154685143
receive	5.139000334967231	4.935248180775275	5.216915592546587
take	5.002012197441448	4.935051374548389	5.04558049354397
simple	5.153528637928098	4.839120159262121	5.132157261911423
error	4.991444752474444	5.039252155744259	5.266625903074472
wisdom	5.107151829776215	5.007468389579148	5.265835963109797
rock	4.901231419499637	4.852994023343524	4.860911951155595
decide	5.073242428497043	5.013382918573369	5.297905701033212
exclaim	4.86865477391773	5.0038654850668545	4.8637197473940645
assure	5.058312545756822	5.002996542663886	5.138200438616321
sign	5.018207722081038	4.929880312616733	5.09998283069279
preserve	5.123589696077809	4.875354400891245	5.156786978727954
commerce	5.152730613855216	4.927771271613155	5.29137017904692
plant	5.089350254646888	4.754968282253135	4.988246751007212
walk	5.067591488556251	4.812315870139593	4.874838245816909
difference	5.101364897679109	4.905244343472508	5.219071678160633
hang	4.894584729039066	4.8485388993886405	4.78898629162985
following	5.230014790035868	4.828416604831198	5.230669446595991
employ	5.131009771805616	4.885232694047727	5.2002494691991235
