deal	5.021573402164672	5.031406284097434	5.1268543923579655
study	5.24984052641999	4.9149939200417325	5.251499218932262
afford	5.168602701211458	4.94321461438883	5.2316136294052535
service	5.154055848840072	5.018750784220153	5.287137909391451
height	5.039423427159604	4.868851874616772	5.053885379024228
prospect	5.124902917365105	4.986649468063279	5.166914530441052
pleasant	5.18732065187605	4.834295788339814	4.963416398184672
shade	5.079601235207936	4.8265224785493945	4.941698946519968
listen	4.947969185295515	5.08527564917393	5.035382707915426
mighty	4.953731340950553	5.037679757292325	5.086881017381892
country	5.100414676723459	5.017945821567965	5.277207633160949
title	5.184699737643529	4.979269619850209	5.340485633969914
choose	5.10708127751678	4.955264535003024	5.209474000731599
village	5.121938205880603	4.89960902411488	5.072794124910239
acquire	5.20036594116733	4.978940811134069	5.308957901589172
rank	5.091149410196513	5.067073872083948	5.2758828609395625
bow	4.985831412171351	4.972147869475668	4.989592730129646
doctor	4.968986775617927	5.0134301535103605	5.013601542708409
talent	5.2154126860470384	5.035897028763642	5.329489745845338
source	5.149349918936194	4.971582579170042	5.255362162824124
lead	5.0194148187323675	5.033747578743472	5.1619247000956365
question	5.02911548035853	5.061118468223031	5.278700641436006
publish	5.203253744545885	4.958683198619925	5.336877884525164
interest	5.126350727103063	5.043622075911379	5.3065775589917115
serve	5.024946285931232	4.972483189806552	5.101673579449373
divine	5.086470071357047	5.013418508096866	5.248978614180183
put	4.938591963684656	4.949001056381097	4.975099162835312
shadow	4.997801149462952	4.91271224945604	4.991974602627779
practical	5.164367854777096	4.989549378911751	5.344246335999716
surface	5.047789143869081	4.7982778142024065	4.975364897867372
account	5.084656591566762	5.000845432979082	5.2163188552736415
loss	4.93066525827082	5.099646948800301	5.145128038948148
indian	4.950661030581376	5.041722256573703	5.128223398793734
vine	5.122319875153794	4.771385576868697	5.016838193694349
certain	5.029866869138908	5.034378697980038	5.2240275801656955
sin	4.825195207380815	5.133379481330995	5.097508723010353
necessity	4.990642239151425	5.084557259156621	5.275661995116248
lose	4.949001669594413	5.063727821267354	5.069632097216421
private	5.078451333590949	5.067368184183823	5.295621443937115
gentleman	5.113837494072894	4.983111905346822	5.126222048742846
daughter	4.990607266118078	5.053202210705	5.057837976132042
drive	4.809818381197365	5.105091471778113	4.9807717565479885
strange	4.911119013388734	5.054905430855699	4.971478012999842
journey	5.104269933370005	4.939266616228685	5.050961391028617
uncle	5.072041294954244	4.95789618442867	5.011903163353034
species	5.049451544948887	4.938741182709621	5.156931494691663
think	4.993763404319747	5.045832157639444	5.076543089243486
bed	4.959723856623443	4.831772475194356	4.818644616725108
wind	4.895323863871565	4.951175270345113	4.896332921902093
bless	5.0256957546688525	4.961366059650318	5.001276478592087
destroy	4.859608392808245	5.095009460060704	5.124478937955348
author	5.175179298478209	5.007733656161508	5.293957558176442
sustain	5.015297092764753	5.055735219238808	5.267133849295559
black	4.92097131258936	4.878084955768332	4.8612358708166346
event	5.045914892568671	5.09437571870145	5.2736899475757895
liberty	5.0269145201960255	5.1211464298743685	5.3183555152427635
negro	4.9417847884525425	4.983300237986521	5.003995395128295
little	5.077314281388588	4.910404667786314	5.013412856754721
fortune	5.055958520029094	5.082268131449777	5.172775709152395
touch	4.98832619091584	4.985420804407349	5.016957822481672
kill	4.751267976660024	5.110129653278148	4.916395922459093
feature	5.054716130086854	4.950887222533067	5.09238516665577
happiness	5.083064758905331	5.067190608607649	5.22315423049728
assume	5.039571977713597	5.0390794855908725	5.217092133945056
notion	5.056027370071029	5.017304325803906	5.1774632960626015
purchase	5.1731726670287275	4.873322049326723	5.167135086566682
faithful	5.079392559698006	5.068576287970665	5.231474723567381
soldier	4.8625668293668785	5.172779488124805	5.096828489733929
father	4.936325019236698	5.067313001439942	5.051842993807615
narrow	4.984380315831202	4.898488336497693	5.022381703144182
great	5.089967861832129	5.019802854423989	5.249984055041642
tear	4.847460121281455	5.010838035157497	4.877806877144708
honorable	5.098068802185712	5.128525626256226	5.364365188991431
previous	5.076026091259814	4.977350726110907	5.206667807588102
good	5.068391654447417	5.010165527988537	5.13060614358304
domestic	5.1306244469884685	4.95334428004901	5.1913256232651666
glory	5.1004876776093475	5.0100413578394525	5.17661541717442
lay	4.956730505788746	4.906233250240851	4.97066374468053
occasion	5.038314255918988	5.071120244738947	5.216861391071967
guard	4.864041755498623	5.118920800784193	5.097389657744116
whole	5.043956693445545	4.96510565843409	5.159732062690978
mouth	4.934476049673046	4.901858684333638	4.868468894542677
receive	5.119174456127318	4.988741073893657	5.228521803487671
take	4.98705398445716	4.993339418700612	5.0746342156035205
simple	5.134994216535372	4.904310062030735	5.15507241273479
error	4.956293056948975	5.1163210634958425	5.27433379417009
wisdom	5.0598212280358865	5.089469944767535	5.279536512401947
rock	4.928907432479438	4.891487042014843	4.9152644654982485
decide	5.034078703271143	5.091941380070393	5.314864364532108
exclaim	4.85601217398782	5.087733687615653	4.913083909824818
assure	5.031456424694792	5.088776442106616	5.173841981681387
sign	4.999360988399199	4.996511821692425	5.129247713880699
preserve	5.094688596127405	4.930738797485901	5.168711856004562
commerce	5.127241809548707	4.969520440919779	5.284482571950687
plant	5.096201893206027	4.786666225301582	5.011573921716362
walk	5.082355961265516	4.864844280818548	4.9230544852660385
difference	5.078868725962092	4.967792391207543	5.222731901364069
hang	4.908673073866144	4.8942916080522245	4.845464727199411
following	5.202073379423444	4.882999648761827	5.235034537600912
employ	5.130141053342077	4.931447950223586	5.218454680675673
