deal	5.103464891961483	4.9579422141416645	5.110053895593285
study	5.338645702720643	4.871383885433033	5.2639600936724475
afford	5.245507096781651	4.918026348866345	5.236908520296649
service	5.2576023432422865	4.987950366295892	5.3112725526692905
height	5.115636999483264	4.872253093836613	5.073723758796205
prospect	5.200931300209544	4.96980331967175	5.180388393441453
pleasant	5.248883689299287	4.809752238822247	4.976129978877002
shade	5.149604729505374	4.839580299848221	4.969655919855217
listen	5.052695349552275	5.0483000228169885	5.048959251500508
mighty	5.039559238568828	5.020969929942982	5.0981558313030435
country	5.193418591222347	4.9925957610127565	5.289147671879374
title	5.312434629644398	4.944957921642538	5.376205763009038
choose	5.211629469839914	4.923814630099354	5.229446744903217
village	5.178460815278778	4.8867134546976745	5.085088305843771
acquire	5.289043067402794	4.938593844249941	5.3168235575564
rank	5.197155272347026	5.043785427971142	5.305901342555479
bow	5.091016595675543	4.9490324866869795	5.015023258738
doctor	5.0573329954827715	4.931696631028397	5.0039138013847735
talent	5.316827616850732	4.986381366675783	5.3429964968386034
source	5.250798454750328	4.9490231977766035	5.27478821928715
lead	5.1071338114295495	5.008599775135368	5.171622858494892
question	5.133013775418177	5.006204447970899	5.2796965654479715
publish	5.329374257234018	4.91588850624489	5.362436185143801
interest	5.232496572399131	5.008023465418254	5.31352193008307
serve	5.114392048501654	4.933510847182546	5.11204896928891
divine	5.206932391919897	4.9948770020474615	5.27629384670795
put	5.0133043446819086	4.87914811982521	4.950550333973253
shadow	5.073507609996367	4.912190417220678	5.0098665411459455
practical	5.261801558124625	4.941160511423944	5.343763588379537
surface	5.1001162271747065	4.785485304306042	4.968448948830893
account	5.17320401909168	4.946860152798094	5.212547450901769
loss	5.024655532988716	5.059221419215471	5.138875263202563
indian	5.017065014169458	5.0160663325490065	5.130271123246702
vine	5.174983215822379	4.765155630819381	5.015702236526608
certain	5.113013355576679	4.993795824795692	5.218246926115994
sin	4.945520516250802	5.090749197941937	5.103636523716335
necessity	5.085608822009154	5.0490821696940635	5.274048748810401
lose	5.036081964106034	5.0282607842656715	5.06943482728856
private	5.192542235616238	5.02886229638539	5.30808818819558
gentleman	5.203554811459873	4.913305116175233	5.13018933339117
daughter	5.102390379194254	5.021020244592851	5.091976188479805
drive	4.871295955896789	5.073816505269688	4.96624324579346
strange	4.979577845329243	5.018297067081002	4.964539821437039
journey	5.168986253847778	4.914968193694083	5.059191803511297
uncle	5.163779187971235	4.881142095006694	5.013786905244521
species	5.127177883146407	4.913802148089756	5.14457284146958
think	5.080846696227256	4.983323151020583	5.071807688960396
bed	5.016414924391856	4.810093125303686	4.818218857166658
wind	4.947123351727289	4.942769078030234	4.8893850217680015
bless	5.138148771094285	4.933768891726794	5.029774932890728
destroy	4.947671807501274	5.077969699765831	5.126134490099948
author	5.2920828605195505	4.960542102718744	5.314831035315494
sustain	5.124685219772572	5.0367312288869615	5.278660995231585
black	4.979030539295673	4.846257044691493	4.8593135022454215
event	5.139887937958437	5.069632172327454	5.287270167140395
liberty	5.1621813127949965	5.0948078457935635	5.34671891366497
negro	4.98635817138568	4.916502862489354	4.969707184993229
little	5.1442576059526335	4.857644488729305	5.004966013703088
fortune	5.149011659638674	5.038618733417541	5.180774836722166
touch	5.088745235728063	4.9539112859565515	5.031827943503383
kill	4.8045522198584285	5.052215117025835	4.889838982977758
feature	5.138171080588241	4.939179744338757	5.115795590764541
happiness	5.193358985160337	5.041540909761707	5.242970037941227
assume	5.134109143253886	5.006925593464136	5.231202888311115
notion	5.134038450381281	4.929551017884141	5.15571696418429
purchase	5.253448293516251	4.837037863353413	5.16523857788126
faithful	5.200927190861076	5.040748582328553	5.262103121897114
soldier	4.954662574578542	5.15219980680607	5.1174683107275385
father	5.045225458070174	5.028703380814489	5.075827396769544
narrow	5.042334609223758	4.888000144066578	5.021368346635704
great	5.181084162227434	4.9853566234548135	5.258022795860633
tear	4.95106055743222	4.98932620516635	4.893852634226094
honorable	5.224137685176773	5.083980940003532	5.3862884352049285
previous	5.161658331330368	4.9490937146326734	5.2168163881643395
good	5.154276470320287	4.944451971505878	5.127114480514807
domestic	5.2191901254492725	4.927558766442069	5.199982057223328
glory	5.210861136598753	5.006954597326588	5.216449567157391
lay	5.037667250460839	4.891818628632069	4.978989578362068
occasion	5.133335202933643	5.029332721764437	5.221851400292153
guard	4.9568508696870275	5.106861060930178	5.114576419765037
whole	5.123864087620974	4.938678313221528	5.164040031530066
mouth	4.99696907787829	4.85675914178795	4.857438719789899
receive	5.22068701439494	4.955191317464765	5.242022475397736
take	5.069436731291087	4.942619918118654	5.071122529753945
simple	5.220744346692629	4.8750462792420315	5.163277825484531
error	5.070435004373107	5.065731529620706	5.273354996380431
wisdom	5.174018381761079	5.053907324579001	5.296533963574114
rock	4.984854312333354	4.893081127788667	4.916641626936326
decide	5.140609198927366	5.043765309324709	5.320052164872581
exclaim	4.943772417958545	5.030516235831034	4.910603136755697
assure	5.128291009757977	5.033346293040617	5.178128858622355
sign	5.095341359075679	4.957651503507612	5.1374258425359995
preserve	5.190124564425856	4.9127232159462295	5.190292242242403
commerce	5.214538797735518	4.951127512596425	5.290647470547128
plant	5.15137430129509	4.781162215310899	5.0117616258492586
walk	5.143835332824796	4.835908654307551	4.929603575865719
difference	5.16261627073528	4.912233542857861	5.213373670357873
hang	4.973527893906047	4.872177634648968	4.843836071742164
following	5.307768384555107	4.856556684553335	5.261191918415637
employ	5.203119704313038	4.896126499842205	5.211918882854433
