deal	5.010033460922138	5.009515866530278	5.113863471192702
study	5.260182535822344	4.922505027481021	5.275460735377734
afford	5.142723165700015	4.95238027961501	5.22662538763561
service	5.1466947030198416	5.021045193777525	5.301005121127104
height	5.047088416336116	4.859379819712337	5.053671524469145
prospect	5.125864263835568	4.993983235119766	5.184246357267338
pleasant	5.210630432642976	4.834968318836159	4.997313495782274
shade	5.115828336419753	4.838651173326947	4.982384389642525
listen	5.01428837970485	5.069058663708434	5.066442396147561
mighty	4.991776371535947	5.013842856874299	5.09689026983757
country	5.081807457063596	5.016487866456494	5.277942379411395
title	5.180170198854998	4.9720314783079935	5.353976688956693
choose	5.102588573363151	4.949791333816413	5.202370954236075
village	5.109271672644166	4.882522373207875	5.074814964700425
acquire	5.187835674095893	4.9877277841135506	5.321858433488374
rank	5.104130416646118	5.06676342799108	5.302772315999089
bow	5.035577709714755	4.959743653718009	5.015419307001256
doctor	4.992072959684727	4.988647374840747	5.020293871489242
talent	5.215737318924895	5.045720335673513	5.357585181910929
source	5.144592759358928	4.975616294332122	5.2653882726346
lead	5.033390181258259	5.027258762286915	5.167085332949248
question	5.022124550747997	5.060755023012089	5.267267388520161
publish	5.2015810409433465	4.942742603817297	5.341177662084644
interest	5.117253645398677	5.055152162064345	5.310872624825425
serve	5.028664608331554	4.960133011351464	5.105979298387898
divine	5.1217884118336	5.027593574936585	5.274785891669305
put	4.926011777683695	4.920731847553593	4.941626715570077
shadow	5.036149978771182	4.916958425636171	5.01632984264287
practical	5.147993250047702	5.0011163498301165	5.3387266643097
surface	5.036604121017366	4.801220327936784	4.963968037998832
account	5.056892607119718	4.985662158433402	5.196088240058322
loss	4.917179517769152	5.087883002439729	5.137181432849665
indian	4.932911169022979	5.013355962443298	5.114684699800015
vine	5.1019468558531305	4.78333927860097	5.009199638323487
certain	5.017123029171194	5.0375909589520305	5.2138017260929175
sin	4.86069472311095	5.120638822088735	5.1077005908718425
necessity	4.975964943307883	5.091874887879559	5.261537759995245
lose	4.965761313338276	5.047397592539529	5.073497727534375
private	5.075219943686475	5.067996039115588	5.297733347675969
gentleman	5.1145418468237045	4.969625393192576	5.137327228397294
daughter	5.038377546557826	5.0423543374510915	5.112252533719141
drive	4.818558870914539	5.0667588842148135	4.964779940384663
strange	4.9550789652469325	5.039335106813732	4.996580977625499
journey	5.11423247155739	4.910992110750752	5.061462979568326
uncle	5.0798931178473135	4.930697830285226	5.021823213625041
species	5.015666773104083	4.933075079990231	5.126592522557435
think	5.008830933339085	5.035734915807016	5.0852593174677985
bed	4.982096565592506	4.812158485877397	4.818715073099137
wind	4.918618082001578	4.934390486203168	4.897005532319284
bless	5.071639534351242	4.945249257645648	5.02771826834916
destroy	4.863906483196277	5.081615818888181	5.121036427162994
author	5.185712236899012	4.999636054152627	5.3137778190931035
sustain	5.014648078909654	5.0689825333457605	5.269655265285678
black	4.930272129036627	4.849136409965952	4.863637648654306
event	5.059050033351377	5.0960711919051676	5.290145157168336
liberty	5.046843876560774	5.119609843776725	5.333322323877863
negro	4.909832975774632	4.941706257877071	4.9699305464609695
little	5.075756704863783	4.899019165046592	5.014563338297147
fortune	5.064477214887062	5.069524944651696	5.198113235810985
touch	5.033142289900704	4.983064992604854	5.043206482129914
kill	4.756948053843575	5.045845092642239	4.894771641475822
feature	5.089943660537386	4.974767626679099	5.14171684757162
happiness	5.110382884152197	5.083082598410117	5.258112387177877
assume	5.045577378180965	5.055979113777783	5.2356186709108385
notion	5.037965329359432	5.008669288894012	5.160659344769157
purchase	5.121705913812673	4.859828508602743	5.138884213371663
faithful	5.116621411165389	5.0682226467588105	5.268617308366215
soldier	4.904010215091789	5.1398111663929775	5.120094490270831
father	4.976082973733092	5.053364268818113	5.088175257787096
narrow	4.986986939160094	4.891636030770258	5.014861455021655
great	5.082726954264826	5.014141139665589	5.247974947219096
tear	4.904667741625817	4.994852730696801	4.909304666814332
honorable	5.103409668238696	5.13411219794619	5.388151052043315
previous	5.064212190185721	4.981302100813147	5.203569540903986
good	5.060596943991764	5.00029036312625	5.132561932497983
domestic	5.12052629230003	4.972831154875005	5.208499301498576
glory	5.146806529974839	5.00296048571405	5.219349760854971
lay	4.974475998022331	4.892798743645495	4.967764676010695
occasion	5.040474771872942	5.071321570320293	5.2208461386301845
guard	4.8934045370374	5.100476728340293	5.103695765669465
whole	5.0364984253231935	4.95812099338016	5.149882199580686
mouth	4.9490019340774065	4.865567404867812	4.8640046746576076
receive	5.100738965681151	4.99134866173411	5.22391439417786
take	4.979180595114724	4.977548516007382	5.059619459089628
simple	5.147123728271607	4.91929827498055	5.169340846258174
error	4.957582723715279	5.115937194812706	5.271186078095501
wisdom	5.089019558946919	5.095827924135205	5.306848457372548
rock	4.949929895629551	4.863671797158362	4.909076320981038
decide	5.029491077073232	5.097868764635828	5.305718905313707
exclaim	4.902859099047709	5.049695395682555	4.927109320991942
assure	5.039275644185319	5.075576963734249	5.176622806120582
sign	5.018111982040198	4.985008850076509	5.12812415368137
preserve	5.097438306931102	4.9410022145830945	5.184177980802586
commerce	5.09130270409786	4.970050016486054	5.26740324102806
plant	5.082712544335003	4.7929631486736595	5.005988895559427
walk	5.110435457084344	4.850664909680337	4.936376496663081
difference	5.04473024093479	4.968919138225005	5.200988524287197
hang	4.938105386400492	4.876590388409487	4.85042390235222
following	5.1966620989290675	4.883436365206829	5.233286011061804
employ	5.096227580924081	4.924961122956869	5.196048987215579
