deal	5.083952645655851	5.020020439740796	5.106913536402116
study	5.360228964480864	4.895765687283208	5.261209432295823
afford	5.25024423183829	4.93493332418504	5.229643702033914
service	5.242237806161162	5.021170352509386	5.292314526461473
height	5.094877353601812	4.840106309498214	5.04168416330633
prospect	5.194596248513794	4.971689501436501	5.167890362942022
pleasant	5.275594186208107	4.8162454569360165	4.978882694825848
shade	5.1641721561673455	4.817170507437064	4.96100671520163
listen	5.046377112057239	5.07354236201865	5.043318838629794
mighty	5.021427841068672	5.025815958566768	5.081307097655015
country	5.170026744334652	5.015317749857505	5.27228896536394
title	5.270673809973511	4.989681933333925	5.335792141290351
choose	5.192594818595138	4.947127194699027	5.200554967593701
village	5.193345277352293	4.8827952949529045	5.075864012235177
acquire	5.2861684521006564	4.96144604760981	5.301957189803968
rank	5.175792058076083	5.052983754676197	5.271973662597516
bow	5.065991489780059	4.951476956662402	4.988241335527179
doctor	5.053381347223747	4.995038340067341	5.01061740047864
talent	5.3105836782686024	5.012609796840392	5.3236910382165314
source	5.224593342130782	4.971309620630364	5.26241533610514
lead	5.0994891020081425	5.021271663382391	5.158151972999444
question	5.106622042981549	5.059553336128072	5.261928592726091
publish	5.301349833106283	4.956294916601379	5.335268084106082
interest	5.207252768709367	5.047443952329366	5.304705977709021
serve	5.097256838135949	4.96817137398865	5.097708307236296
divine	5.187864434455015	5.0232663836578055	5.267882672431792
put	4.983830485211104	4.934511796404014	4.9436522262243505
shadow	5.070174638093622	4.901189704018689	4.995201047047578
practical	5.2545979692324	4.97742632622718	5.330639555307775
surface	5.096952299935541	4.772090037635853	4.959346447566091
account	5.152543926334156	4.997078057425834	5.201368523579377
loss	4.974371433430611	5.115851258414871	5.132710574932832
indian	4.996353959354574	5.036411057748657	5.104788730114289
vine	5.188671995530576	4.755629826330491	5.006188056483964
certain	5.102913131376584	5.032698204808884	5.2114849784655295
sin	4.894010312520946	5.158650626103631	5.108159012866862
necessity	5.064515935556928	5.086631886297141	5.266300586560768
lose	5.003407898273123	5.063979912172476	5.058892348518699
private	5.168009393071478	5.073904625228516	5.299328472133204
gentleman	5.198721677055106	4.963080493813012	5.118789284516068
daughter	5.073854785018936	5.0628997773940565	5.08329497218439
drive	4.844561021381077	5.0941112714387415	4.957153380834133
strange	4.981423128204609	5.0555718262909775	4.973202373452695
journey	5.177284746283044	4.921929440516698	5.054950024683057
uncle	5.1413255570325695	4.940235167858083	5.007437058881894
species	5.103068381202904	4.949161961414022	5.141325390101569
think	5.065239734079621	5.038364521883206	5.068251419188569
bed	5.0303808574512505	4.824769647714267	4.834445022923649
wind	4.93935960216566	4.933373530440808	4.8790087704387926
bless	5.10285533353007	4.975003984120209	5.022340235426821
destroy	4.915177490651675	5.110826403757174	5.116628215557541
author	5.271836463611956	5.00483528951204	5.293748934688279
sustain	5.091309242639956	5.0572902308614625	5.262399111687709
black	4.9657585987335375	4.857615051284516	4.847962863311484
event	5.127392237171675	5.091121432667397	5.273743493201676
liberty	5.111242848755552	5.124536197188894	5.3166073038639485
negro	4.978412860751946	4.97097672871174	4.978064067772549
little	5.14861261654629	4.889799155658664	5.0044087691045815
fortune	5.119185850919168	5.0838206522895	5.1694152189917
touch	5.072326116214682	4.976068309158182	5.018664923272859
kill	4.778258904021282	5.103799978552906	4.88623127522481
feature	5.143835340976728	4.93042066916425	5.101959314877903
happiness	5.1702777828864726	5.078455590436228	5.2411733247559225
assume	5.121963747162464	5.029456404805631	5.21048097871685
notion	5.124509750717413	4.9931123156634145	5.145503052707861
purchase	5.226741475357525	4.897580716898697	5.166730201264012
faithful	5.177507139552829	5.072518923653846	5.243165426192728
soldier	4.931187707427715	5.160384572059804	5.086387898680123
father	5.015323009146936	5.076234139370652	5.070541447482569
narrow	5.045336795106902	4.878420944478093	5.017141380644091
great	5.164206363223521	5.010962899604464	5.242044347898513
tear	4.90885696846918	5.018513289630075	4.892102017692679
honorable	5.18727252034019	5.131272543608513	5.362006398613678
previous	5.154925616346459	4.969777712301956	5.201769008757609
good	5.138667426202278	5.002601663612182	5.11830564634645
domestic	5.213581917024323	4.967109937504906	5.199033082780922
glory	5.182648711554516	5.004985701889391	5.186640472323919
lay	5.022494302377593	4.90294609425204	4.966114816079689
occasion	5.1251314555460565	5.064537432602879	5.212380789793836
guard	4.9343372128234755	5.116437599175902	5.089393636620318
whole	5.112663877931192	4.953273376103434	5.149211391944711
mouth	4.9781628824633195	4.865768680097781	4.845742703426213
receive	5.197471240602246	4.991413092453426	5.227351868773471
take	5.047848756709422	4.985937030202636	5.059726340912298
simple	5.23609272025355	4.898314003246963	5.1596091368988555
error	5.025844163325924	5.121697890914695	5.2605299651941735
wisdom	5.153863522142621	5.085074819923264	5.279929709278056
rock	4.975809648723179	4.8701910422477726	4.902997402236325
decide	5.115700053948437	5.079809481091757	5.293007805985187
exclaim	4.915985138626117	5.0700841779540875	4.907010131042843
assure	5.108099881458007	5.072917121416075	5.163758118055949
sign	5.084511492084911	4.984004094207891	5.122442940659079
preserve	5.1774474007478695	4.927599880263135	5.172653405440867
commerce	5.182639864106684	4.977412738527652	5.270978982555696
plant	5.167024938528845	4.775981802848476	5.006069114253171
walk	5.170151199289529	4.84084722452461	4.932706854814326
difference	5.137173073927265	4.963151494547362	5.198485782925235
hang	4.966356231818568	4.8842571609954355	4.836257256985086
following	5.299207321092829	4.874153231636805	5.229473054671735
employ	5.200825176990584	4.924191460542148	5.206068535437463
