deal	5.0038905864681045	5.013906655896464	5.119610856636549
study	5.242587904087205	4.920335269702347	5.271266682756998
afford	5.14417916837644	4.951842491480105	5.233168989491019
service	5.162839693408366	5.020366339273281	5.300792157853857
height	5.041409669921582	4.863605284761059	5.06566656626199
prospect	5.12178725681116	4.994687231313958	5.181849915259433
pleasant	5.193305717798563	4.845257430126226	4.994050255986009
shade	5.090398071418487	4.852080891265159	4.979397160813702
listen	4.981431364294349	5.071441126731192	5.056100849542082
mighty	4.965865552842132	5.035968155383499	5.105942669264035
country	5.082513510300753	5.023342921446734	5.285352701307816
title	5.1894472468949875	4.988226726351561	5.364566609667644
choose	5.110721582376823	4.953098920383912	5.218920701390641
village	5.106932744069173	4.901622298369238	5.084443099733945
acquire	5.180071472822789	4.9783960547277575	5.318675383209586
rank	5.103939123205464	5.061402106040729	5.295425577030676
bow	5.028290275995907	4.9618228717506145	5.013270814634108
doctor	4.971272388904677	4.988829873258108	5.011986236426528
talent	5.208966102601291	5.034089195062813	5.346881527051877
source	5.133427957766874	4.983048560175174	5.268281535067613
lead	5.019376426548159	5.027866302917914	5.166106675349667
question	5.010782992187751	5.051915384518723	5.2657285118001225
publish	5.210990128394271	4.968112531377585	5.356310612058896
interest	5.11120726957789	5.044015618446022	5.3059768049007445
serve	5.027849263031214	4.97598193367003	5.113483237563367
divine	5.100084357153167	5.02602478684956	5.271327874479452
put	4.925917001400424	4.933310311799656	4.9597757754688
shadow	5.0093764189982615	4.925240383591442	5.016775352205673
practical	5.14025264202539	4.988073231017955	5.339568946517565
surface	5.020288558292675	4.801371815359448	4.969254107007865
account	5.063892015015186	4.990759699899329	5.203821038242483
loss	4.916400637393087	5.090472606083413	5.134906065850334
indian	4.933215415170922	5.028922557694248	5.119540704667421
vine	5.088016014615415	4.785366951676139	5.01386270204678
certain	5.004616826091744	5.0256990568175794	5.214645061543831
sin	4.831220233166668	5.130529811648868	5.106420627448723
necessity	4.965212520044724	5.079385707273643	5.262111359961827
lose	4.952057482211935	5.0557310992413065	5.0776000175339195
private	5.077854609097753	5.066813114664412	5.30157181258175
gentleman	5.118351343818703	4.960619868796972	5.132526163052308
daughter	5.01279496263154	5.055688325212203	5.092104457733608
drive	4.807308012710998	5.0828274915658955	4.974603273189395
strange	4.9168798235224775	5.049115840951175	4.985971118177425
journey	5.117390838607159	4.937295272086991	5.068889723735263
uncle	5.078374228404884	4.9414425330024985	5.021930136149976
species	5.008328080641334	4.935031194115972	5.142149167004801
think	4.990722226395504	5.034852356025931	5.080698717953759
bed	4.95869365109137	4.841439412938345	4.833419180509309
wind	4.893332280535053	4.947982972284448	4.897021435179203
bless	5.049619182968719	4.970109257918025	5.03163731788968
destroy	4.841501285295429	5.101823771141899	5.126241429687279
author	5.178072732430126	5.013002952182445	5.313580103579429
sustain	5.011096191519185	5.062524113502248	5.270031466211615
black	4.925150006851381	4.864626366415041	4.866073000141591
event	5.04520503142303	5.096613736620414	5.2824543435290385
liberty	5.0351473842770895	5.126698631433409	5.333465962919589
negro	4.89885238208981	4.954274073264334	4.9777970010448325
little	5.063178077939768	4.903234389394053	5.0150536082814625
fortune	5.057533724784618	5.0797340648131035	5.189131529993751
touch	5.007352684049414	4.9805295728060885	5.033178067290159
kill	4.741237070394556	5.077251536645594	4.901328525682043
feature	5.068769931593649	4.9558773838823305	5.1209048673859385
happiness	5.078537103322761	5.080768519951254	5.240899923087579
assume	5.042038134593198	5.034283906635988	5.22648763405589
notion	5.0217546525995855	4.993653075876297	5.159758532048137
purchase	5.137392900384816	4.883353850375796	5.165381519054139
faithful	5.105361392551859	5.074463825454249	5.252811000597389
soldier	4.893783993833379	5.152795992688573	5.1122658437386885
father	4.956961574860246	5.064503484985047	5.076493060198363
narrow	4.966839946889571	4.896467087042787	5.025752289375697
great	5.083703393704	5.014015516936908	5.25365095501198
tear	4.872095852706067	5.019928851364864	4.9064513530281975
honorable	5.1094303337225915	5.126560180450172	5.3734662205206165
previous	5.068892449523226	4.978366102889656	5.208702227943642
good	5.057889373011175	4.998603064354167	5.12984370487878
domestic	5.104905024777482	4.9731205629027455	5.20061120413297
glory	5.135187528384912	5.027553263377981	5.223196024656872
lay	4.963517667257437	4.915493343339525	4.981695379655399
occasion	5.035937767852291	5.062798022005193	5.216279581929281
guard	4.882069635410268	5.107797787583709	5.100061186990209
whole	5.030455679872487	4.962253872108629	5.16035608400625
mouth	4.94254975324963	4.876135268177327	4.866067713697805
receive	5.116812647437268	4.985562537918388	5.228068780420958
take	4.979752884760602	4.982087780802555	5.067897202750192
simple	5.125656051106949	4.912112138160164	5.1680047376708735
error	4.937849848182371	5.111819521019967	5.265357058117518
wisdom	5.071368153278361	5.088015956943659	5.295255425278402
rock	4.927679124650264	4.891183175334808	4.919145797317433
decide	5.023847984894648	5.081522635899259	5.305418347662774
exclaim	4.882219722974373	5.054852370269609	4.920236898100118
assure	5.036725276022932	5.066371954303753	5.170320675934295
sign	5.014935165437795	4.981667534287896	5.132232024570604
preserve	5.099818373594506	4.946643735200211	5.189437206582614
commerce	5.0940728987280695	4.977570964065789	5.278451076271138
plant	5.062502514459067	4.8013605651093085	5.0126782054250745
walk	5.094079972398488	4.861219862258363	4.9474960852515935
difference	5.036847197212966	4.954247918387882	5.203294170594263
hang	4.919361750360067	4.895742443629246	4.8585208987968
following	5.215233548055521	4.886095282214252	5.242418706991697
employ	5.097805154840363	4.928366593090909	5.209681862513481
