deal	5.062540541339624	4.999735911734777	5.100007750472419
study	5.286561123860325	4.898601951894623	5.2462893601451634
afford	5.190319278742934	4.9323203381463046	5.215584197649615
service	5.216712684981189	4.992930414678181	5.275583002717111
height	5.054396597776458	4.878438517160346	5.04934276838306
prospect	5.159238448929508	4.991425571787795	5.164978585785002
pleasant	5.242816740905777	4.8572330829505255	4.998714876511433
shade	5.128161316828148	4.860982756202954	4.973163315735979
listen	5.0581350301840375	5.072711223113859	5.0488549666072355
mighty	5.01888342324989	5.044933308051168	5.088675485864868
country	5.13386150946973	5.000492935148032	5.2599382630573945
title	5.250229223016512	4.948054672147163	5.330456524149594
choose	5.170073126208282	4.932508556841551	5.199930256530835
village	5.166309035186637	4.90613360263644	5.078877472590157
acquire	5.2271907204468935	4.961444595898604	5.295919457418473
rank	5.166007431124771	5.0470944810747405	5.271542266577171
bow	5.080787225814501	4.975383224067235	5.0035355844243865
doctor	5.032522768152222	4.982602578693909	5.006189698265305
talent	5.264913908665933	5.008092807243525	5.314620504852741
source	5.173633321320318	4.969593584860737	5.251404794465269
lead	5.074716146585247	5.0276945579097285	5.154682908725701
question	5.086882606933884	5.023350258520628	5.251883293666263
publish	5.256314447376499	4.918676531119895	5.315073171536144
interest	5.162666009434909	5.021322359086124	5.2827143264050385
serve	5.075995589147283	4.960845785910864	5.1014567420470724
divine	5.154381179865372	5.0132178944958525	5.254278212169538
put	4.9733472178158085	4.929015451933523	4.954974579348208
shadow	5.0482760830660025	4.9366817204693385	5.006331269919316
practical	5.195151008396859	4.957232406218457	5.3182205578086235
surface	5.041263882853367	4.81921216227168	4.967353032534067
account	5.109204199353078	4.971284129462361	5.187384124863285
loss	4.946055842642939	5.0834002422180875	5.118648632940632
indian	5.009518632543837	5.028413783245145	5.11921937156813
vine	5.110893054312594	4.787961918304053	5.003798765820531
certain	5.06413939806206	5.015783661333736	5.205511116350405
sin	4.881900394059461	5.120807088772479	5.088827202131534
necessity	5.024654593341237	5.059722754712475	5.249885712034462
lose	4.989030826999106	5.061829219846527	5.061557510457074
private	5.125837358446536	5.032097312834282	5.266529666586773
gentleman	5.183294505368849	4.947066924491109	5.115769848143765
daughter	5.0702010259844945	5.045329134749521	5.07629562400884
drive	4.861585031103142	5.097541157147161	4.9705725821720055
strange	4.983153902950775	5.058546030967356	4.9867960816581105
journey	5.144681688169733	4.948288113078393	5.059348264466026
uncle	5.124523593451176	4.938069696466199	5.007708590445266
species	5.046190717885409	4.928639766736404	5.128751382883334
think	5.0525324890211385	5.028218054403305	5.068707610922409
bed	5.001930988972021	4.853891093621023	4.840412516308974
wind	4.940176508216788	4.974997236702644	4.904735490718995
bless	5.099799084594131	4.971579770907093	5.022980364553467
destroy	4.89442058471437	5.09095590034103	5.111361276045276
author	5.233043843822322	4.977524920385129	5.283671301477932
sustain	5.053462750515727	5.041886486898757	5.246858606529884
black	4.974448052422528	4.876683866451174	4.872765230170749
event	5.093688191421223	5.083717253157686	5.264194603384669
liberty	5.104283724913596	5.097584224394727	5.307359590464296
negro	4.970895171504003	4.957599056521099	4.982075158171681
little	5.117182773583804	4.904106756535822	5.012545165443343
fortune	5.089529541330665	5.073668944835537	5.161873098228626
touch	5.06820106478907	4.988965784079365	5.032584695238386
kill	4.8039982203588	5.0944040465890446	4.9061117151917815
feature	5.117451850838287	4.957173209783527	5.108281892858271
happiness	5.132082159333504	5.067918068446751	5.224525546602028
assume	5.105079128697314	5.018029606660273	5.212316012214424
notion	5.094861088162564	4.981211489521384	5.146023587358248
purchase	5.1668496612988655	4.863018697345496	5.141122861666873
faithful	5.1694576455298975	5.053933461518324	5.232230432297363
soldier	4.962329893031613	5.153488494369989	5.095658566591783
father	5.01949700317817	5.059186889914455	5.064375187846042
narrow	5.0040120163421715	4.909219381372657	5.0168085790992
great	5.12991564823788	5.002915257010099	5.236664388464095
tear	4.918918667041871	5.025923197795121	4.903666970589294
honorable	5.169719908531057	5.089991900733074	5.340236391096873
previous	5.112965995295569	4.957650811928205	5.194860612580616
good	5.118697839480271	4.989112943676105	5.12026061448252
domestic	5.169472046350902	4.944475552633992	5.190446673472833
glory	5.166260201886204	5.025267570839321	5.191819814359879
lay	5.007815665375216	4.919578007862146	4.975422868023832
occasion	5.100871381091383	5.045215302528083	5.203607924806513
guard	4.949087108529	5.107198983712257	5.087799264865188
whole	5.079435145594839	4.953784480546558	5.15016004669833
mouth	4.985784135122542	4.904057321477815	4.872178186072827
receive	5.170339286880172	4.967211056675102	5.21517584982171
take	5.034694252536883	4.975297210227458	5.061986329750752
simple	5.186179213466406	4.897452058937411	5.156520365530002
error	4.982353267958571	5.085066932751342	5.2413049737342305
wisdom	5.1247666189327195	5.076765258257871	5.272994453957397
rock	4.965828061077066	4.920474344727135	4.919556291430801
decide	5.09563422651158	5.0529346630611585	5.285045273136999
exclaim	4.9494330320357305	5.072165374468493	4.9212559657196895
assure	5.098302729781554	5.060819175340479	5.154751674341102
sign	5.0686506114620515	4.981032622896337	5.122872692167833
preserve	5.135904346475575	4.931970964452086	5.173123419486145
commerce	5.139482480995971	4.958963336904549	5.260454253199861
plant	5.100403349151107	4.803025355369086	5.007436743453793
walk	5.1406949698821744	4.877686259601838	4.943292555424262
difference	5.090810217844008	4.940124934922037	5.196473427593499
hang	4.96030074315712	4.910929518195759	4.854060509042095
following	5.2651251641865535	4.856917206783056	5.228231345350456
employ	5.13956555985819	4.909661048256473	5.190025551279359
