deal	5.038405288980397	4.960209103912623	5.100011797462497
study	5.276289315626144	4.861639290288659	5.246268560866111
afford	5.184657811555159	4.905902195081847	5.216563962337615
service	5.19128758730397	4.9515595137853685	5.277689798246299
height	5.070373313426593	4.848141161602115	5.029606456473418
prospect	5.16085259985642	4.943066209346016	5.15728476971175
pleasant	5.238525382874889	4.80900892295229	4.968542529754191
shade	5.145389519366738	4.824301600511415	4.954584582699633
listen	5.030255236594183	5.002587973769921	5.0201421627121094
mighty	5.011560350555299	4.991049497160186	5.077629555249208
country	5.126626842209733	4.974362882064446	5.273983427279649
title	5.2258624856567915	4.910464325246509	5.3454830273804035
choose	5.141160826018307	4.89395090102956	5.186513511423785
village	5.152246335886347	4.8646829382488965	5.063551577436058
acquire	5.21431806129752	4.932551840357376	5.3018669202483295
rank	5.1307295645924285	4.999894391780251	5.261842012790599
bow	5.056411019694493	4.912538617565192	4.964688039828857
doctor	5.011946249951597	4.924464024386017	4.991295244870989
talent	5.233678671870031	4.972206521075187	5.320809444444434
source	5.176825128359777	4.940677455579709	5.264790532008464
lead	5.055971425735494	4.977777883673958	5.138017237030067
question	5.05789896765177	4.979491327025036	5.253881714604806
publish	5.235488734326654	4.888501996432393	5.326924933714179
interest	5.146660553923264	4.982816296047502	5.28732650999807
serve	5.067429962758863	4.921166770917902	5.089769712723302
divine	5.1467852113840005	4.967732096592493	5.263140547092157
put	4.962671194300556	4.890374040227361	4.934579653356877
shadow	5.059734433149575	4.883788848377632	4.985495266151442
practical	5.175307990524144	4.936218825370853	5.3281513754524985
surface	5.069354979272776	4.799290876428768	4.955183183193241
account	5.0988246011697775	4.936928389924431	5.191310884227311
loss	4.956749159989095	5.039151693215458	5.125210968968925
indian	4.988351702858508	4.985667894841193	5.114643929614233
vine	5.139359443501004	4.77859452558624	5.005205974126694
certain	5.051805631958975	4.979701890818428	5.204733489333991
sin	4.890081361458664	5.0694111869083605	5.106136158607644
necessity	5.016152740603052	5.025722204236608	5.257693407065279
lose	4.98616256057615	5.0073270783210235	5.047230917091278
private	5.101683965419064	4.991854809957489	5.270597169030331
gentleman	5.140812671965213	4.894991221071989	5.095811279980985
daughter	5.06157534926823	4.979308972576809	5.0691098396386565
drive	4.851480417875648	5.043709553794955	4.944810134447683
strange	4.977257087463896	4.992847161630291	4.961578346193137
journey	5.15250145854784	4.886356821786152	5.037527751161306
uncle	5.103175425502416	4.874118820059269	4.9914592363934345
species	5.05745174158485	4.926503409588533	5.143807713756673
think	5.034052865587043	4.968079746441848	5.056907861468127
bed	5.015976487667011	4.805630953019665	4.808835911515204
wind	4.9519872653885635	4.926750298307708	4.873784958636472
bless	5.092172040066826	4.915332863936728	5.0148794838062996
destroy	4.9071554390432475	5.0605859864211125	5.12576530002362
author	5.214259985717126	4.942067266887661	5.295060531356241
sustain	5.051102208607606	5.009021616624904	5.251408870523568
black	4.97179454509254	4.8393268763817625	4.84321635533348
event	5.0886095572056504	5.024150778202915	5.260456415911932
liberty	5.078962623994243	5.053085760852765	5.316709787014644
negro	4.950217035246654	4.921048191773039	4.970618852198398
little	5.108174286852587	4.858651215251827	4.992345674849586
fortune	5.091179118873579	5.01538591989316	5.161965789140124
touch	5.053329782408597	4.930274062820097	5.003587348800014
kill	4.794468014114557	5.033440077732429	4.889623029051241
feature	5.118550459866117	4.905178967035384	5.090475871464319
happiness	5.125755666543241	5.016604678927244	5.229548780598917
assume	5.082439908617899	4.976820628200429	5.202268575200377
notion	5.059769919150487	4.939497473001851	5.1443755068831996
purchase	5.175123651981945	4.846292566574476	5.159501118865014
faithful	5.147108824342608	4.9917327735405035	5.229126980918405
soldier	4.928500847227879	5.088654102420941	5.073289563150726
father	5.008932794628505	4.9920229447169016	5.061257254481798
narrow	5.015698287617894	4.873894239249857	4.9985445647728515
great	5.116983962202867	4.967201827628653	5.235424514610591
tear	4.9324649275907335	4.966240644525852	4.884786014263692
honorable	5.136162555661123	5.043048899022011	5.352549017403655
previous	5.105438770477356	4.919361285538268	5.1849686510504505
good	5.095551539013742	4.942410238301372	5.116321651498953
domestic	5.159948051160842	4.922224136755439	5.194886316145438
glory	5.169935950280251	4.971128311007752	5.193355211478383
lay	5.015189854746475	4.87331159843703	4.951165864974958
occasion	5.077706500026893	4.99947697140584	5.196489178453609
guard	4.92444959034527	5.045090818507111	5.065501387412189
whole	5.073742369043579	4.92111487743304	5.138829461760933
mouth	4.980113498649862	4.853980629616069	4.8385473164523685
receive	5.148558175155174	4.9302637314094255	5.209489664692027
take	5.015597002174648	4.9265736722684785	5.041703918332344
simple	5.175376080965639	4.8696457431591895	5.152581911431018
error	4.986753150141531	5.04571404215399	5.260305869677459
wisdom	5.113383715810754	5.026059823876886	5.282896598349329
rock	4.980632454000354	4.875163342804912	4.893639827674362
decide	5.061648434927385	5.006352795198635	5.281847571770238
exclaim	4.9130276622504585	4.9973903317885915	4.877605150970389
assure	5.066669747068902	5.001517558834293	5.144211427168452
sign	5.05093151644362	4.923803211141602	5.103653617690667
preserve	5.13727399348523	4.902584645623134	5.169762633315507
commerce	5.1390555108854565	4.945455984527596	5.275913787460772
plant	5.12139423484996	4.796125942878565	5.0090783058509745
walk	5.128358262984725	4.819088488848683	4.901164606341199
difference	5.076740437437534	4.915914793249523	5.200162663459629
hang	4.967897417928444	4.856962097854691	4.8196539557947204
following	5.2417385506471605	4.826435966417298	5.21766425757827
employ	5.134863028349809	4.895301578764506	5.191267230475277
