deal	5.078363371681566	4.992412260499313	5.108444981635007
study	5.317438422232313	4.889829174387865	5.250197972366061
afford	5.223208105908996	4.917413732056448	5.215923639102693
service	5.211763161746587	4.985373430472307	5.276240451318658
height	5.095877864313972	4.881298535639123	5.037907209776827
prospect	5.19930291475099	4.982251637312335	5.1773761941725045
pleasant	5.282267465231361	4.844509455451835	4.990171776729309
shade	5.174416822081936	4.864598845266854	4.967704484652861
listen	5.055983691342708	5.058783743528747	5.0439560403881964
mighty	5.027186739565437	5.040109765209646	5.087442549258493
country	5.145202602829088	5.002587770165539	5.269821051012834
title	5.230983415300141	4.935842889648561	5.330828388184498
choose	5.176276440031177	4.9209806717518685	5.194867225970601
village	5.176073969453912	4.887606385489065	5.063165819607692
acquire	5.2497053548789445	4.955987205599833	5.299172764714641
rank	5.146603959430197	5.041880805160086	5.262280384514687
bow	5.074174327285244	4.970416779656325	4.982668243252915
doctor	5.047122163894724	4.971358827449082	4.998369777631144
talent	5.279076216288271	5.001730912748949	5.325523634059178
source	5.210825560759327	4.96521781706679	5.265042354852423
lead	5.08962526886448	5.013376676385342	5.148470057971229
question	5.083441515481618	5.01114530615566	5.253320894544424
publish	5.261808521884614	4.902556557445192	5.325993921463312
interest	5.186723810786783	5.018814627018025	5.2994530909351685
serve	5.099311750113466	4.946995385743312	5.091467875374951
divine	5.167567372396363	5.0156975409389455	5.262055555777702
put	5.00716194935435	4.904946837534363	4.939907140951178
shadow	5.088115536033063	4.933161956947926	5.004826186817198
practical	5.212633438031712	4.9549058007815	5.324045069335858
surface	5.114001832691263	4.819769398059524	4.96740356852841
account	5.135837453081723	4.9537502601557	5.194623823596962
loss	4.995672084613415	5.07591182887721	5.138685653320428
indian	4.992119236553195	5.00491014929359	5.100681816917544
vine	5.190848258593635	4.792464865514122	5.017201309069602
certain	5.084368932111426	4.9999536575369445	5.203361926264672
sin	4.9126812619773865	5.131378017804322	5.109990159984342
necessity	5.043707471626612	5.048823207988375	5.249524386408047
lose	5.028281653151258	5.048242033524364	5.071108065833073
private	5.136947787451263	5.02148018267507	5.273355890050876
gentleman	5.176737521031798	4.931357631236989	5.103854961280834
daughter	5.075031165178277	5.053365924349799	5.080932915138237
drive	4.8752766987072755	5.080957257801567	4.9589143098848
strange	4.998215336460621	5.042630562259004	4.9796373437216355
journey	5.1783426506981725	4.916472537707365	5.0537356175766295
uncle	5.1486921362414755	4.924976856505667	5.012532417520738
species	5.086707845446673	4.923648286691578	5.133141612171738
think	5.07663989614717	5.0168320104698605	5.078722526895716
bed	5.048667800487674	4.841216853877745	4.819807816420293
wind	4.974663815562113	4.9641988547833416	4.898074579348314
bless	5.123781879676625	4.976971930490384	5.033303747864807
destroy	4.922698841120338	5.090173815993109	5.121093955961901
author	5.244332604933592	4.967390884701661	5.296686578839457
sustain	5.083724511937862	5.0451853847541965	5.258335123131173
black	4.982752730142768	4.873884365999125	4.841469901302311
event	5.124431581939797	5.064496585679464	5.277010855767234
liberty	5.098673254775174	5.1018235163032655	5.319531260758949
negro	4.970429705438582	4.943094402781079	4.958052250446258
little	5.149926539350489	4.889775646017775	5.003061148126405
fortune	5.122831489169837	5.063136387035689	5.178628590798751
touch	5.08952083887531	4.979818390347252	5.026215354490035
kill	4.818030119785186	5.072793608646383	4.898866285280178
feature	5.1388222124229905	4.962589003050006	5.102144984173361
happiness	5.17158605717563	5.069289123276203	5.248012654719119
assume	5.1077295765271264	5.013337382676029	5.205833625509331
notion	5.104046620183216	4.971481880289167	5.149402883063371
purchase	5.197301970699468	4.849827927725215	5.144025435766274
faithful	5.164494300968981	5.050288462858149	5.239201502062456
soldier	4.934967704145307	5.136104757610315	5.077689844445316
father	5.0255040927250585	5.061925648147055	5.068601007892331
narrow	5.040124644808277	4.903621577294788	5.000445885599074
great	5.145450945290779	4.99297277824001	5.237608524898941
tear	4.961015916465259	5.032702347386083	4.909728969825274
honorable	5.1591565132647705	5.09002912096784	5.356479659470516
previous	5.147370828039393	4.9401181537779095	5.195717860265595
good	5.134842157019443	4.980210071493966	5.124446689777345
domestic	5.194076854664367	4.946525519655256	5.194621834224334
glory	5.183916853532594	5.024123339328646	5.204906828951928
lay	5.034906161897711	4.909415454935978	4.962035568931157
occasion	5.113817704809585	5.02750836529932	5.205256880656501
guard	4.9319561486292764	5.088615574126246	5.0719224916935595
whole	5.107743966506485	4.943036562763607	5.143704753687131
mouth	5.003655038869933	4.889301508215274	4.849513337537514
receive	5.179909434243133	4.951414433486664	5.212654070139
take	5.056312087725775	4.953015407980853	5.052925223086774
simple	5.210047610623829	4.895789526053134	5.151081075978879
error	5.022636523955593	5.083518827098029	5.266212610217073
wisdom	5.1355550174118765	5.075160642328608	5.284847297483687
rock	4.9958277245744265	4.912394557415143	4.907808255445016
decide	5.0980221928911575	5.03581566823963	5.2875487769325105
exclaim	4.945261165369065	5.058482344834372	4.903549536981762
assure	5.106012914961715	5.043803536549573	5.162870312745496
sign	5.071073128840626	4.9547477368444115	5.103950342023418
preserve	5.173790003195129	4.928878917185546	5.175398798549833
commerce	5.148680682089028	4.953578388467007	5.2639795796133635
plant	5.163180269610197	4.811343802716014	5.012762015610055
walk	5.16548616424601	4.857952755598229	4.918494031773651
difference	5.1209321390045766	4.936939154490525	5.199302113275002
hang	4.989771757926342	4.901245153140752	4.836872707199011
following	5.283488865405618	4.836571219702542	5.2255097525751335
employ	5.160857145571708	4.893323164789715	5.179124279349958
