deal	5.0251312088983315	5.019755046518002	5.084828055374827
study	5.282983420313581	4.909974363535995	5.2364369508330695
afford	5.17859577009386	4.951879153448226	5.199594237228263
service	5.176013334370279	5.031694033213114	5.257462631323279
height	5.036242286889875	4.8901269824483515	5.015847166321987
prospect	5.127736291971597	5.011519778242496	5.1396398696206225
pleasant	5.206165284201556	4.854554297552856	4.947828458764035
shade	5.089734545352662	4.851583478030951	4.9176232063602034
listen	4.957419953867153	5.0839050256328475	4.987702820650462
mighty	4.9532134215104255	5.071841789094639	5.056347093869124
country	5.115877797364946	5.033323885166623	5.2505711616826884
title	5.216456624546118	4.970612677941041	5.3065648992689525
choose	5.128444999837798	4.974374347083173	5.174998482230891
village	5.11851480032889	4.930636871796354	5.041873756492024
acquire	5.234424263536613	4.983216929480734	5.294611227937404
rank	5.113101167890051	5.069283653906193	5.2392029718022535
bow	5.003365074394045	4.973273879243759	4.941988159675506
doctor	4.977111823158034	4.99227408412333	4.9710339685568705
talent	5.255434230074547	5.023270857410576	5.314048408576486
source	5.171075970468363	4.980466013900591	5.243040240154474
lead	5.018914914632876	5.047075970102746	5.115635095712969
question	5.041522585800352	5.061278053557644	5.239069381205744
publish	5.237149513777788	4.947069842250096	5.311712991614414
interest	5.14654032254369	5.048517971905994	5.2783779096973955
serve	5.0357853757978335	4.977186186830481	5.06443309893172
divine	5.109419550649266	5.03067350913297	5.228584384643045
put	4.937076800458718	4.9450257499529755	4.923389268929485
shadow	4.994310671393368	4.939342221539046	4.95664462623325
practical	5.199378969501842	4.992119877380908	5.331451270218267
surface	5.054789308222366	4.818776483266773	4.949637932175611
account	5.088909259893897	4.988270121094373	5.173894407216485
loss	4.915923569894234	5.1101280770280395	5.101240951372417
indian	4.9558600566687545	5.054389181120902	5.087114653906737
vine	5.13278800339304	4.80139596571596	4.9944933034161805
certain	5.0330237039543695	5.043713842488826	5.188552664363827
sin	4.8137628101343095	5.1477145333110315	5.053172233808088
necessity	4.99582575264243	5.101053998380937	5.241513761423159
lose	4.93421676541517	5.0804280792972	5.026450458128786
private	5.081549190204029	5.073697640121537	5.251492882201904
gentleman	5.129816775209809	4.957291956298934	5.076080007051099
daughter	4.980141373076492	5.052320779519952	5.00004897699127
drive	4.784107238992258	5.124342612389285	4.9235695729592655
strange	4.890863233762462	5.061308081648435	4.919752203907713
journey	5.094919945075014	4.959284030462065	5.016351714471954
uncle	5.07913977787196	4.938795360209057	4.968459392601088
species	5.053952839722564	4.9558683943167905	5.127952290659995
think	4.99471059744957	5.040355808158075	5.034408595127769
bed	4.945244560042496	4.857733081004139	4.780720452049599
wind	4.884719620436741	4.990007217157933	4.86431071387529
bless	5.036898201764696	4.986247249487818	4.973873171901716
destroy	4.849157373410457	5.124563659848113	5.082742359727576
author	5.205717030259045	4.983697522050601	5.2658157432181945
sustain	5.0319448858178655	5.074204932954724	5.235050061089963
black	4.925742475459843	4.867903517401403	4.813118499482606
event	5.043597293586632	5.109315840942078	5.23993501154338
liberty	5.055232803458845	5.140197737718709	5.288817273654869
negro	4.929072378910644	4.984215432186168	4.953731380355096
little	5.084646190058068	4.903154081305926	4.972857251437
fortune	5.044636248866457	5.084102797514927	5.124328788263888
touch	5.003302287667807	4.980715779394743	4.9745625096573525
kill	4.726700338316259	5.115383883419027	4.8600697375911235
feature	5.072514362882759	4.943411382199495	5.054776806485802
happiness	5.0924136214015325	5.087271074259381	5.197690374862752
assume	5.0599152300753705	5.038511623022738	5.180465866831586
notion	5.072141052295078	4.995506262288424	5.139550635616186
purchase	5.167370297218571	4.893643103956104	5.12596389920339
faithful	5.096435602184097	5.073460821249943	5.18854406270851
soldier	4.860852555824156	5.188434017109283	5.05015047678051
father	4.933862706737994	5.071400500611383	5.001007441163948
narrow	4.968894123424302	4.924135026428415	4.97790970676642
great	5.102915726349111	5.025519195960434	5.2211313801683685
tear	4.851253286771313	5.023294716750303	4.841821870067915
honorable	5.123085451448532	5.121968841196552	5.32140698357575
previous	5.081801021021412	4.990382552749553	5.172856201449756
good	5.083977826074099	5.004099674662209	5.095713696592539
domestic	5.15342851270243	4.968379147310581	5.170798432829431
glory	5.119917934820741	5.040374897240415	5.161342356372853
lay	4.956629074233548	4.926365276627213	4.9219728925585295
occasion	5.053273883859777	5.072980081766312	5.183171052156992
guard	4.850134413514686	5.141257603631659	5.036419530827399
whole	5.051880301503156	4.980657259200323	5.128904489593458
mouth	4.945612311039454	4.893010318861075	4.828783863341522
receive	5.136390335437559	4.990702389039398	5.1879820321742045
take	4.98306615023185	4.9952410086141175	5.02339424710253
simple	5.16106451451659	4.905291419573549	5.128031852677712
error	4.956805397521456	5.110527624528682	5.2332770167888345
wisdom	5.084812551969906	5.096443806543577	5.255337898419722
rock	4.917311701334741	4.927821268951648	4.875153580314065
decide	5.045777460546988	5.097530200518273	5.27198325005841
exclaim	4.8493601355840505	5.070510733805546	4.853855695115533
assure	5.038562490517945	5.076529886949698	5.122980974777989
sign	5.0053811715261824	5.000632670246903	5.084884152415451
preserve	5.1197996694997725	4.935875470793589	5.14084975367684
commerce	5.146053680249793	4.998183194218148	5.267355011201954
plant	5.110201000352268	4.813381458544144	4.986702943892339
walk	5.075531117132685	4.883278833970446	4.885163714971776
difference	5.091779205232902	4.96482337129522	5.191840641073565
hang	4.892676771219622	4.907332955296119	4.790808954343394
following	5.2362700478753315	4.879455762945464	5.206056627524851
employ	5.140648320528838	4.940585677739397	5.190429700637767
