deal	5.021008532213919	5.05477511679614	5.107689763636037
study	5.250765991491646	4.961537372053878	5.254856000853311
afford	5.171431052928809	4.979062195313347	5.224027990953568
service	5.174456804942693	5.058035174196503	5.297436033771014
height	5.072864373883492	4.9058099706129905	5.043518571057838
prospect	5.167291517138518	5.033500559045356	5.178521933372815
pleasant	5.2327374748919375	4.9076049797633905	4.986624309846077
shade	5.1257465398313204	4.901354777643374	4.965317869555467
listen	4.998548993841341	5.146346377422414	5.0564593694731155
mighty	4.994550660452916	5.068547523544676	5.0845591179372835
country	5.11940647240978	5.039986297580426	5.276344483447384
title	5.202236792284232	5.0018244828251355	5.351289945195802
choose	5.131597937845177	4.994051087495258	5.214829937049593
village	5.154264532836118	4.9445455121220085	5.076336964363266
acquire	5.211258542204645	5.006855988922875	5.309450309040667
rank	5.1202810040946165	5.105045418011712	5.282921629735738
bow	5.044782967973547	5.027756817214243	5.002852579735787
doctor	4.970545250127032	5.0652493264778435	5.012581018203816
talent	5.227402152884681	5.065816471875169	5.330940572556184
source	5.1664642851998215	5.002598039700039	5.2664486874783325
lead	5.043746490157559	5.071288903318314	5.158147568049472
question	5.036726125477849	5.091947351432583	5.277272249780196
publish	5.215676722420834	4.971664729793695	5.338804113381432
interest	5.143936595392758	5.081976970824026	5.309427989634209
serve	5.038058245197282	5.015076924998188	5.102015303685936
divine	5.106344748260923	5.064640901296125	5.265386720183421
put	4.939533848810685	4.977587726654127	4.950039609849237
shadow	5.042292392008733	4.975948034776995	5.00570377884902
practical	5.160404679359025	5.011807257985017	5.332086995684369
surface	5.07618539939933	4.835631285006771	4.964591972223769
account	5.087566794576581	5.02334088584777	5.204469667380356
loss	4.949501749689438	5.132152992484888	5.143301719213282
indian	4.986480513646129	5.0599294276853986	5.129872946043856
vine	5.146239186282239	4.8082602903823926	5.006743734899307
certain	5.031791894994007	5.06941014547756	5.216141444672348
sin	4.834711583064818	5.176300890448105	5.105297642871406
necessity	4.9956973943203264	5.1156443972745365	5.270445993761328
lose	4.9755285824130615	5.107508827032718	5.070918889187788
private	5.082071792490168	5.105551123283302	5.291497626100578
gentleman	5.125155949565264	5.031092327553264	5.123559662987846
daughter	5.024538244659892	5.124905634852988	5.093814326660244
drive	4.841184812826432	5.137123672071084	4.9684058319240565
strange	4.9405506331358655	5.12008277335931	4.982578522682475
journey	5.152962104536231	4.977448114061122	5.059757676348085
uncle	5.100255361826829	5.004447812293135	5.0255046127305985
species	5.054236701433767	4.960065925466576	5.139679033489771
think	5.009726025740861	5.095209588288713	5.081799785428977
bed	4.984475976873298	4.9044072843349875	4.827980849517186
wind	4.950229104372002	4.996275468895331	4.898803963621274
bless	5.065949635147868	5.021616939851126	5.030075846745068
destroy	4.875567676568278	5.121710315522821	5.1205657544180845
author	5.1861026117165405	5.03438090011579	5.300079572597498
sustain	5.041162084046394	5.088844970540367	5.267233596519234
black	4.94788102375751	4.923705380064102	4.8563291141462335
event	5.0797445701776756	5.13580950050509	5.284057940653253
liberty	5.0632733618584895	5.1515187898096	5.331932851329187
negro	4.928305790556301	5.009531530720418	4.975591679382226
little	5.089839214219792	4.960343904933521	5.008204698314476
fortune	5.078585834085805	5.119693516154469	5.175787849024929
touch	5.028300159149124	5.046856966365753	5.033730414123948
kill	4.77155543098212	5.130791899597093	4.905378508490692
feature	5.095673917872731	5.025551985570872	5.115964051265532
happiness	5.109727538115388	5.125037719838806	5.245501220064342
assume	5.069496055779997	5.091410438869226	5.230020236067187
notion	5.044620519815376	5.043150025031646	5.156982928642453
purchase	5.16860032207842	4.900697566897984	5.1576146976574755
faithful	5.114974295775652	5.116792428058606	5.252795225604943
soldier	4.908153096179296	5.208614762566093	5.099243456087641
father	4.971092270021166	5.127427640034694	5.081366783970529
narrow	4.9998240995508105	4.9410992089190096	5.007720477233046
great	5.109574236587834	5.045273491129438	5.244846742080962
tear	4.899045731973755	5.079096584300268	4.912999247567886
honorable	5.120679997835495	5.156396272339497	5.372920797429336
previous	5.098740780007066	5.02158428553503	5.213676661222656
good	5.075151966845211	5.047361542144457	5.12623623467918
domestic	5.1399032952246175	5.007877471132823	5.201975268402658
glory	5.1553056065117735	5.050533466240174	5.196676626734575
lay	4.991819852246394	4.955360911852485	4.9716250238491035
occasion	5.062779403689174	5.11251432281748	5.219847485836921
guard	4.897346744231075	5.159562406728242	5.096244751574841
whole	5.060494912043189	4.998785434061309	5.1515698418997875
mouth	4.975916673741056	4.935988268937816	4.862699711402061
receive	5.139653274042023	5.029111021970233	5.236274884730709
take	4.999170715461071	5.033757640227645	5.0690966840180645
simple	5.142322630568369	4.958292917549652	5.156515969233553
error	4.951798315396754	5.137941285660766	5.263998467761174
wisdom	5.080914328653396	5.123474048436144	5.284618440896331
rock	4.979924994066133	4.924412096650134	4.910319497254584
decide	5.051539516781548	5.122048937429296	5.313137750278859
exclaim	4.892797681376581	5.141615716905524	4.918899238598313
assure	5.061633239347326	5.123132408603585	5.178262860059641
sign	5.020940774877344	5.03965710340799	5.128922263503402
preserve	5.118344482023216	4.974060080451246	5.17935212257376
commerce	5.150658859967704	4.9822672868598845	5.280854804708483
plant	5.115060273904484	4.82438405574066	5.003786479468137
walk	5.112764979401454	4.933499774417105	4.925737577694118
difference	5.069941144685952	4.9970221540405415	5.20721596467756
hang	4.937123327568477	4.953711577658593	4.839238921643264
following	5.234129464536542	4.9153843090391405	5.244252726614828
employ	5.121164611070203	4.954469337669173	5.19805248744951
