deal	4.984448657506528	5.0578036108409705	5.107295267324017
study	5.207420241210857	4.95536286513399	5.251354340859401
afford	5.129508229052099	4.994318361254974	5.231897287676486
service	5.123907579528833	5.06725631739034	5.292002982551832
height	5.023587328518287	4.894873632929203	5.029179222370324
prospect	5.109871665660855	5.02869620489518	5.16633605375463
pleasant	5.173358721356714	4.875474298870667	4.945914997362174
shade	5.065425101861269	4.874853541013968	4.918381707198742
listen	4.93987962287319	5.108032039734226	5.00223863466294
mighty	4.942518916913622	5.067783616554544	5.056822327684256
country	5.071738959501199	5.054095176283036	5.280088462629173
title	5.164362579039277	5.014407272634553	5.35918481088777
choose	5.074136267602524	5.007682434319972	5.202464713565437
village	5.097328250405949	4.933819294369223	5.047779505614088
acquire	5.163122092661903	5.016817973045931	5.3141594905205025
rank	5.061063511197541	5.097033329056886	5.266827228487599
bow	4.97974989438552	4.994489903395684	4.947392673533145
doctor	4.931326710686971	5.036659330334254	4.990688709390977
talent	5.178910656018364	5.066200192394055	5.332151121213877
source	5.121400437291885	5.015727289390361	5.26826272638207
lead	4.980196249682027	5.073845992987806	5.137999834652574
question	4.994534799142336	5.096922166206786	5.284709863120177
publish	5.18178882906842	4.986011093312552	5.353409038486055
interest	5.1032316715260215	5.083087151758698	5.3226315771691235
serve	4.982458788866777	5.022418284791674	5.085117281645167
divine	5.055832528311476	5.071334914241549	5.254462958026954
put	4.893415784141515	4.983533983147059	4.9355396601983825
shadow	4.984882482291583	4.959070257172136	4.969051715450652
practical	5.120230052932073	5.028372910820317	5.354648549970304
surface	5.028549785840449	4.834193738696621	4.948525322520855
account	5.048528589400842	5.033254987928264	5.219053712031654
loss	4.902432538064209	5.1424811119649	5.149854243419577
indian	4.915826415159145	5.067681596129159	5.096822883431463
vine	5.092085174500595	4.81879520043579	4.989676872986626
certain	4.98736673068724	5.081083654733715	5.225687204131289
sin	4.778174072193505	5.18849794293828	5.081642266165171
necessity	4.949687459356115	5.132526792155882	5.281508827984143
lose	4.91771038477572	5.108060553713151	5.052760968434438
private	5.049287791427873	5.1119378499837715	5.306682694652296
gentleman	5.081375774521148	5.004056785502765	5.107529673916173
daughter	4.968055942711605	5.095269977196844	5.0531532871313365
drive	4.779733252662909	5.130372359892001	4.935208919604859
strange	4.8912670944149	5.091951525522857	4.950780982729058
journey	5.0870890756577865	4.972794636391976	5.030283614013547
uncle	5.050881445035784	4.984116177781331	4.996810513768171
species	5.016452317343151	4.975040050432312	5.1492252401101455
think	4.962032468597197	5.086805365981777	5.064249380560783
bed	4.936889460218415	4.881008160818126	4.7881235177900505
wind	4.886940105802757	4.97699138196795	4.8531963761317005
bless	5.010076016661891	5.012190316837868	4.9812189655853745
destroy	4.812755311030501	5.1494722603853775	5.107272940877837
author	5.139875821027243	5.035228336832291	5.300888144930239
sustain	4.984582489512301	5.1020132805743446	5.272230782436199
black	4.893443677295651	4.8999384309653	4.817970121470973
event	5.0293417581236515	5.132180924683782	5.290512411655734
liberty	5.003180354892229	5.155087991046321	5.320091685232718
negro	4.8856774148149915	5.0043542484545	4.956750889006946
little	5.042866768495049	4.946358173826713	4.988838360383676
fortune	5.023722725172036	5.122001681610774	5.1700874034066455
touch	4.974138041803372	5.01700861256112	4.993002881477158
kill	4.705819144520023	5.135862575924086	4.8634102268561765
feature	5.044824640853362	4.984484705211167	5.09188101787168
happiness	5.056588880481009	5.120860808365537	5.235148360815736
assume	5.012791259753835	5.077555166648428	5.221774227681341
notion	5.006028531934792	5.042912993085434	5.162241616946748
purchase	5.134486249469819	4.929648042732195	5.165147554821562
faithful	5.052375484443585	5.11548795038875	5.224372004604462
soldier	4.840511868290868	5.192168636069889	5.054773865114199
father	4.9137988179923235	5.11134413668825	5.039959643035088
narrow	4.957054146415941	4.935445177712494	4.99251605669803
great	5.063394185821655	5.055126466491058	5.252448727988979
tear	4.837433595356016	5.049162767056667	4.850728170689602
honorable	5.064995388378649	5.172650788091583	5.375596493905858
previous	5.0449553338628865	5.019846294310168	5.214667323971947
good	5.024542750939446	5.051350872089826	5.1150808882162675
domestic	5.094829492874294	5.002862478798553	5.197300276876534
glory	5.094222703620335	5.05042303374567	5.16938208583868
lay	4.9301064459488675	4.949240746886239	4.933837762896472
occasion	5.009649364245155	5.102108024916642	5.214000202556547
guard	4.830886068127253	5.154591458315	5.057632267123326
whole	5.017821537455101	5.000769713201313	5.151150568630943
mouth	4.923004129219469	4.907290771250959	4.819450544431282
receive	5.092931440825194	5.0348983462065044	5.232633722567352
take	4.946872905877909	5.033935751688439	5.052739204055189
simple	5.102205743588403	4.9513614696529435	5.148937624850452
error	4.907588562331528	5.157664140471051	5.282197302188125
wisdom	5.024296254532696	5.137151705026638	5.278219854908425
rock	4.92009301854745	4.919698835089949	4.867696374001523
decide	5.000155609367718	5.129147332438575	5.319392086087604
exclaim	4.8413652628226425	5.0998900076177485	4.868874217554995
assure	5.007069818488173	5.120978959951802	5.159059421479364
sign	4.981401598608336	5.032894791492509	5.118302856652095
preserve	5.057958972838494	4.985384208150814	5.168325428571266
commerce	5.105397626689758	5.001619584119264	5.290343306641617
plant	5.056093659439427	4.835721809639359	4.977758862775707
walk	5.057895423148765	4.903080160706132	4.884880682494139
difference	5.039164016728762	4.999694839665141	5.2285650723385055
hang	4.88730070957456	4.936167035074604	4.802459490585094
following	5.18644722599663	4.9161581295418015	5.240133287089107
employ	5.081881362445328	4.97151734686231	5.207517412349164
