deal	4.958317862671374	4.978212009778948	5.036945276993806
study	5.185127298390562	4.893159187426777	5.187547743735775
afford	5.104492622691797	4.923261646528664	5.165249383277483
service	5.095455301039856	4.993001799037801	5.2321015333398195
height	4.995607908448044	4.8536644338940516	4.985150351914294
prospect	5.0847869278538695	4.967364041817143	5.11033934557968
pleasant	5.155875067076797	4.811243087450502	4.9126055395506
shade	5.054731898051547	4.821912552386903	4.8980776640801045
listen	4.938074643993825	5.046311410810518	4.9700851590464925
mighty	4.926460141905889	5.017349736779843	5.027984484516669
country	5.039650827593952	5.000250788332326	5.220287013337296
title	5.125737465216057	4.968042303064794	5.288051341497088
choose	5.066949739795522	4.935385747294364	5.154908221378737
village	5.070056235781612	4.887683485966228	5.019864738751023
acquire	5.128805890840446	4.955125056983029	5.245881671478611
rank	5.045818186287992	5.04016547763003	5.2199416834434915
bow	4.967241165090846	4.935456548159536	4.923152118684604
doctor	4.918020446312693	4.946799593387104	4.926332547014907
talent	5.151718629223038	4.999877766926813	5.2608836736759965
source	5.090140472188479	4.959705086042524	5.201862427351656
lead	4.980474244834768	5.008803068906731	5.095596853603495
question	4.973025228532559	5.027562283417509	5.2010962399866125
publish	5.151307103941816	4.937823050862141	5.274208522038868
interest	5.0603896181158	5.016893769920539	5.234415523958779
serve	4.982673435002095	4.939473050895756	5.043932555191907
divine	5.04433912405618	5.0075500221346525	5.202334199801845
put	4.8902310492105165	4.895886296715616	4.887329466745277
shadow	4.97328136130149	4.906393782576326	4.936147097327857
practical	5.093682842222376	4.963962754576938	5.2709444536809285
surface	4.993547304158168	4.779332166526343	4.897978586682334
account	5.016862681768854	4.961309632577142	5.13211764235383
loss	4.869155671239497	5.060940406063492	5.0670573295153405
indian	4.903237957817694	5.016923422747327	5.069265304877733
vine	5.061056946924605	4.766189408930951	4.953981869589875
certain	4.967352388054862	5.008370632096584	5.152630134182609
sin	4.7790967072557615	5.107378764883591	5.033592132392187
necessity	4.925404608432808	5.055961642010447	5.205412854222001
lose	4.90721929442509	5.035323213891852	5.002555196604281
private	5.016070569871407	5.035545701283393	5.223617794590126
gentleman	5.056476378930538	4.928447035644024	5.042970458175455
daughter	4.952188885092273	5.021897670416834	5.011926270253463
drive	4.774533625261812	5.06315968443993	4.905887680880981
strange	4.883681871275835	5.024761609032317	4.9057701783161445
journey	5.070406355176594	4.9189217813496375	4.993940454538275
uncle	5.015991290402158	4.901744079570762	4.92946697718042
species	4.969864692634157	4.924172988032477	5.085537706009002
think	4.947086615919818	5.000623366716043	4.9985738906114205
bed	4.921075629383185	4.80513877892378	4.754667598168797
wind	4.871189986181248	4.926917517018221	4.829618973063518
bless	4.991299896522263	4.945769911196584	4.95748443554968
destroy	4.817333530664404	5.073666573093629	5.071293278969811
author	5.124451431586369	4.981114370890732	5.230863802918513
sustain	4.968026621704012	5.030229313541654	5.199933927542697
black	4.889001178856972	4.8349970376325375	4.790896162633325
event	5.004130239881614	5.069270702575416	5.211024662600913
liberty	4.987269269354474	5.099402962744364	5.270366418692382
negro	4.86187195174593	4.935392486364333	4.9117303733592195
little	5.0248444586568874	4.867110183891438	4.933814450768557
fortune	5.001351756627062	5.047629624607936	5.106896177815549
touch	4.965299689634259	4.9495109886409665	4.949632115977549
kill	4.7118602714296465	5.060563044292461	4.843035714047613
feature	5.023809311476286	4.921156662773546	5.02652904731569
happiness	5.02781789617629	5.051750827472958	5.171611763323154
assume	4.9964817171606315	5.003908856072078	5.149003032371233
notion	4.978717167525981	4.965759363089967	5.078576832090562
purchase	5.075837785334122	4.869870917213023	5.101470649718015
faithful	5.049325392115176	5.041842601988377	5.1796925100156574
soldier	4.84561675679018	5.130791534413822	5.044024640277459
father	4.900783364321588	5.0344083919288405	4.999308413623865
narrow	4.933827091293758	4.880138481155539	4.948743842303603
great	5.037722127397918	4.989637935013797	5.182883204237631
tear	4.830576859299482	4.979040623777085	4.823908502327464
honorable	5.047427424866021	5.092917239126835	5.298914190248544
previous	5.029271860886618	4.949406464091227	5.140247370246689
good	5.009140587666165	4.963530505683889	5.056314969856174
domestic	5.061777583860728	4.931514930766885	5.134844898186062
glory	5.079269804594432	5.008913829924408	5.144363610005747
lay	4.929923867956932	4.88357673035135	4.906126865822106
occasion	4.993290054493555	5.02854031722776	5.144958913131549
guard	4.844529260894124	5.087815975156198	5.042320734732168
whole	4.996587158815176	4.936008664618334	5.091552830990026
mouth	4.9006751702575535	4.850264003293838	4.780900123088861
receive	5.064795449211759	4.959660973335111	5.164083412101229
take	4.940183028002877	4.951254497057498	4.998697838124177
simple	5.084743628310643	4.881161313300709	5.091041786287266
error	4.900029323234371	5.083563898375701	5.195280469862892
wisdom	5.0187068781183894	5.065844176426066	5.222958686405216
rock	4.900274275194425	4.878802038062126	4.849666103173429
decide	4.987937168209613	5.057927373385283	5.238503131194805
exclaim	4.828350299099504	5.027350005487052	4.829039977945742
assure	4.9854755043816334	5.043815299528641	5.095131077254959
sign	4.96549935786296	4.967204488690661	5.061519310117007
preserve	5.0532077234033705	4.907661962048939	5.11770084092807
commerce	5.051574526422462	4.963655532779548	5.22923829589735
plant	5.039295762565307	4.781017297526444	4.9531006220853495
walk	5.04477792337273	4.837999654422665	4.854871775580431
difference	4.992509807905946	4.937163600164091	5.1382401692740665
hang	4.882760182137359	4.867101842491895	4.775863027611432
following	5.167611091634837	4.857620128096412	5.174967547733923
employ	5.051058901965127	4.90849356960235	5.142887213502826
