deal	5.049754308848665	4.970443578497333	5.063109618893439
study	5.274803978925207	4.875992928781965	5.189801319348089
afford	5.164127103519969	4.919396133765127	5.1561303782018415
service	5.178887735875833	5.000547797500049	5.2416155620775315
height	5.050082664554785	4.8508011750967315	4.98344898455544
prospect	5.138623131033197	4.9582788942076625	5.105198228979089
pleasant	5.234511056494346	4.806478800045337	4.929699807139366
shade	5.108279389873336	4.811693526023298	4.886077131067156
listen	5.039983574876302	5.024232323687051	5.0024190476931
mighty	5.000767401797145	4.9900142289725355	5.026875175882153
country	5.1087865569757085	4.9917385039821465	5.214467876955468
title	5.193747979809192	4.952945111602117	5.280777348073128
choose	5.14389819090503	4.934837198056001	5.154470307243097
village	5.142768422877088	4.889112153761124	5.031039822116967
acquire	5.212092608706155	4.938096204805605	5.239019399058426
rank	5.127921223953674	5.040994522260856	5.2340453198884935
bow	5.053587175186567	4.93254848824159	4.953805609017534
doctor	5.0218914677329565	4.942090348667794	4.9645972225895205
talent	5.249004305144373	4.9940789793162095	5.283780040737187
source	5.154124546655065	4.940156505682869	5.181126413530278
lead	5.053248393203292	4.998809962723983	5.099843239073973
question	5.060181844267939	5.009975536246304	5.203644079731986
publish	5.220908986361111	4.928324792404938	5.285907208220012
interest	5.148042351545969	5.011546030599874	5.245571710194635
serve	5.050052403492457	4.934323264860875	5.0396320584498415
divine	5.122622912737392	4.979626394870967	5.17300324774099
put	4.964970598982791	4.885692862954751	4.900815298711592
shadow	5.027654747113283	4.88251257511278	4.920764357224547
practical	5.178975400169823	4.945008038147953	5.265167641098518
surface	5.047128373295014	4.7667572557533004	4.884546475471382
account	5.091293515570406	4.957100686818243	5.1473661770194745
loss	4.935417850031223	5.057482276520842	5.068843019278827
indian	4.976563324314491	4.999570960949504	5.068927259624945
vine	5.113380397190494	4.7546895616971705	4.924275585213413
certain	5.041321771424786	4.987762445378959	5.138695305347268
sin	4.8615683527761036	5.080020835940468	5.012387416981266
necessity	5.002943104581194	5.040994820982109	5.190147110956587
lose	4.973137321757521	5.0145662662721815	4.99788025956184
private	5.098039379005838	5.039600343486759	5.236670063898467
gentleman	5.158367079117655	4.938497119150874	5.093886532707615
daughter	5.0317887308715274	5.0261936526254365	5.020334826770886
drive	4.847771705401566	5.048373630307058	4.920974581665065
strange	4.958887866193929	4.995976435711284	4.911347649983513
journey	5.124481886089223	4.907254490167141	5.006184633462391
uncle	5.1081054760215485	4.9081258685328395	4.971415688612492
species	5.043173079489528	4.89916592732682	5.06368697054011
think	5.0348460741095975	4.988604965688309	5.015454311053827
bed	4.993823369030021	4.802744373838494	4.764746048161386
wind	4.94015366585073	4.903653807037711	4.835218290506216
bless	5.0762004573612565	4.930688220171292	4.951059641966666
destroy	4.869822155114366	5.054041344837631	5.038728928634215
author	5.2024747978673815	4.9657113320866095	5.240567265035209
sustain	5.035170278953896	5.02551319667187	5.192853489836716
black	4.952069581455974	4.836446198448878	4.815752860847016
event	5.071248419506301	5.0552733988623375	5.211169810927445
liberty	5.073135274712586	5.090748067129061	5.26747549387435
negro	4.95225985701744	4.930510051552532	4.937445527398546
little	5.105243758068764	4.865178299321225	4.954352426875622
fortune	5.0657613121768685	5.041843910646844	5.11312415353635
touch	5.048009277241304	4.936851989319218	4.964316728242747
kill	4.795710829436769	5.04398105449158	4.860450006951947
feature	5.091983354648691	4.913905566059273	5.036671134726567
happiness	5.1096593459481925	5.038140358578205	5.157215547626734
assume	5.07649569147116	4.994374488148771	5.1580432743545215
notion	5.084019686863627	4.9454086884444095	5.102044840176238
purchase	5.141811364182062	4.8563982859182735	5.082937175972614
faithful	5.127370404983642	5.040531245300451	5.18461444181151
soldier	4.932972550341182	5.121198777835161	5.068056009375265
father	4.983427281202395	5.030170405528262	5.003871804888697
narrow	4.991727598697192	4.867286162059977	4.938395649345103
great	5.109380860613474	4.979739436175083	5.185460013685874
tear	4.904892756620243	4.96548125407791	4.830005169964753
honorable	5.12536688120943	5.098323506313264	5.313473785671509
previous	5.092133847268357	4.945065429801015	5.140535289578772
good	5.0976509123608436	4.959114797344643	5.068774762964034
domestic	5.146266423290585	4.927813572111053	5.127682545328784
glory	5.140123224882391	4.977953575279634	5.127036119091385
lay	4.987215690934407	4.872799780825995	4.903108762140197
occasion	5.081101792962169	5.024624888484423	5.1660145209075115
guard	4.917544532697529	5.079866674784558	5.047051531907871
whole	5.064022152227578	4.924505193676502	5.088209063799928
mouth	4.982954019505473	4.842307005420273	4.823297723870352
receive	5.137228597466015	4.9636581024423805	5.168589534234317
take	5.012428742800498	4.947964868579505	5.010669773263649
simple	5.164716066831238	4.864859482895992	5.0777099438307305
error	4.968685255930884	5.06233563926403	5.184305808378948
wisdom	5.100170263637515	5.039953606491826	5.208857476997194
rock	4.959240667029184	4.8636255087595845	4.851476527070034
decide	5.067855170402147	5.044346186975846	5.2416985080625995
exclaim	4.931555614023329	5.02022261742672	4.882977784932193
assure	5.075670689446039	5.035655099154128	5.119913356974088
sign	5.036837145028375	4.9477390891857045	5.056507041953859
preserve	5.10853468689983	4.902424484472699	5.100471782206283
commerce	5.1200759576829435	4.940066147053067	5.208203427001216
plant	5.0948511370216005	4.769118586458399	4.921846977410979
walk	5.12909877980578	4.832637941998441	4.885173211391895
difference	5.082291405811306	4.9248455160711115	5.137190219293367
hang	4.941097057530751	4.856668760739687	4.783202976121588
following	5.2303637474691	4.857684074477753	5.176357703358304
employ	5.12760617000704	4.894824635204831	5.1396151590253085
