deal	5.06147565566466	5.034680445541502	5.1395095908968
study	5.300106374338007	4.945487739090362	5.284662184456505
afford	5.1975681500411	4.985413195217016	5.263395746290229
service	5.2015307724864	5.05042856303609	5.332213543532317
height	5.070262424159702	4.919285563258047	5.092270987447187
prospect	5.169305764833911	5.033787411181494	5.214074541987149
pleasant	5.2547810059966595	4.8798990251982834	5.019735439181009
shade	5.141590828040703	4.887759938787474	4.996905108677973
listen	5.024816205049675	5.093561151569399	5.068751076157434
mighty	5.0083581504972905	5.065223680770575	5.119283018456512
country	5.135104960625034	5.0515000068003335	5.308834747841134
title	5.252096862351153	4.989990840282589	5.375256379325581
choose	5.161238964101304	4.991694586169918	5.253938856371544
village	5.158733352383546	4.948970880735179	5.126919640725038
acquire	5.236368237058909	5.013572382687514	5.342915825209805
rank	5.163308652538427	5.083792119864441	5.327290844760291
bow	5.056274117904922	4.991786260631367	5.027831040257099
doctor	5.0064364076560866	5.019428360150143	5.029848540916332
talent	5.2770770002137	5.049597743199667	5.369974232046294
source	5.177168512660887	5.013981266507622	5.281921451111156
lead	5.071519087675431	5.06176175550122	5.2002220152759095
question	5.063704944818996	5.0774150102411	5.290569431460645
publish	5.245557678145191	4.97926544071637	5.360264957498871
interest	5.167123387302295	5.07797577016242	5.333367427899086
serve	5.066014433304066	5.003707905518523	5.138334992882955
divine	5.142808490550317	5.049271841032136	5.273353026363807
put	4.956727200692132	4.97168527472464	4.98459047720137
shadow	5.0543862263472	4.961735129538575	5.0306920516858336
practical	5.196619372563756	5.019750967923153	5.358327710435714
surface	5.053958933945101	4.866629496263404	4.998211382095185
account	5.104459956394368	5.023677987621975	5.22974547232853
loss	4.942847454407602	5.1361493912929355	5.170280302487359
indian	4.969680201092893	5.074586773205897	5.162846982866493
vine	5.1412829712280805	4.848910062927398	5.0552418845109965
certain	5.057886043923704	5.064995551920296	5.242582921805435
sin	4.872045341885242	5.155771732548862	5.11843518236964
necessity	5.00886539189006	5.119905668662968	5.292268509752831
lose	4.990357744890354	5.092890787985161	5.100918146595237
private	5.132503873532059	5.087103854056507	5.327955672784013
gentleman	5.18440462544213	4.982777974099591	5.165018119357685
daughter	5.066503064650823	5.072712461819534	5.122932424075426
drive	4.841742240353627	5.126156268574535	5.0106251046063095
strange	4.970351779414128	5.073269006931573	5.003275215828664
journey	5.141408226650664	4.979925236100896	5.099022318821343
uncle	5.1290844256771395	4.968142481543748	5.051197576543084
species	5.054824835739873	4.991879636737805	5.168252116564196
think	5.042573581237971	5.058557889868297	5.102349659811983
bed	4.98442590592739	4.886002482575583	4.852952790911859
wind	4.92462752033534	5.001532746592878	4.927699254463259
bless	5.095958551566458	4.99783732566644	5.047744812045852
destroy	4.88586879420772	5.1365045531486055	5.155756486547557
author	5.23465771853311	5.013749931061438	5.317833011387625
sustain	5.044459425640637	5.099893537098983	5.29389810775349
black	4.953834366874238	4.907859340607372	4.890357168550248
event	5.07937237109997	5.13099865379309	5.305453243215478
liberty	5.089712722508796	5.141538696214368	5.354727611666654
negro	4.9511517384205055	5.006510064998775	5.023766734647925
little	5.119200423095711	4.936033856403478	5.045215668099869
fortune	5.116067459826661	5.098208823263997	5.222155191590065
touch	5.047212247743991	5.009939002247184	5.047181791920453
kill	4.767630143828798	5.128385563055889	4.950826372165368
feature	5.109474915316246	4.987949180721726	5.133007087534324
happiness	5.1407731001754176	5.107381836999006	5.2687967642675995
assume	5.086763095271101	5.066920707740724	5.24826065561877
notion	5.100017074794363	5.016011060847425	5.1827634825536775
purchase	5.18991499354958	4.921708057162695	5.198359597871724
faithful	5.152555140611683	5.087946238148536	5.27773505807146
soldier	4.92960413261077	5.180362154810624	5.149518829618697
father	4.996903143802745	5.087477308466484	5.101462811757136
narrow	5.0121205368831205	4.943731865968402	5.053012307894629
great	5.123584444067291	5.047554035309518	5.274902266133816
tear	4.893287263772122	5.052540381778773	4.9194222773761185
honorable	5.1696594032765555	5.1367042975130675	5.406847188331201
previous	5.092845014244812	5.027437585032296	5.23782821365398
good	5.119768943180409	5.022181340453046	5.161040464205072
domestic	5.171773707841548	5.000046301322312	5.228741853910571
glory	5.178082874119695	5.043807831194422	5.227416932317874
lay	4.991849586117095	4.951799466281614	5.0005547348419235
occasion	5.077167688859926	5.096771597396872	5.2435754381307795
guard	4.920546494328071	5.1406122797325144	5.140505969231179
whole	5.0679376690768025	5.005746774898533	5.183347974017381
mouth	4.957651428598772	4.926367515578086	4.887839135743894
receive	5.149578011303346	5.025404403542335	5.258696304905344
take	5.015606041719972	5.021310690820337	5.100254134233065
simple	5.185259055483698	4.938683508790458	5.178613833448205
error	4.990023128683722	5.131657455953771	5.282588805404876
wisdom	5.125497176624564	5.10669236303186	5.308610096721597
rock	4.953276230055034	4.946428952452595	4.949635484151328
decide	5.078165479819481	5.110587328185917	5.338034260353867
exclaim	4.909841016028536	5.088442159146556	4.940878500065559
assure	5.08225207462293	5.096191788297572	5.20191913023323
sign	5.04053384529147	5.0177935084385785	5.1469674633717855
preserve	5.126098785271785	4.982466563077367	5.205609000864202
commerce	5.142756024532917	5.020117192741166	5.306887261408546
plant	5.120011056339095	4.859715892418587	5.051589741838361
walk	5.149204416083035	4.895557062035676	4.967567188859355
difference	5.102185844035669	4.998459893714823	5.237998733980956
hang	4.960775397146864	4.926972804726217	4.875576858330244
following	5.2414984490865315	4.919152704535428	5.257293415993079
employ	5.140827845417971	4.97172671437453	5.236335673927835
