deal	4.94132233196185	5.0014703649889745	5.028243429528632
study	5.165289148819702	4.9003763965753455	5.16404619306541
afford	5.079909205175978	4.935155461811556	5.140912737626695
service	5.082459431207125	5.00617770007126	5.2035311257801435
height	5.029103502691046	4.869285620722866	5.002250789633356
prospect	5.074274637812838	4.9835791039573385	5.096936625912735
pleasant	5.17264274886035	4.845472935475241	4.918165088650351
shade	5.088938888386559	4.85038214660514	4.912132052202152
listen	4.946525541555775	5.077078622212075	4.974565762365742
mighty	4.935275703349548	5.0283498686813495	5.02726333661124
country	5.021200253289431	5.003091618474136	5.194748369639797
title	5.131330174309846	4.9671726381903145	5.278450770878759
choose	5.067487535982537	4.946219603171064	5.14014624175873
village	5.077451280048857	4.905240519361328	5.010305541274638
acquire	5.103432011614726	4.961535835799655	5.217654801669564
rank	5.043681962724495	5.050004208371352	5.207675751662398
bow	5.003613345287541	4.974212266566295	4.9403075880622795
doctor	4.897270383700833	4.98996781079191	4.918606630596261
talent	5.130907834848031	5.004034281338011	5.2378932042069275
source	5.073157122149088	4.959532639760324	5.1761329349741265
lead	4.97098239220433	5.028037462617399	5.0895347117626955
question	4.954331531118895	5.035012231756763	5.185892578586747
publish	5.137871956961365	4.9281015858483626	5.253522340768825
interest	5.041930323038563	5.026783371269969	5.213534838814085
serve	4.971940895164017	4.95971441348497	5.029457078365343
divine	5.045065967735951	5.006544289323412	5.182797464619051
put	4.886004268269431	4.9299722123038245	4.890556207158899
shadow	5.0034095233816345	4.925531852389214	4.950605956323015
practical	5.064333010458914	4.960921657722243	5.239672391107614
surface	5.0175027732347806	4.802527364967473	4.9159616688211765
account	4.990437539590404	4.9758603147513805	5.113346764395439
loss	4.839346869187978	5.081622391019482	5.043621687314965
indian	4.902212980771475	5.030217429089028	5.05557978091234
vine	5.079511501150267	4.785486107983834	4.956703465660499
certain	4.947548939567683	5.017979315617832	5.134949983224293
sin	4.766602141461891	5.121610671341155	5.01795645643638
necessity	4.901480203507814	5.064085567139004	5.17908498368666
lose	4.894336328280519	5.054879952290246	4.989796627369524
private	4.99890647213101	5.051952037639845	5.208049466224368
gentleman	5.055791865731182	4.963372806518446	5.043534628961432
daughter	4.953487949974217	5.065630542020825	5.005670476573035
drive	4.771573252596701	5.097302739409105	4.907689508740953
strange	4.880681635229692	5.056756127735943	4.909798534969997
journey	5.070327075373065	4.9384662557419965	4.9851043817695295
uncle	5.015602991233457	4.951017223136545	4.934020482584151
species	4.971548966058736	4.93211876535287	5.073297720573758
think	4.931876978143762	5.030923488173485	4.994148461260106
bed	4.941690284434034	4.8513337916990595	4.766373912035521
wind	4.898314851672702	4.958600526132282	4.848133665881631
bless	5.011719010603458	4.969709232139074	4.9502349429835375
destroy	4.793740764451323	5.088222317379483	5.047388402254621
author	5.106469425829058	4.981568528031766	5.211464231575396
sustain	4.948274685478494	5.039321561792911	5.178671969339893
black	4.918004182987484	4.87594808605524	4.806601469331343
event	4.975131090236642	5.074227612477733	5.188306036384087
liberty	4.977847875452282	5.102987606909871	5.24805988457409
negro	4.852110982172911	4.971030172931058	4.906071746259907
little	5.018768839571357	4.905711746153216	4.934624792328789
fortune	4.979890285454269	5.073821194879052	5.093362611402988
touch	4.978997565619665	4.982632962234769	4.962274783016191
kill	4.694114228209758	5.093657856568302	4.832660343262107
feature	5.038735956519645	4.951513465824438	5.041938048509662
happiness	5.014865840856228	5.063465412704508	5.150947260340423
assume	4.989144060427636	5.022980439110247	5.141030246276547
notion	4.961973323743862	4.98446814291729	5.07658725006593
purchase	5.078846221928248	4.882394252792517	5.086106607652712
faithful	5.037873878074359	5.06529516905286	5.162579700999484
soldier	4.846107909854361	5.159697281004783	5.038307289144274
father	4.893153230601687	5.072409745988401	4.990292560219027
narrow	4.951510877119005	4.906204980882531	4.9650138314550425
great	5.022327200836621	4.993638942149893	5.163015876183347
tear	4.842918882646585	5.020578948595641	4.8314886473605085
honorable	5.026301968993912	5.103787443287111	5.276402127619594
previous	5.004864862876599	4.962968403692885	5.1189308043472135
good	4.9918689667949545	4.991082574769448	5.042478602575111
domestic	5.046085813237519	4.953032001845532	5.113477460736243
glory	5.099180301013602	5.0022665878041845	5.135038404934654
lay	4.943625955903335	4.915923645217078	4.9155531671224315
occasion	4.972694864362249	5.0444048047648815	5.126687891198393
guard	4.844995813318043	5.120454007186404	5.039635278295581
whole	4.988895915727159	4.947973403011789	5.081688785516158
mouth	4.937622044362914	4.890652389281683	4.812015570254922
receive	5.048504128302243	4.977737798367024	5.14225556797001
take	4.925700421346917	4.98092230907905	4.990531953090315
simple	5.0809268895231625	4.9000598400499396	5.082333143964413
error	4.867338184993972	5.085676379946651	5.174100552906387
wisdom	5.0048538808261	5.067413416604208	5.19996953871392
rock	4.936882148551629	4.901387042441128	4.8688044541506486
decide	4.969087845863244	5.064320753614554	5.224055459683954
exclaim	4.836813845442975	5.077414224174305	4.841265632746847
assure	4.975073211546423	5.066475791581574	5.086335005671637
sign	4.966394828452895	4.981694356485913	5.057700544257904
preserve	5.040530916857632	4.922024006896649	5.098261742658089
commerce	5.052613354538309	4.957317591613221	5.207017229066697
plant	5.053422555556963	4.80159064151276	4.953609397661875
walk	5.074992244412715	4.875761847222692	4.870072496734942
difference	4.982229401768085	4.944015391717921	5.127779242377225
hang	4.913407754179855	4.908801767633413	4.795258593900884
following	5.1597656799978475	4.869484384438671	5.157852358151089
employ	5.033902772957904	4.919419405474439	5.1227961660495085
