deal	5.06776841359874	5.017086631021624	5.093470333825286
study	5.3141950577661685	4.922200345930336	5.254931484918544
afford	5.218853057771097	4.95731564925076	5.226611143487026
service	5.225956362371682	5.038022586524297	5.29413899308168
height	5.104450645022528	4.864478623602881	5.030216312942141
prospect	5.173615302403494	4.994546727652191	5.155621104088175
pleasant	5.221221921013566	4.866061446964207	4.964510547281871
shade	5.135054775928888	4.855128981258079	4.944383161861397
listen	5.023431320651146	5.053504683003764	4.994880878169462
mighty	5.0288417499471505	5.01376519719487	5.0476455084562435
country	5.172875236043524	5.024014796164156	5.2721463655101575
title	5.288254902425961	4.981335385156384	5.3591695048178725
choose	5.183293921887713	4.9669060211259755	5.202993770821222
village	5.163397644095123	4.91910859503553	5.0690472490739955
acquire	5.274895822168252	4.980405409794346	5.310891365866064
rank	5.185938910568924	5.064555073293975	5.272546520776573
bow	5.0583436307657434	4.965048207019678	4.954545418187771
doctor	5.009953478790824	4.998814983942867	4.986497681542402
talent	5.294881306487373	5.025736524992913	5.330698305184504
source	5.223329524963889	4.968485139441292	5.257610536126358
lead	5.086805827472545	5.0224512300584525	5.127625614429178
question	5.109448603568397	5.040250900843886	5.257503995023187
publish	5.295063788711366	4.948802693588683	5.346398813999423
interest	5.199398743556242	5.048532424886745	5.302319366727524
serve	5.085966589550816	4.9825939903425205	5.087836027817345
divine	5.1840950925217975	5.007523269634633	5.240613068439079
put	4.97456047843269	4.947168678007956	4.931510189097896
shadow	5.058689000441312	4.913042517167315	4.967429859875711
practical	5.244645159856918	4.983062913286673	5.338476391347885
surface	5.089747860688195	4.805618649777498	4.9559736993016665
account	5.141150740647282	4.996106935475443	5.20220782486562
loss	4.9833538333147835	5.0937988681155595	5.125066457069604
indian	5.025537851091029	5.030494037562418	5.112085273480489
vine	5.164475245605867	4.802716359479677	5.020503907080236
certain	5.10089374520409	5.030058598739448	5.20623959981061
sin	4.904938580685781	5.110544466206869	5.066055671555284
necessity	5.0661558471736665	5.07439826532998	5.256820787203009
lose	5.001554548404852	5.055521045838676	5.03467575801716
private	5.143552418989866	5.073885588220298	5.285394535897787
gentleman	5.163846926763149	4.986673058331342	5.116393980714393
daughter	5.0514855943503525	5.065216824768311	5.05720963382501
drive	4.856264959803167	5.084538178624778	4.924086128167671
strange	4.963639052065066	5.044065418332344	4.935744535587461
journey	5.143602645555631	4.937866935033494	5.034308017318641
uncle	5.099056516748662	4.962707909766449	4.999776716781714
species	5.1139900096948585	4.952074864761309	5.152431642862527
think	5.0398219139464135	5.0338046482572505	5.04440981553401
bed	4.9769861808911715	4.853126947852832	4.79617428115564
wind	4.944924918667054	4.94329655861526	4.856846064883979
bless	5.082744495594495	4.977002760272028	4.99221565409601
destroy	4.9394213907839415	5.09120062873306	5.106750743784025
author	5.26863953466112	4.990393067231619	5.296554065236684
sustain	5.101862969777338	5.049690940356023	5.250253232515983
black	4.967567132730807	4.8884693716901255	4.838685341433927
event	5.129035435418801	5.075083189641995	5.259016898322938
liberty	5.135727269383393	5.111028962978707	5.312880445976556
negro	4.969667885456947	4.981633065138971	4.973972296063927
little	5.112885787332113	4.91818128004026	4.993525483204407
fortune	5.111972580616093	5.083288050246685	5.1609031571837285
touch	5.061054811520225	4.973784453038059	4.9902076754924725
kill	4.7978238173541525	5.081255867905319	4.872286138012111
feature	5.12890394322783	4.952905033380565	5.083001228963929
happiness	5.154336370587012	5.076869937040522	5.223893829852503
assume	5.125188149602466	5.036159356818311	5.2061059365071225
notion	5.1104170143553995	4.999158505869167	5.144863217149588
purchase	5.198995260891182	4.916464130031606	5.172877022747133
faithful	5.163161926625959	5.0645912008355145	5.220409723029201
soldier	4.941686193717345	5.150449509432229	5.06123301511989
father	4.997371500961709	5.0639803082134245	5.035733872773688
narrow	5.029006357789033	4.8952045875738435	4.986007199343284
great	5.166245380930162	5.008629040950485	5.232174506809911
tear	4.901865200782504	5.00990420897251	4.853808754585918
honorable	5.186915885723093	5.12172138694499	5.360567154156511
previous	5.143771205649775	4.9790152218381225	5.200527898922805
good	5.11615908952957	5.014619537775712	5.113148199121413
domestic	5.191866001779009	4.991606720867451	5.207343730909224
glory	5.189340236581085	5.008008068400406	5.167807028022553
lay	5.0127349478915875	4.914636929982585	4.940875041714633
occasion	5.112634840114603	5.062018223204618	5.202006881036479
guard	4.936557768733551	5.106233968445295	5.057770549260574
whole	5.112144479771009	4.964865906531753	5.14148795350365
mouth	4.976696274105054	4.8832000104752185	4.829171420285057
receive	5.184454221584356	5.001720285076982	5.223926453915467
take	5.035462877290356	4.993008523451934	5.045751263347628
simple	5.20974837583492	4.913290521023226	5.150079104778833
error	5.04392018660293	5.082780456546044	5.2480707679310274
wisdom	5.156718751798231	5.0695413321510365	5.26323257594932
rock	4.980023194058539	4.879513782774563	4.8776109032850705
decide	5.1211184948538175	5.065553411894607	5.289303055252983
exclaim	4.898681546916675	5.057212721076135	4.859856089047073
assure	5.088039240786487	5.065249000814647	5.137432359553595
sign	5.072551283546745	4.97985379447892	5.097710666002266
preserve	5.174399509727861	4.948566022161369	5.173499547398329
commerce	5.196404538150182	4.988186574789719	5.28986437253792
plant	5.148041977154527	4.815521187988067	5.015024691173221
walk	5.109561898717503	4.877306852242419	4.894168927263823
difference	5.138743922773477	4.971733732955036	5.211206958352715
hang	4.946967127156257	4.905162285375035	4.80926894504883
following	5.288527925484688	4.8868320480873315	5.241893714838696
employ	5.182606926419511	4.944865358629942	5.208822803636655
