deal	5.11834562905284	5.009257940393372	5.119395678274538
study	5.3528266219504745	4.905739855672411	5.262601255876217
afford	5.258764843193005	4.944142445240631	5.235649822168103
service	5.274774651602388	5.0166075105518635	5.312244254671696
height	5.136105734363245	4.835213598913843	5.017854191470915
prospect	5.236035336531528	4.982247051668307	5.1857158307357345
pleasant	5.308783967381687	4.802723977445377	4.964541171347398
shade	5.181417177207046	4.80564294777014	4.92924265795564
listen	5.088901466943318	5.057983168534591	5.06235664598563
mighty	5.077890571428077	5.0263540243049105	5.094074340040153
country	5.196953199255399	5.027169590043389	5.290862419163417
title	5.307677314535275	4.969402099791722	5.366907683695583
choose	5.225463606264226	4.935938949493363	5.217233680252604
village	5.224506130032508	4.887625484365629	5.067357343591953
acquire	5.296074860668282	4.979004480783807	5.317537995955152
rank	5.212263269985003	5.059500864019509	5.300171922776777
bow	5.115050167915787	4.9303615619108365	4.9817786274507885
doctor	5.070094176219266	4.974162184641672	5.011992523839401
talent	5.335460527928035	5.0266484508721225	5.355388263087495
source	5.246038254670995	4.9796083764109165	5.2807456635669405
lead	5.116432406420155	5.03106086054835	5.1684274599742
question	5.128246361055096	5.058731166170757	5.300219972446276
publish	5.326788442852232	4.946083374370993	5.361676135615162
interest	5.231455510730958	5.049430807714964	5.324925184562718
serve	5.118920197005953	4.9559776092988495	5.099986132022177
divine	5.201744667784054	5.020266758538395	5.284647292752267
put	5.018215577821631	4.908780922843544	4.938726568716364
shadow	5.097135886624191	4.8932383994611275	4.981416929191675
practical	5.254896168357375	4.9914513355489625	5.3537921568664
surface	5.1171655815892905	4.772885571334885	4.928366685686176
account	5.172638254150831	4.988567216030077	5.213984310610491
loss	5.024082632947524	5.098662591121859	5.152617759786896
indian	5.03537527306548	5.037084637351129	5.127012304662327
vine	5.192596260869751	4.75891952146476	4.973196402308797
certain	5.112248908132469	5.033007673048929	5.223584564039153
sin	4.922318077437476	5.139655056953857	5.121006612734363
necessity	5.076841013345128	5.095172724714827	5.288642723726607
lose	5.047817924379143	5.0501407329538335	5.070348086986782
private	5.18709838586564	5.067981853388961	5.314272120288276
gentleman	5.227555903039313	4.948007915207731	5.129514448973707
daughter	5.105194250438502	5.0378792388803495	5.082646929259086
drive	4.897660771570536	5.084179590594755	4.961708249358075
strange	5.012416672372182	5.032628777048604	4.9712817183017926
journey	5.218615694334961	4.918740907053987	5.055555605819627
uncle	5.178962902053282	4.917996738711802	5.009698402012861
species	5.120061034705088	4.937486298737141	5.126369133838434
think	5.09879574892298	5.023299448195745	5.0861575742457115
bed	5.050713090461534	4.795923033016528	4.786858436337384
wind	4.99168643088208	4.9236979512547885	4.871869045465529
bless	5.145863231742573	4.946023906349069	5.016807383694072
destroy	4.942557043968159	5.107273669716885	5.128433784087288
author	5.294019838210921	4.995425438451889	5.322973311825265
sustain	5.1220827212248885	5.062366917162265	5.28329709374525
black	4.9948418883288666	4.824124615540575	4.807042761703275
event	5.159280303559873	5.100692615085399	5.305453793061046
liberty	5.1570214570575175	5.127640277348896	5.360692110547702
negro	5.009808354587803	4.95802179783823	4.9667275434141995
little	5.171903753558808	4.876910520945421	4.994962146647306
fortune	5.164964236800656	5.076493384431671	5.190734459318377
touch	5.106490122096545	4.957399650245731	5.0227045124551095
kill	4.828953705714136	5.086951259158765	4.897643381877997
feature	5.159484175325936	4.926738420501088	5.09357458234038
happiness	5.19325110278377	5.080750959004876	5.262922034304217
assume	5.145438573426116	5.023254330630895	5.228694663981871
notion	5.137434949880086	4.990451230665529	5.16405929369908
purchase	5.25020325544853	4.87418986779937	5.147992856605343
faithful	5.210672487252272	5.066709468813205	5.27436081065194
soldier	4.988211534309808	5.159097097127035	5.115306331869156
father	5.0514913521173685	5.058051481527411	5.078546289621573
narrow	5.062384787589068	4.880452621083559	4.988558493173752
great	5.194211459966823	5.014841141265277	5.258885070341766
tear	4.956552916121743	4.988521829656708	4.884599643884391
honorable	5.2208135806650935	5.132362207157019	5.408156460945865
previous	5.176821632418603	4.966278147482518	5.215518236758404
good	5.164979961437074	4.992488823175928	5.135729431511983
domestic	5.223030629092513	4.959111021298075	5.202302402855538
glory	5.239771452098096	5.0024206201437265	5.210547332791064
lay	5.056629436761782	4.88298425113045	4.94999646853364
occasion	5.153132570940796	5.062366949290303	5.239004609912738
guard	4.967501668417844	5.111421328865456	5.103060139959157
whole	5.1392764558047315	4.95206142397109	5.151809692641741
mouth	5.0262166067218566	4.847450710253763	4.829630845916787
receive	5.223658470634544	4.98167522338307	5.241232938171664
take	5.076866588437449	4.970168614253021	5.06653077163894
simple	5.234173027795052	4.889543627908439	5.15066259583534
error	5.044809571030578	5.120256964408352	5.293297667430994
wisdom	5.176167952802518	5.092145113014179	5.313259978941159
rock	5.022366302076213	4.8670372941164555	4.883058715227824
decide	5.143836309932875	5.085628448945908	5.338311467765332
exclaim	4.966429537918483	5.047171643089951	4.90996077191056
assure	5.140283024598053	5.073019390567469	5.190601312791681
sign	5.103407156335723	4.9724608842649145	5.129185211732837
preserve	5.187453195904584	4.924398270925381	5.172445567082405
commerce	5.20518209118518	4.985954071807736	5.285766949084918
plant	5.167955211039959	4.777334604498924	4.973224842280493
walk	5.196781854258639	4.82216354207246	4.901347595291438
difference	5.150746279227562	4.957638673269701	5.210024844689447
hang	4.999111193383669	4.849889511201281	4.800347251045861
following	5.32103938619513	4.860018278053225	5.247334526735777
employ	5.207812105730329	4.924660764834973	5.197496297699196
