deal	5.061198678711165	5.019269771738682	5.088658118904188
study	5.268993209582229	4.908952294219385	5.195860783820215
afford	5.18083195032612	4.946618497593733	5.176120572921215
service	5.184012257899231	5.017189378034432	5.2507050791259084
height	5.052420945777053	4.897209242193449	5.011678929139983
prospect	5.157307633266185	4.988115898839909	5.127832968182665
pleasant	5.223325800202761	4.836666278263885	4.938034454056213
shade	5.103330174537052	4.850998136991137	4.908010923638008
listen	5.010324896769168	5.0790893625863225	5.007665561213748
mighty	4.995584929107162	5.056970945638344	5.061919818951126
country	5.137585880802816	5.018598847822291	5.238704638795226
title	5.234474622676603	4.978675410831156	5.307315019741814
choose	5.160631015633243	4.961174337308662	5.179217333458499
village	5.151810783958621	4.900973207712329	5.036767696084713
acquire	5.222066075258613	4.977085565810668	5.256166969580342
rank	5.133632147587708	5.071761640485207	5.243516637069609
bow	5.029805692176031	4.985571787060006	4.966388780175652
doctor	5.006234273570717	4.995658616488826	4.980378168844926
talent	5.244780737138223	5.027866515278194	5.278920569384936
source	5.173815128746587	4.978738897821834	5.21389562684365
lead	5.059061589500196	5.03527984091127	5.11758930856073
question	5.084338260048287	5.055130744985939	5.239939608214571
publish	5.251318627513388	4.952288317606223	5.296544330923886
interest	5.168062132650032	5.039397156488971	5.263701635857347
serve	5.065692513677257	4.979751189280363	5.073443476515424
divine	5.1209440229834575	5.031190227530212	5.213255825365495
put	4.977426508233885	4.950756816805272	4.943467405040827
shadow	5.033137260935695	4.93360211553112	4.955844088366301
practical	5.192381282438897	4.986997424657435	5.291262266356612
surface	5.058598332719098	4.825799207737035	4.929850500929194
account	5.123741773967621	4.990556353045054	5.171287168771634
loss	4.967374975674873	5.101064200737523	5.108343824045953
indian	5.007657450701323	5.040927622630666	5.10204950101701
vine	5.135465638156411	4.797559717332824	4.967764549276914
certain	5.0709643090503	5.036462310667583	5.179140080777244
sin	4.864804070032557	5.140574402592469	5.065889967984552
necessity	5.026291195312887	5.086359959618121	5.2277025379392725
lose	4.990256509178725	5.0696811650253775	5.03751311069488
private	5.115638458789459	5.055708771302113	5.246694848704869
gentleman	5.156020843877464	4.960571950185085	5.085671503536823
daughter	5.037047393894456	5.04680003558619	5.036351703060036
drive	4.85844454046283	5.103891000334025	4.951640372476848
strange	4.967249295911991	5.053385733446948	4.943721748359093
journey	5.140936190814566	4.933902315910913	5.0142313991366425
uncle	5.1195164689159025	4.936498455194706	4.989372039254069
species	5.076648428237271	4.9522742235373105	5.111457409015166
think	5.0441252502942096	5.0402270910421265	5.046706230060484
bed	4.976267818877385	4.850869799760396	4.789026699256481
wind	4.933136695119459	4.9705343712079415	4.872125786489836
bless	5.070417560002293	4.975432802249859	4.993073458088822
destroy	4.902059382838757	5.112313387007527	5.092655527885786
author	5.221900552609585	4.998619087644196	5.250852063987752
sustain	5.048937449874724	5.070975926205185	5.2229540880742125
black	4.957714746535761	4.8867619584845645	4.840562255998284
event	5.105477689565442	5.092571726967843	5.235289028697897
liberty	5.089938560811022	5.124733087039293	5.294216270245315
negro	4.961262259548458	4.968946683116405	4.961155694291753
little	5.1078448613952965	4.909909674503293	4.9767997129912205
fortune	5.093093657677258	5.074267556514198	5.1337339738886945
touch	5.037810581401075	4.994410967901848	4.9914602690348735
kill	4.814902321530763	5.107696117355154	4.903770231083392
feature	5.089906569471318	4.961435007548807	5.052585075341788
happiness	5.124681742135756	5.072777307373512	5.190562066143019
assume	5.087665368378489	5.039719405908279	5.177485669884105
notion	5.102127259450868	5.000063529228686	5.133121881254184
purchase	5.178471597461374	4.878052646798165	5.116639934127361
faithful	5.123446844760323	5.065716021254181	5.1971329867420115
soldier	4.926808416458145	5.170364541173128	5.079403568154936
father	4.984433245496105	5.063279042641026	5.03056789190326
narrow	4.992329572957026	4.915514365753177	4.9685837560642625
great	5.131230679130391	5.025606466987238	5.213212459595185
tear	4.89229837365196	5.028458864281086	4.868599745114123
honorable	5.143872299822299	5.115995822334047	5.320935473589837
previous	5.116102324081808	4.97616400812957	5.161010722147137
good	5.10947544128592	5.000138341796088	5.098963868918084
domestic	5.161853855553651	4.956908554382296	5.155001120560269
glory	5.149361875535834	5.031918582279692	5.159756620171885
lay	4.987999623999869	4.928520246422442	4.938688729674737
occasion	5.090369304265093	5.061415648759244	5.176224073264869
guard	4.915614086004024	5.1191382164610895	5.0675528706324915
whole	5.081562036409697	4.9766334974368736	5.125217511440113
mouth	4.968748710322571	4.907460879229362	4.844076847847105
receive	5.156566491487399	4.987060409201315	5.189449145885939
take	5.029168563723347	4.991273301302601	5.041302500823537
simple	5.165051149862091	4.912027584395586	5.108268394520777
error	4.997462746246421	5.112264869738183	5.224727638082407
wisdom	5.102074902887203	5.0939722567816865	5.239620079006736
rock	4.953257279516083	4.919683611552872	4.883219611628672
decide	5.092180812660945	5.085033196527396	5.269881730159277
exclaim	4.9080953992820895	5.079403277183799	4.895657340731392
assure	5.085101909433872	5.074230448674858	5.134827974436408
sign	5.0488545034197845	4.998991997588121	5.094232904224811
preserve	5.132891449707008	4.948884247146925	5.13830136439101
commerce	5.162093887414677	4.978008405061214	5.249312478128025
plant	5.109821809956098	4.814010133490773	4.964792758170453
walk	5.10452154587495	4.867455610564527	4.8826353774883895
difference	5.11654870185394	4.966414615070919	5.181772116704804
hang	4.939511888293672	4.914091633480677	4.816468186103643
following	5.256717668688232	4.877701261447578	5.197714835790034
employ	5.137461113736834	4.936783831645546	5.1624736886437095
