deal	5.0810224583326	4.9889064710383035	5.099737642155212
study	5.293375728398609	4.919291728122775	5.250983247383702
afford	5.201339607965119	4.94784337067284	5.222692912799694
service	5.216444391529035	5.0148969832496775	5.29103503339685
height	5.103185079880944	4.865161690228052	5.048275222526381
prospect	5.197867849238765	4.976386086364662	5.172190603733116
pleasant	5.287169885048276	4.815591616107321	4.9697646884940205
shade	5.164003200300252	4.828410765354612	4.946568961992086
listen	5.0841131896236575	5.023420451369459	5.041005305329749
mighty	5.056394995328511	5.014214642597565	5.0921834555753955
country	5.14397827553676	5.021059083318285	5.281699169557946
title	5.263024475615188	4.9791500671905276	5.3598984213923915
choose	5.166489307324086	4.95418301744433	5.209748752658517
village	5.189360000592239	4.907669861975968	5.096307831062627
acquire	5.227730248214415	4.988197385364868	5.307457401881115
rank	5.167210779803184	5.062088387762377	5.290100595150875
bow	5.112321643682172	4.927222406365342	4.98582087031932
doctor	5.042599322172465	4.951248764231761	4.984582644715312
talent	5.271084350934441	5.026850224752977	5.33145099342322
source	5.189943012749272	4.976214588703778	5.259844305502951
lead	5.087566320393957	5.021101212574882	5.164162252602933
question	5.0769789922452695	5.030552183365309	5.261964013691649
publish	5.2675969864590675	4.9526565392459565	5.345936195697959
interest	5.171918327679961	5.034775750521244	5.298405108301104
serve	5.084703132562402	4.952457620283324	5.088485554885836
divine	5.1531886541960334	5.0123662840099845	5.248925352805146
put	4.980117779110112	4.903597873077658	4.922191382575614
shadow	5.088517966499752	4.8980823602034835	4.992183757614476
practical	5.180637320950653	4.989530351772145	5.325162158921865
surface	5.075457494973531	4.7928235090677065	4.940023744096651
account	5.12295005467581	4.978926775088478	5.198106610159412
loss	4.9732856934811815	5.071045265970672	5.124419521477184
indian	5.0033603360806795	5.029026473624578	5.137175298295464
vine	5.130165650559691	4.7917285212768	4.986815783204072
certain	5.058658109752564	5.022713051114026	5.205387796012739
sin	4.8900743042570305	5.103824293898367	5.08265751250305
necessity	5.009734124398293	5.075654373397566	5.2550238182303275
lose	5.019737043695185	5.0307780348770565	5.057970893906122
private	5.134406587413317	5.05261087873558	5.289421057868226
gentleman	5.2002942011545485	4.938751797326464	5.1190821218202265
daughter	5.105026770774538	5.023982943101889	5.0838177825877855
drive	4.881121104386004	5.06666876246206	4.967270013939993
strange	5.01830934117973	5.005955746505219	4.969146554058084
journey	5.201624460815645	4.918805157665791	5.068819401003269
uncle	5.168198116042866	4.903547407727328	5.00488111891723
species	5.050082557028055	4.945422770060997	5.125884100627358
think	5.0773520808320365	4.995922650296644	5.061568490701721
bed	5.028622736054542	4.808166553058149	4.796691405940061
wind	4.969807662777997	4.922080961704228	4.874558245042155
bless	5.13244010797141	4.934270934354975	5.0041812231838
destroy	4.890429991832008	5.094925124104279	5.112958250518614
author	5.245383040078648	4.993118440182271	5.3029961214351635
sustain	5.0515750818874	5.055290348895937	5.2528681671243795
black	4.9979057204261235	4.841662032887308	4.83949923164177
event	5.113294287916872	5.078271067016945	5.284099127546293
liberty	5.094289494484625	5.11348626154324	5.327265125210893
negro	4.971076110747158	4.957103032718828	4.979447236941619
little	5.144106890244088	4.879292531728019	4.9936444744004564
fortune	5.13392207678868	5.061858362563187	5.17767732737846
touch	5.0941290882677785	4.939365722816918	5.00734651374682
kill	4.81836514963294	5.060126676026742	4.902612442341192
feature	5.147878348044733	4.927564185613087	5.0952004719381
happiness	5.147224744627154	5.058910336053827	5.227229101064039
assume	5.099511055324799	5.0170208018061615	5.2081200674313655
notion	5.0965637502891035	4.977912994716977	5.1458750672139635
purchase	5.189542238544174	4.8913819598705714	5.1544498767532545
faithful	5.182185199891612	5.049291187711297	5.247434397023708
soldier	4.978522175834397	5.130405344776684	5.1141238699431355
father	5.043945199016881	5.028789604948509	5.065906600154548
narrow	5.036521332086593	4.892381434658983	5.009970941471884
great	5.145068979195367	5.0065239921879225	5.243254148449841
tear	4.947472300017344	4.966788998751945	4.866288453127056
honorable	5.1729123969535244	5.107995889143436	5.367043151369642
previous	5.110694968740418	4.969432000981796	5.1985064266444345
good	5.127358084953675	4.978168057095812	5.111264889346982
domestic	5.158576379039771	4.958888635856397	5.179974630057626
glory	5.21285084402898	5.006188545289281	5.200955523826721
lay	5.023755110279338	4.89103156886574	4.952174633126334
occasion	5.096611291496064	5.043059368558171	5.206292508119048
guard	4.951998652114809	5.093160962151646	5.100893438626601
whole	5.089788552388984	4.953944338094323	5.144117370260244
mouth	5.023557561354244	4.8438850855028255	4.838881499112015
receive	5.168267514589011	4.9763820872267	5.217801665334471
take	5.0373758521078535	4.960966760686612	5.049724353088269
simple	5.188782901101023	4.898775213782546	5.1415775296390365
error	4.989323108635171	5.094176359058294	5.253341761634033
wisdom	5.131295150804322	5.075000588982501	5.277771492629151
rock	5.007104921707959	4.875571680204735	4.906181499286097
decide	5.0856522001036515	5.066058097471115	5.303330198599963
exclaim	4.983387743594813	5.004571000209019	4.9005287635746
assure	5.120466925538831	5.0365767482420445	5.1660626956140785
sign	5.079400998238993	4.959478734617197	5.115636841667217
preserve	5.136039744580785	4.934120480318617	5.156579590294536
commerce	5.138272829022659	4.9838382906067125	5.2725395836739475
plant	5.1061927761176005	4.809935920036321	4.987103927401101
walk	5.182987085683769	4.837464916382853	4.921186842916812
difference	5.092345010675563	4.952574412532862	5.191915457483554
hang	5.000168126929149	4.860707184085038	4.820455835930032
following	5.266919244661497	4.871924938318868	5.232933799007955
employ	5.13636672458472	4.939351228898164	5.195864289358796
