deal	4.988220380985651	5.114030545561656	5.122814145024435
study	5.232554483359254	4.982565073324156	5.263492335776763
afford	5.124164079021491	5.016767846970102	5.230044830156577
service	5.1362996359198805	5.081756666218918	5.293687964602102
height	5.028715239334388	4.937409143058792	5.069719854897376
prospect	5.104716398733714	5.056355876728289	5.180645384322965
pleasant	5.165551630731232	4.930495097187922	4.992588862647677
shade	5.072922060437862	4.907847417109436	4.970535728482556
listen	4.975986986041527	5.153966120768569	5.068553553939921
mighty	4.948681679890341	5.1133510935682525	5.099922616961804
country	5.052698058312144	5.092407274491253	5.276757782298724
title	5.165508247504166	5.045043807432003	5.353473481993562
choose	5.0959107078203445	5.034437934474178	5.218830447811596
village	5.065631119000853	4.973866099721556	5.072622369576048
acquire	5.15968002150119	5.050683568427849	5.313232205333595
rank	5.0871658249515965	5.128155468874301	5.291395336020199
bow	5.007104279993674	5.038624496006981	5.0094628650129485
doctor	4.960669239405733	5.085442443877979	5.022880519334478
talent	5.203232342326775	5.097914881979771	5.3436678563566815
source	5.111614596246246	5.050298577246282	5.271127619173206
lead	4.996176780819794	5.106663711071799	5.166935143060174
question	5.014174035315615	5.1358798867879365	5.2849749985619185
publish	5.196047789441841	5.007641348471912	5.351043343172661
interest	5.104911193174151	5.110747042462245	5.30962827528761
serve	4.999677853331234	5.05828441621392	5.111156246211905
divine	5.096922786149617	5.08776937512441	5.268032385491675
put	4.91216768181759	5.035123732441484	4.968697367612907
shadow	5.001399411415481	4.98845844390312	5.013402218820289
practical	5.139522719980656	5.061450222343377	5.346948524333366
surface	5.012350714123364	4.880281003106845	4.978579443281191
account	5.044528906913236	5.072816037538501	5.2145960252152825
loss	4.897279500122471	5.169956950622715	5.146189512629596
indian	4.888393088176385	5.120656282716272	5.124673580674931
vine	5.090145868359314	4.854650134137153	5.0233252262751735
certain	4.99762288327719	5.11419440487219	5.223162181818993
sin	4.8233379123122635	5.212359940528554	5.106607097994383
necessity	4.962451524599833	5.155148276296915	5.2741386939097445
lose	4.92992185474532	5.144150828908395	5.0785312957519055
private	5.060442648721252	5.125490028609306	5.297633025935646
gentleman	5.094060791709212	5.053516719155848	5.1319446238541415
daughter	4.982623284246142	5.118873688734424	5.0783988705382965
drive	4.777424859867088	5.182668080946007	4.980057409825887
strange	4.906773521471841	5.137729709719898	4.991450277711164
journey	5.078746171136809	5.003303221024034	5.065380756340657
uncle	5.045901899509317	5.032080587227327	5.021378756952884
species	4.997958362326201	5.022808262022454	5.152505767502525
think	4.981444437772857	5.1344235074703874	5.089952976582304
bed	4.939919138414236	4.915865239685626	4.828717470136313
wind	4.88503584707945	5.038316632661165	4.9190699630538175
bless	5.024223435336241	5.051578388397504	5.0242739005262695
destroy	4.820504833934248	5.1804995774590505	5.1267469837638595
author	5.167926251243345	5.0721021802136805	5.3139967822598635
sustain	5.007690689160693	5.116832986972069	5.271082448907648
black	4.894523316736513	4.953198175138488	4.8632196986169305
event	5.0397832045425766	5.151579435408453	5.290302308788064
liberty	5.021681558262529	5.190892320898436	5.3332210013615615
negro	4.858994661907419	5.061091378659271	4.970757152218007
little	5.040661318531027	4.999598961301852	5.015913217206947
fortune	5.030113378073805	5.1502956608640655	5.180406089759251
touch	5.000693868452457	5.06562766903609	5.044232231075112
kill	4.707143537481818	5.2008710277510355	4.918524477360525
feature	5.062723450088076	5.012393205023946	5.114972256569606
happiness	5.073504164887186	5.143832019928764	5.240474025894945
assume	5.037034018132974	5.106664376049325	5.232911419850212
notion	5.018141750152654	5.108018724091637	5.169396868383913
purchase	5.094759777331357	4.952099776425457	5.145355123792577
faithful	5.0848010457818145	5.127512920640757	5.246867579066884
soldier	4.870648937776313	5.2318817413663234	5.120593560227037
father	4.921980818577123	5.140453912723669	5.065912571427211
narrow	4.944308193787623	4.974953113800045	5.018415018168591
great	5.066410695326054	5.093486997447256	5.25705095904555
tear	4.8538148758696185	5.089752751293721	4.9053895996755195
honorable	5.093985423990507	5.181403441878132	5.373328938973379
previous	5.057730251555034	5.0394258927707325	5.217215347113436
good	5.032973147680899	5.103384994208009	5.135323587809539
domestic	5.087710878073243	5.041234321618832	5.196373390455871
glory	5.115570900170553	5.080269692684693	5.2093516427220035
lay	4.940773287240874	4.985492489954031	4.975460150073028
occasion	5.030147253529918	5.137579075557008	5.22961331159761
guard	4.86517016540887	5.17870897218744	5.107916333935645
whole	5.018326594960337	5.041117793651266	5.163709002117584
mouth	4.910954204526823	4.979623839067507	4.880536581034371
receive	5.091379514783069	5.059016917339539	5.2335686500317085
take	4.957981466001528	5.072669166474019	5.0761316200566
simple	5.121594911807241	4.988171285057435	5.16569942804287
error	4.942906936654654	5.185526080632212	5.2826518858215685
wisdom	5.065070575692539	5.161498508174326	5.298646946738225
rock	4.902443758866103	4.967757879606416	4.922801905231464
decide	5.03393907526393	5.152586520517019	5.322904986797009
exclaim	4.858419000201675	5.1578373752320195	4.930021482476307
assure	5.015742857487975	5.161350102112767	5.182846016051122
sign	5.0002247578193195	5.061966599267145	5.139010119159338
preserve	5.0744700315028455	5.011601100934157	5.18301654252953
commerce	5.0723242016098125	5.046578207337894	5.283570477260455
plant	5.054554523706853	4.877700929283228	5.015686236285861
walk	5.073867760758164	4.944806182302382	4.940340181322365
difference	5.0277245868171345	5.056741099002605	5.21733708593712
hang	4.90903710473713	4.973570348835486	4.855355270440902
following	5.2048044614532785	4.945298362514044	5.25850063783781
employ	5.078538189271688	5.0024341438106825	5.207332247271832
