deal	4.992347635529843	4.989727519544977	5.054439079131408
study	5.235880527338004	4.890772262068309	5.200991684758767
afford	5.147853441862498	4.916003099213936	5.177117660085624
service	5.149297360208413	4.9988292719703775	5.2394553027538455
height	5.039150160018101	4.845913057874806	5.021384767115508
prospect	5.117008328262678	4.958809750396978	5.123859305535145
pleasant	5.181815990554324	4.822252315645388	4.934111175769049
shade	5.093090261304425	4.821587928037513	4.930687735690393
listen	4.968915633620415	5.050008672439534	4.992247207040155
mighty	4.949728793896772	5.002321284539351	5.041118900261303
country	5.088107984675044	4.986495807195219	5.234058179546878
title	5.181895689230454	4.9459694303164286	5.296262393361379
choose	5.1018581650507775	4.933441242205543	5.155133520019738
village	5.095317493035721	4.893051648465732	5.042378631909942
acquire	5.1790769648014425	4.9499318163852495	5.259046533601976
rank	5.096808079529324	5.040827933947243	5.241945636201682
bow	5.005184832915452	4.952932355967427	4.955165698566422
doctor	4.958137035797946	4.982993993444793	4.954181991014372
talent	5.201324768412416	5.000697618450872	5.281226872101364
source	5.1380738371678145	4.936479214849971	5.208175834115885
lead	5.018286243915445	5.00512232282513	5.112391726118667
question	5.037875875298824	5.018837752821354	5.224577482288671
publish	5.209415179767377	4.921892835438671	5.290960184151926
interest	5.122752095683953	5.011176466603497	5.256392588924507
serve	5.028286922606145	4.9462247493058475	5.05415371333435
divine	5.094441225314922	4.984840793870468	5.198688347726526
put	4.929847494153249	4.916175761661858	4.909912381287352
shadow	5.007178454887628	4.896022019895197	4.962946519620649
practical	5.158177316541866	4.951320855023223	5.288683766515616
surface	5.042420487306026	4.776750571983774	4.942585213353758
account	5.070670677689396	4.96371900147095	5.156095396075242
loss	4.908107851020778	5.068092974704036	5.078411418174511
indian	4.950497563474157	5.018622560574192	5.097867507702778
vine	5.10927717792263	4.762331193490315	4.981028836177643
certain	5.019862089912577	5.00516995766621	5.169436840339338
sin	4.811295591225026	5.09896474336693	5.025974887171939
necessity	4.989597312367771	5.050416304952133	5.223044757813626
lose	4.933224635051442	5.032182799441602	5.0057602160713035
private	5.075526063958406	5.0337016251219575	5.239956130519812
gentleman	5.101719974406922	4.953585361270899	5.07512427851241
daughter	4.977796777549435	5.047070255894073	5.018350458744333
drive	4.798604120204628	5.0755931681989495	4.9288055605407415
strange	4.906627665415255	5.033256115848348	4.925822053034672
journey	5.092560577915991	4.914140600150862	5.005049057596213
uncle	5.0402266000035185	4.935260451133302	4.948018711711701
species	5.026582167516415	4.9104135378261065	5.103980166857328
think	4.976427179293178	5.015329133730495	5.011362733715544
bed	4.951993812242792	4.826357993116122	4.783962106010028
wind	4.904868289917181	4.933473878676022	4.8702183015822165
bless	5.014393482002778	4.942455079326926	4.944391591688103
destroy	4.848480427477777	5.0693646559653605	5.076242532807848
author	5.176649250151342	4.967050593640548	5.245257824158106
sustain	5.025834860609705	5.024606472079567	5.223961855063729
black	4.928368855659305	4.865683105290172	4.8370382224113575
event	5.05990861282149	5.062356093706175	5.236460425781546
liberty	5.049316797766617	5.084429487297769	5.281676464923498
negro	4.888689766460813	4.962084514128463	4.940543333248448
little	5.053588159535831	4.888383239923282	4.9567366269374
fortune	5.027519111234597	5.052183337859625	5.110992216675528
touch	5.004385770880553	4.9593429128050355	4.977759299103891
kill	4.724710438162876	5.083227243691771	4.8527959591873415
feature	5.079545841381071	4.939004219041681	5.083440484104282
happiness	5.080429866998518	5.042928818169842	5.17444589560724
assume	5.063088225719511	5.012956320215324	5.1903896423228515
notion	5.026359693166789	4.979629022870374	5.107995256962582
purchase	5.118526604944443	4.851900848439289	5.094476568802586
faithful	5.084976548781624	5.043665959535934	5.18049332747086
soldier	4.88429218145047	5.144835095990623	5.067258759769827
father	4.923889589178496	5.049140869210062	5.002087246219783
narrow	4.970993006604277	4.87570904573622	4.982772833733391
great	5.086787561825788	4.98123440322657	5.1992352913174456
tear	4.860013354824731	4.995349906956179	4.84344932736848
honorable	5.098973753614686	5.09057925283537	5.309513193214152
previous	5.089413826073535	4.952034059445908	5.169894622492662
good	5.046529760490908	4.977153080596613	5.063913195808057
domestic	5.131239724221529	4.935848166857168	5.158475393851705
glory	5.110618737957961	4.978762908268982	5.140791074370136
lay	4.96966733912185	4.884810897796901	4.935502854091734
occasion	5.055669744487516	5.035229418982564	5.1778619510265065
guard	4.882547512170402	5.098528664144123	5.061600796733334
whole	5.0478733371003095	4.934448107298292	5.120125838599727
mouth	4.939822283686668	4.8746566681510535	4.836781593992734
receive	5.113264611272372	4.963944856826441	5.173561947033276
take	4.9815747622080355	4.965653249216708	5.017636721021031
simple	5.1330031416885085	4.881940186671045	5.1098973137264725
error	4.94978277921101	5.070239413422846	5.208997017746416
wisdom	5.061394010258164	5.050309673929722	5.222159172424433
rock	4.925699557249386	4.8719156597833395	4.885099124622395
decide	5.04603106968234	5.051635369647749	5.262924935615654
exclaim	4.850964247809796	5.057271171406964	4.8583488099780086
assure	5.025025147393712	5.048191695741309	5.108599529499978
sign	5.008163567716056	4.967227745885872	5.076561614408067
preserve	5.111476446645288	4.909440924350861	5.136296752656525
commerce	5.129314063956187	4.937643122178457	5.251266005419242
plant	5.080833266105748	4.776466226350002	4.975590755839423
walk	5.068210739595864	4.852598019090394	4.881383941087636
difference	5.060497814812418	4.933161630824505	5.163543168147517
hang	4.90452045874028	4.885851098923905	4.805060958023789
following	5.226889502261486	4.854357954506781	5.1951907393315295
employ	5.107515860176731	4.906054030824404	5.16579139268571
