deal	5.074412602421665	4.964629772929784	5.096510502709254
study	5.280954494243009	4.864148244866997	5.2404845307049035
afford	5.1901568027443545	4.893781397784639	5.206425468753783
service	5.222165639457086	4.9662369517898295	5.305145162107469
height	5.115399612459061	4.830688334188031	5.035888601271817
prospect	5.18713273388547	4.930442341065345	5.138636262388528
pleasant	5.27498688752847	4.789889705883042	4.945015434897909
shade	5.176976395718357	4.789010930821812	4.92030276761954
listen	5.098502520808663	5.00017238023016	5.024121090046641
mighty	5.058469107839479	4.988014552374281	5.065319878572324
country	5.1309009484335055	4.967470818200743	5.25941234677126
title	5.242782219943689	4.9275481902317395	5.3561824789505375
choose	5.186122705106866	4.912703934978854	5.21773152804791
village	5.182699385735259	4.863444817849609	5.070540640466096
acquire	5.212632529131036	4.925713806717571	5.288764031775988
rank	5.169172876160237	5.0182000934081366	5.2930895629528445
bow	5.128357761991483	4.9133995650727025	4.989062620398973
doctor	5.060092642076365	4.924139479842509	4.999889606510212
talent	5.248351976969795	4.980467420464081	5.318848637317379
source	5.175694439857378	4.911341293816961	5.218930663642515
lead	5.086189005509613	4.975136813788673	5.136848969246305
question	5.0885611728812625	4.985876610918052	5.257534184413276
publish	5.2491387386265185	4.903069849987508	5.345081040291722
interest	5.166037411532814	4.978453595372739	5.2810236216986075
serve	5.09316865919412	4.918725598654244	5.095028075539865
divine	5.176261108285261	4.95327599284494	5.232140992147332
put	5.009878793544369	4.885162389623073	4.944412424939352
shadow	5.103954536133235	4.863251859449673	4.96057357285917
practical	5.1784796853328094	4.9291448247935215	5.313718601695456
surface	5.097134021160639	4.75947284823351	4.9278553488999375
account	5.120583275575154	4.930829650818849	5.194105230155811
loss	4.993002053076672	5.021750936662526	5.1205326221014245
indian	5.011530586188664	4.977876707864005	5.1181040148662715
vine	5.158146448661932	4.750550213390936	4.989638469430438
certain	5.070712218560384	4.968109454008827	5.194083723232951
sin	4.935458941995424	5.050185923592226	5.069359254753023
necessity	5.0318051310802945	5.012198684690106	5.24622190483169
lose	5.026234199276431	4.9950484541305045	5.034614878839949
private	5.133271784990066	5.002174137571361	5.28687545353057
gentleman	5.194083927540428	4.9163547017365525	5.13469342041394
daughter	5.11115139121042	4.9794643802878955	5.072309715771349
drive	4.900839518185616	5.0344462596455415	4.944490346569307
strange	5.024802839941776	4.977177881832444	4.940054663409389
journey	5.181359367348541	4.882887749642407	5.038197534112818
uncle	5.156255676307091	4.880595142738808	4.996263151671885
species	5.069943393618635	4.886148730421405	5.119089158152874
think	5.079041505936639	4.9707528537077135	5.048819015788467
bed	5.065503881793073	4.780227172955077	4.794048313750844
wind	5.004003186509924	4.892188890020375	4.852569504221947
bless	5.153159124925434	4.906580176044011	4.9973121430987355
destroy	4.918099227612869	5.035499658650607	5.096045607651772
author	5.223173696098727	4.941252148186896	5.283447546194184
sustain	5.075437018367784	4.9975703306977275	5.247865900419565
black	5.02192790243627	4.819734296877569	4.846936612223602
event	5.108588166820004	5.020720324246132	5.254652497901778
liberty	5.104210103572988	5.053215934137989	5.3088882408915925
negro	4.988084742643438	4.911749724961533	4.975899280004506
little	5.141129006852566	4.851670732108497	4.986813330322921
fortune	5.115917496073598	5.019378783558995	5.158480263557265
touch	5.108027895571964	4.913648932344242	4.99666951340755
kill	4.848540764325836	5.038570820231422	4.902933575724777
feature	5.1552029268557	4.887206789513054	5.079806147403122
happiness	5.147457119357374	5.00053015527808	5.194529594896298
assume	5.116445948761821	4.968418615350682	5.205706270736635
notion	5.087726547416924	4.945315867212449	5.134357457544964
purchase	5.1893429463916085	4.837441717807105	5.15698943018209
faithful	5.183648630836087	4.999873771269232	5.2346118674624975
soldier	4.9892683010303625	5.108100792857997	5.115136005694957
father	5.058323317719275	4.992368724486368	5.05675211957046
narrow	5.043081661709085	4.850210887672321	4.981630457671788
great	5.137208192035885	4.963323806041936	5.2320129896862895
tear	4.987742263963945	4.937647197540955	4.857334672999434
honorable	5.170260047659732	5.059138334371871	5.3686887821829155
previous	5.128790879352889	4.910337515281188	5.193763142513328
good	5.127043312109934	4.945073648344271	5.110016212486809
domestic	5.15885654588859	4.899515913368805	5.167237399271325
glory	5.204408775127257	4.971021785235225	5.174921874951993
lay	5.0562180949082425	4.859930409731931	4.952756684210998
occasion	5.108800006936992	4.995587967304082	5.202632379447711
guard	4.978347019898482	5.052844527450983	5.096629266506452
whole	5.102192674914767	4.912373745792178	5.141310694220008
mouth	5.04186360531851	4.83273440947117	4.8388225244591885
receive	5.182877144768161	4.926742413428579	5.227474330604313
take	5.0564617930160125	4.92657490339346	5.055744403862307
simple	5.1955755143778335	4.851324153175732	5.131112302821447
error	5.007803650424254	5.032950890156288	5.237659321255892
wisdom	5.137806494257061	5.02256027621724	5.260112152251654
rock	5.03010980821747	4.8494016473431225	4.881103767806544
decide	5.099102678160766	5.0172693237494235	5.294241835274848
exclaim	4.99729612222975	5.001470682927209	4.897608816004718
assure	5.112382409597035	5.009427056045335	5.15326254948526
sign	5.098690253419851	4.928647031548575	5.123637381119855
preserve	5.147753092614621	4.882368377568356	5.157179638472264
commerce	5.133617194571416	4.925920092390354	5.258281522154419
plant	5.1354060346259285	4.763117472581467	4.9849926793054635
walk	5.1856701665405325	4.817325639943188	4.906577245158865
difference	5.100072680537866	4.9050095242143374	5.192212841153229
hang	5.030178477221632	4.844066908428998	4.81854639668724
following	5.272562916449364	4.824399737984552	5.235271548191555
employ	5.142444748456835	4.885500914121865	5.199673472698601
