deal	5.062587408749948	4.991773786965803	5.103721435406352
study	5.303450500769983	4.899712946928367	5.241489103249947
afford	5.207721573877243	4.936940574980752	5.21438690936406
service	5.206996096016834	5.015425061478624	5.295148670185015
height	5.079141368186498	4.85327574305145	5.017588746316113
prospect	5.181167242100439	4.979377739032655	5.165156701968791
pleasant	5.240706948005111	4.812442478692779	4.959882648302005
shade	5.138367649790921	4.81519784034345	4.927400342101217
listen	5.041060320786074	5.053411070299876	5.028680826584236
mighty	5.029953025416158	5.009333245819394	5.068603067911141
country	5.1521695702130454	5.009869416207542	5.268041006950781
title	5.24581756376274	4.96597173817101	5.34501210767104
choose	5.154149349879074	4.951416214792685	5.202863233020668
village	5.152462882240266	4.891841082581983	5.066876041876454
acquire	5.236644801928489	4.9668897976839705	5.286053472732042
rank	5.160127687715263	5.051519017419651	5.274777405009365
bow	5.055490069139647	4.943649711857909	4.970881433779797
doctor	5.005202919382114	4.977663620979758	4.992193769796056
talent	5.2772186495716005	5.009289698460269	5.322435327691267
source	5.202113151332877	4.959711287496995	5.241635458208985
lead	5.08254161625546	5.020241651500012	5.143885042291858
question	5.075271652872573	5.051660382352433	5.256000131164874
publish	5.267452195195475	4.9447071935513875	5.340835375052628
interest	5.184781229667097	5.036964504271166	5.300818049805914
serve	5.069269005370472	4.954478857803397	5.084650652729875
divine	5.1731474982591275	5.004582276298871	5.248038007121438
put	4.945128423650472	4.917399553516444	4.924807344586242
shadow	5.059685865522834	4.900799055796228	4.9721587441329
practical	5.209686167850521	4.978246066888103	5.318174028576175
surface	5.0542190343220215	4.78608914767229	4.9155066331913195
account	5.122990049272062	4.979109131367005	5.200037372061081
loss	4.969272788600835	5.086644587941182	5.138432671826525
indian	4.970927927592899	5.028794539393297	5.100351473691686
vine	5.129661138311534	4.772935555367559	4.976315293497089
certain	5.069991498204892	5.022366565659417	5.197700031054573
sin	4.9064583002191	5.113422843642621	5.100724071653643
necessity	5.03224698054402	5.0831328215877525	5.2510230393141955
lose	5.001275910365146	5.0393612344917695	5.053741598037709
private	5.141923662116802	5.058489790212549	5.297903402292213
gentleman	5.156019572365154	4.952591636002509	5.119311157178487
daughter	5.06470476883192	5.038665893508233	5.084168851385237
drive	4.848618336671343	5.077325617242748	4.951985831650696
strange	4.980963635810114	5.022594716923624	4.958490348797223
journey	5.153378514102898	4.922656728895099	5.051443968451187
uncle	5.108683379298049	4.921507129949302	5.011666529652626
species	5.0673780563512825	4.9247799052578625	5.117856883222551
think	5.049002559635509	5.015476068589373	5.066465575378916
bed	4.982088136103875	4.819078060516068	4.791789855709574
wind	4.929077241243496	4.929640830355151	4.851377550938434
bless	5.098202494817919	4.941352326057112	5.015609096447613
destroy	4.911973659789085	5.083522709803323	5.1070071831087365
author	5.252515683359799	4.9780715299573535	5.295056547098912
sustain	5.0749179722517805	5.057235806784536	5.252448819597138
black	4.938829702657675	4.8417692738410905	4.8204953859783375
event	5.117366703842492	5.088353150804103	5.272611145454325
liberty	5.1085535732618945	5.1114588376549985	5.318956988952039
negro	4.935929656831333	4.955214746311519	4.96876001849224
little	5.107916181861162	4.882576434482664	4.986569271857216
fortune	5.116911550545699	5.057524686640721	5.178959925307706
touch	5.0572401987868005	4.958853250750746	4.9948197075011285
kill	4.767048962383148	5.074711381748722	4.888601831738555
feature	5.120273710874829	4.939450540625436	5.076071305992006
happiness	5.161614687463165	5.059082674482417	5.231737311609628
assume	5.0930708054889555	5.03005308009486	5.200372160526275
notion	5.086728544899068	4.97592018047367	5.139703473031909
purchase	5.1745134041004075	4.874162388515701	5.1580207419794535
faithful	5.16903926956914	5.058490241895994	5.246075080040534
soldier	4.934593648309368	5.147649877214762	5.092917519693835
father	5.005320408209895	5.053868963226293	5.067541448727047
narrow	5.014867528300559	4.887863893537959	4.978753318642138
great	5.145657393238113	5.000612404251369	5.23272556080594
tear	4.910135528891538	4.991968688704908	4.869900558663575
honorable	5.17311794143581	5.11761552350052	5.37468735532633
previous	5.113002805949456	4.981110943487675	5.194970106484242
good	5.108244981759849	4.980870340808133	5.117348891878297
domestic	5.177715997237416	4.951637300998483	5.185301619062075
glory	5.1959978173759	4.985949526337385	5.18571958134835
lay	4.996058155382451	4.898139997524903	4.9399091861869575
occasion	5.098455121140828	5.0570322932697245	5.208182724208556
guard	4.927406761406453	5.110434516085651	5.085057261685946
whole	5.086314213383977	4.952084085190187	5.132129099146007
mouth	4.944285097483061	4.858041240330833	4.809242949232333
receive	5.159434738735065	4.984827678072933	5.221653562369064
take	5.011892262617027	4.976941509530525	5.048600658990255
simple	5.19242926680266	4.885593291407163	5.130258850023232
error	5.019765165417864	5.099766701437954	5.258565932067459
wisdom	5.14523393081493	5.067405782867081	5.272328360983568
rock	4.960667248031446	4.87289328569188	4.8690102422206225
decide	5.083686647229616	5.0860357774080285	5.29315123353292
exclaim	4.9090559891766175	5.044643582781538	4.892515261940362
assure	5.089247839827982	5.061363566232761	5.162443735018458
sign	5.050911777087379	4.979061930154731	5.106849482396031
preserve	5.145171068497542	4.923072547483257	5.150906022461452
commerce	5.149926524755113	4.970709298178825	5.256193225510065
plant	5.111208774450235	4.784698124723443	4.9718540901359525
walk	5.1294086249364925	4.8404602075801275	4.906847133753675
difference	5.100766731206539	4.950910167409523	5.189846673638094
hang	4.946793396116766	4.866251563839905	4.810268574200823
following	5.258683170776169	4.87743442863195	5.228634118440142
employ	5.147232806603205	4.9209019361296304	5.183170422531252
