deal	5.033446000760545	4.979137145938352	5.096110688229671
study	5.26894019841013	4.897291077986085	5.246293438012304
afford	5.177219739544269	4.924421117123781	5.216923214323377
service	5.18505655890081	4.989319984441083	5.278393891572858
height	5.097598946872417	4.884169663532603	5.057178144423897
prospect	5.161592457924471	4.984715062284374	5.176424710763277
pleasant	5.224148924661002	4.841684904950275	4.981165944720029
shade	5.128542604890848	4.856292603273818	4.952094065790438
listen	5.01377709571637	5.056299328269092	5.032240089298651
mighty	5.014283258195171	5.024926440117517	5.0846670100011915
country	5.119931615342591	5.006200031202847	5.273418324492162
title	5.216597202800653	4.94213480466428	5.336138343097093
choose	5.148397023377456	4.9317737746734505	5.206397660690592
village	5.148200367462348	4.907029058425964	5.083760723758098
acquire	5.218527542297751	4.961656102841384	5.301488032034026
rank	5.140638023051757	5.050336801004728	5.2729535279949795
bow	5.060224343104968	4.956851486860855	4.9798577735746585
doctor	4.989670734676342	4.956178304656243	4.983755227729276
talent	5.2424394540228105	5.008996846081844	5.319200032800451
source	5.171999438700778	4.957332765936027	5.255206458606831
lead	5.059933082181854	5.019438684109195	5.157403576062678
question	5.0514908463837225	5.02115126479465	5.259605829456081
publish	5.225631354465516	4.919954472977337	5.327824182841981
interest	5.14330260112052	5.0217811835095345	5.293873414313217
serve	5.05631743257674	4.939862028074777	5.086252530126376
divine	5.134603716363936	4.99608416294823	5.242627063609151
put	4.9531303197975545	4.894009975192934	4.931934328380074
shadow	5.05458876552695	4.926225640377013	4.997194623442565
practical	5.175479748654783	4.964546369583687	5.324772489225046
surface	5.077950878718897	4.815314428731263	4.9686296322052055
account	5.091879707762407	4.960867479952985	5.195555413756106
loss	4.9475408995712025	5.06775714372583	5.1238392980022684
indian	4.982988442040701	5.0280967181572045	5.125152672875739
vine	5.144560511028338	4.800051941291115	5.015558222070414
certain	5.044200508630034	5.007746980558199	5.204777520230208
sin	4.867099077304348	5.094321417152011	5.075310059377057
necessity	5.002529306317368	5.055662465222499	5.249651239603636
lose	4.982362408000056	5.038378122751479	5.057978946212421
private	5.091769266836928	5.0250820905443465	5.269897266880995
gentleman	5.139561585700764	4.933633635845925	5.107780312907683
daughter	5.040962244933309	5.035877976638103	5.065157684707997
drive	4.844670616213461	5.079940078212676	4.962918466476379
strange	4.949730084695857	5.038223168964702	4.967535587829339
journey	5.145501596604688	4.929913183885579	5.064206166826437
uncle	5.1098045850898455	4.909002641103824	5.005622762090714
species	5.043362172458656	4.9275477695303405	5.1292221564581615
think	5.02637338047557	5.006197348092151	5.0663161120288995
bed	4.983980834728421	4.82309004786117	4.80365880524956
wind	4.942999896835919	4.961130520960524	4.8942656545603205
bless	5.085371545048559	4.94146614662007	5.008366812643427
destroy	4.883426697214656	5.078407364928782	5.105084641884567
author	5.200370554340908	4.974270729371929	5.286931854207462
sustain	5.048120344010947	5.0422423570829	5.246370197125866
black	4.961884600713543	4.866242330842858	4.843727697839274
event	5.083319404193924	5.0847226933032585	5.279760358685826
liberty	5.071380235646305	5.1024626616747835	5.315920232563077
negro	4.942259068316623	4.943295331205161	4.971586160893208
little	5.1000215907630935	4.8834989932589945	5.001009443149356
fortune	5.081500574360648	5.051252454580927	5.163938568450146
touch	5.045946767422516	4.966652547081625	5.011553590570783
kill	4.7932678630058465	5.07229819619958	4.906403456754883
feature	5.110703236318248	4.9598986802444385	5.095867690947419
happiness	5.115816783147695	5.057717169241866	5.227690189462392
assume	5.074744063571762	5.020790759616325	5.2030266484706935
notion	5.0616989924439	4.970893606723981	5.150142513082771
purchase	5.153627777189147	4.840512224877266	5.140905351210767
faithful	5.136581483515401	5.043979811803183	5.232546526028783
soldier	4.925665591789461	5.153910839934331	5.094785873318688
father	4.989991124543727	5.03776958286488	5.051132062919573
narrow	5.01661122990022	4.896952183698756	5.010061357405778
great	5.119969001100143	4.994345599881225	5.239036756166463
tear	4.905358200441287	4.997511362477801	4.873175974579452
honorable	5.138602108325398	5.088454422489845	5.350313531644272
previous	5.095739059989909	4.961537013241357	5.197260240127359
good	5.0895163591437145	4.96553700846057	5.113589324765517
domestic	5.128936611133484	4.946673502469469	5.17763141099762
glory	5.169474432374326	5.009871508619468	5.193532940089628
lay	4.996367868664969	4.89370471727828	4.950840964114555
occasion	5.060618941512762	5.041535096229096	5.200257948004672
guard	4.907756056273747	5.101311555431872	5.081548290367726
whole	5.07277179048712	4.945162598916965	5.146625918548362
mouth	4.985997210503329	4.874903872504639	4.851961375102953
receive	5.14088782671636	4.955885136133498	5.212768999193267
take	5.006818748079163	4.9526222933083615	5.04939657151406
simple	5.158379960396291	4.892512252948176	5.140016765526881
error	4.978306216374682	5.076566002431283	5.248840320866958
wisdom	5.110776898614032	5.061676594012942	5.271105406777965
rock	4.984176957565129	4.90364610760783	4.912994471409715
decide	5.065293232192905	5.058095187395706	5.297672045016906
exclaim	4.912033445755143	5.041587036179732	4.894172208188078
assure	5.072768420401548	5.044651313418391	5.165015893833559
sign	5.042401599688931	4.959890137135974	5.111537931030098
preserve	5.127822908528898	4.9196735562544065	5.158238109963234
commerce	5.123949358843933	4.962757961130323	5.27142601137076
plant	5.120831662541699	4.811540969936298	5.008822995834931
walk	5.12251102890157	4.855242120809328	4.918714982114975
difference	5.085969203556403	4.9426337058513194	5.204432518531806
hang	4.9522803600248055	4.883522329053903	4.823167018719369
following	5.238938065418644	4.8629212528658385	5.233012146487325
employ	5.123770253429708	4.905173058463183	5.18724812938316
