deal	5.0046400390270165	5.0563348837111	5.113220576470223
study	5.252968209097489	4.927960163643379	5.2411714106759515
afford	5.150504000137999	5.0039497631189525	5.231161536203113
service	5.160084399933732	5.068330590275363	5.309533319437083
height	5.052918096323776	4.9540949895543624	5.0564178134878555
prospect	5.130378036608528	5.072993529964387	5.185380181102441
pleasant	5.214039796633861	4.9020923357757145	4.978475963158426
shade	5.104535268112647	4.915698946275543	4.95214526185637
listen	4.972370060190925	5.128700181258552	5.029428256483962
mighty	4.9617762210351914	5.123451508167344	5.089574908713419
country	5.0886053676689365	5.083863798216747	5.28751470640732
title	5.204963794143293	5.008636154719736	5.356737245072623
choose	5.109181718524637	5.006924022125176	5.214134063851743
village	5.11975632887392	4.989601956780949	5.093078393367349
acquire	5.18678834508816	5.015982444929084	5.310514907194807
rank	5.108488603075392	5.120362441239971	5.295215847677831
bow	5.027945595668305	5.027755375150168	4.997019619401597
doctor	4.965028291661344	5.015782041017141	5.00562465375963
talent	5.2217061986292155	5.054008446398807	5.3321532839157095
source	5.1380115337459245	5.032338613077759	5.2589588525914355
lead	5.008255904907471	5.101607439642865	5.152647569056987
question	5.007873798351487	5.086227554714405	5.262818690287061
publish	5.219123490045932	4.965183450066363	5.3362641729115285
interest	5.122971077341644	5.087542315001327	5.309280440741446
serve	5.014487980716564	5.021710788083548	5.100444975012693
divine	5.094975979356314	5.064005729083197	5.2420916510095426
put	4.91036261438942	4.98144295175216	4.952872139032027
shadow	5.011215261994206	4.998071610170894	4.9865362640147275
practical	5.146129029370018	5.0073608810645185	5.324707854537982
surface	5.028858429970908	4.8838078838618575	4.962573429392029
account	5.062840289409863	5.031644269971301	5.205435567588306
loss	4.908990060359387	5.166275922033595	5.155815524761171
indian	4.919050900504092	5.11742667872307	5.136004971968778
vine	5.107551833136058	4.857686043567848	5.0183782315416865
certain	4.997090362988553	5.080262897308569	5.209474434212326
sin	4.811231396825621	5.192309932658104	5.086964554728552
necessity	4.955698077376195	5.137488091066252	5.267600946610798
lose	4.939711648415103	5.130557610530456	5.067945569394673
private	5.07420665327414	5.107176604367213	5.298470791642755
gentleman	5.1252203542073715	4.996850739439143	5.131806335498372
daughter	5.02196922195571	5.114641776302307	5.097057730722445
drive	4.787131470484561	5.19440179705542	4.980040877986611
strange	4.909692428023716	5.115407159197588	4.962705238923036
journey	5.111619400258811	5.0171506054048045	5.065383471008141
uncle	5.0843591370412415	4.983100227304735	5.023205840966906
species	5.018217135114805	5.001948608978427	5.152212116233457
think	4.986313339415683	5.080107948196793	5.066256513810211
bed	4.954451927240149	4.911938063892872	4.819229500354512
wind	4.888218066026236	5.055226087066762	4.896295867530695
bless	5.055814005690444	5.031730501513813	5.023882533955176
destroy	4.82783644066503	5.183703916036975	5.128550144848458
author	5.18792182092427	5.014798663187106	5.285176048403665
sustain	5.004674422904845	5.119725389853959	5.264684738201307
black	4.921163402668129	4.932939544254243	4.857825532428561
event	5.041260729665885	5.151511580628002	5.2782518298230015
liberty	5.042838822351587	5.1767136169520285	5.333132624980192
negro	4.898385968525088	5.036711576512495	4.994417950593862
little	5.07007360126285	4.955021496113445	5.007408960843455
fortune	5.060718414271876	5.146147928127241	5.194912791142774
touch	5.006554074107286	5.030064136158592	5.010275881899722
kill	4.715010413370967	5.180359351141097	4.918968728797459
feature	5.0734726724289985	5.00086486476873	5.089987223252795
happiness	5.092598833375051	5.13298918355588	5.240770778196042
assume	5.033813129146579	5.079869714322234	5.214541945812252
notion	5.029260327588013	5.019275077094634	5.14440730325595
purchase	5.14605999212111	4.947024698202159	5.181813785419005
faithful	5.100774302483873	5.11997826353796	5.242590487941342
soldier	4.87340710970735	5.241353918538445	5.11798874416451
father	4.9482420193483385	5.131839050782436	5.076278296440706
narrow	4.963393127312007	4.991051276178838	5.011042724592906
great	5.080499518289355	5.070367436102744	5.248761656407398
tear	4.861669666196854	5.087910819471365	4.891383132019649
honorable	5.107934389595234	5.165771464943046	5.377690523300793
previous	5.05974953405705	5.024752527612401	5.205453501772558
good	5.054589268925844	5.044944746529701	5.127089674107234
domestic	5.123645206824689	5.007026134313507	5.202612387944634
glory	5.1390150633745195	5.090582497571486	5.198987950931408
lay	4.953022324077905	4.986678091906534	4.963854921285736
occasion	5.0298383494250745	5.109282239606564	5.214292232107139
guard	4.863829963022135	5.199620649888834	5.107000947839829
whole	5.02628789792117	5.02332120140376	5.152997184632676
mouth	4.930485924556996	4.954779166726762	4.859383242730671
receive	5.109726878096655	5.038356179759231	5.236593881239897
take	4.96557027373604	5.039777381271284	5.06667470010329
simple	5.136623540435218	4.935410180569782	5.139088301252736
error	4.928307662425975	5.147490840291788	5.249770368571573
wisdom	5.061351952298919	5.13258827411652	5.273494563439934
rock	4.9258840535619495	5.005236682992438	4.914599389819998
decide	5.016794720044374	5.123994106897831	5.300711486739059
exclaim	4.869809677475656	5.129426735793911	4.914831588295727
assure	5.025202652506692	5.127678009845074	5.169233182550511
sign	4.9955558535831095	5.031580573676951	5.11573929032258
preserve	5.089542284859495	4.985757327575537	5.170549002447076
commerce	5.104355863941771	5.043447830460183	5.296769330051524
plant	5.079490404694327	4.872699407621383	5.010778984617356
walk	5.099347163050759	4.925706988237104	4.920203818557638
difference	5.049948991601041	5.000803444372801	5.208685917390047
hang	4.916896135749805	4.9699328947005315	4.83887972449931
following	5.220046679705587	4.90301273472837	5.231876239257689
employ	5.0947051314530505	4.974962405534468	5.203427290315045
