deal	5.103677306114683	4.996567742194002	5.1092759420763825
study	5.323409547331428	4.891572544991404	5.239753887031898
afford	5.214423775859684	4.937300187189283	5.216251046876096
service	5.237941025743937	4.999354429016581	5.299334870411037
height	5.0555449970350566	4.8832416147136355	5.032759740432514
prospect	5.174306287406044	4.985635464049645	5.1614251653570005
pleasant	5.250304564086026	4.850450788401454	4.961062474411242
shade	5.128738719372012	4.844489528325927	4.930978512794704
listen	5.062588146285445	5.055921317609504	5.039432488484854
mighty	5.031187768697916	5.027576380320409	5.08671305810329
country	5.170665399117082	4.991806524566033	5.273822337209821
title	5.288441965453178	4.929922275071897	5.347645276522263
choose	5.195784503060012	4.9379097849605875	5.215892794707305
village	5.173504033434387	4.915238484997783	5.073271216974284
acquire	5.260017671874819	4.953403191281561	5.299519101165113
rank	5.179254341231451	5.0339960726351745	5.278048715110242
bow	5.06884508946269	4.965891627164837	4.985276921098718
doctor	5.058472790213679	4.9872354971644945	5.00671445452461
talent	5.296183931802621	4.995532984612715	5.318466738887717
source	5.2117617890633845	4.950528133779618	5.251698031989386
lead	5.089024886447409	5.021478006133006	5.152618743379063
question	5.121529507199559	5.023374498798886	5.2777829438326975
publish	5.307490478426064	4.914840665525659	5.3388512273702
interest	5.211161318062871	5.014916469647323	5.304103868312232
serve	5.099287957238722	4.960262538150307	5.100775505370477
divine	5.182933261689312	4.984899057447713	5.254113268839277
put	5.000930706778422	4.943178221211575	4.960575347437796
shadow	5.052956842010811	4.918975169521264	4.981580931722404
practical	5.234644818833869	4.958846608466979	5.330246014109191
surface	5.059955071290452	4.823318012342393	4.950371288522865
account	5.155520775908094	4.973897472246725	5.201613655861058
loss	4.990903076013303	5.079384310764533	5.137782506668272
indian	5.017342621497738	5.03264522102451	5.131662814395751
vine	5.141176065701281	4.797127134888372	4.994516705254481
certain	5.096402360730745	5.0148402143901425	5.213952127117363
sin	4.927731110078581	5.08979320147511	5.096828354164993
necessity	5.056908167096127	5.061085238234426	5.27152001309946
lose	5.012539806979242	5.0488601461985185	5.058984356592724
private	5.167903282208811	5.032781540792323	5.294840012680422
gentleman	5.206586793317695	4.953625223139713	5.118456117980133
daughter	5.087551667754594	5.023729629691898	5.068536814220559
drive	4.867999063734764	5.096449178023822	4.969262793418055
strange	4.994876966181791	5.040000670631312	4.963993149480982
journey	5.155967252325801	4.948334963052727	5.047109538459227
uncle	5.15940544671476	4.933570138342018	5.0142358860099066
species	5.0918695383680745	4.9365288312208335	5.137183898712985
think	5.082569033413578	5.0160602364692854	5.071525646867186
bed	5.005768271319319	4.858358900851528	4.811554610000919
wind	4.932378513248424	4.973463810674204	4.883828053975373
bless	5.127037199251343	4.946038417086234	5.01586038521182
destroy	4.926144485071487	5.078900959649509	5.120363220449655
author	5.277769237681331	4.956632007522717	5.285570094281975
sustain	5.086208967869771	5.036322657523884	5.264768545527988
black	4.969444473265641	4.883706251033263	4.843134188280195
event	5.130317154871741	5.069646615638415	5.277582344969799
liberty	5.140720170255444	5.073336784125899	5.3324066589262635
negro	4.989516770930857	4.978435544281057	4.985884675015255
little	5.1368397088541675	4.90717874798196	4.9988403128813115
fortune	5.129217561454289	5.053316815838401	5.1646044315271755
touch	5.07859064418928	4.971303130237177	5.015033964468095
kill	4.829701627141536	5.08931139242897	4.914864934689484
feature	5.121260302519477	4.943233250528571	5.087206263488749
happiness	5.172488053695494	5.039493462072534	5.228370637294601
assume	5.115284867708424	5.017791455608942	5.2142854472056
notion	5.138777561601124	4.973959815384465	5.152264235216354
purchase	5.214623864529191	4.870497499646841	5.1574042876034785
faithful	5.1889750520039595	5.034412358064936	5.242880263200317
soldier	4.9554364603557834	5.153674520766219	5.110987349196861
father	5.0377244645821335	5.039900470066717	5.066339333069287
narrow	5.0075772873355575	4.912672234271348	5.000833888210455
great	5.159320829059928	4.9989650740334595	5.241686831020602
tear	4.936304203739441	4.999637365897499	4.88695771489053
honorable	5.202614488869987	5.074633382453515	5.366994804986408
previous	5.136569080679719	4.971122561377545	5.203359726599741
good	5.150613243314842	4.983417780306587	5.124643960514503
domestic	5.20165311087781	4.94222550352609	5.187905358150535
glory	5.189995033195935	4.985962307228648	5.182935759726806
lay	5.015249376516063	4.915816180625078	4.96277529913198
occasion	5.126821641934942	5.0469896480678615	5.213567902036247
guard	4.939594478241682	5.110278135081827	5.0998335620801365
whole	5.106116674842523	4.962119019372788	5.158010797922302
mouth	4.984797733854702	4.910850026722175	4.858695335792377
receive	5.193160336442218	4.972470577979109	5.229542646501489
take	5.057138689694485	4.982230654696781	5.069099278693243
simple	5.207886556837588	4.893328524205998	5.143768984133181
error	5.04382726239444	5.063236096686474	5.259971906963273
wisdom	5.154887856139641	5.0491859143978255	5.2771917995140285
rock	4.959237285670965	4.916841794791889	4.900830654685156
decide	5.12313728794705	5.0544144938808016	5.312508857347437
exclaim	4.948873773087157	5.067414434942938	4.912532797927879
assure	5.119911761571658	5.054542766648489	5.167927074495021
sign	5.080999389314567	4.982866377417611	5.12987295990116
preserve	5.162164512514221	4.922238383795129	5.166324235172736
commerce	5.177091789383823	4.960183241803093	5.280696172633544
plant	5.125935617380079	4.80710780568676	4.990918085570851
walk	5.13820170919023	4.878335164041491	4.9091750245713985
difference	5.140400489516854	4.941085950804222	5.204206080988122
hang	4.960559080177389	4.904916662830577	4.824637721958591
following	5.2892296013020905	4.869736126033423	5.238465204052794
employ	5.1699249443138875	4.9283084736679434	5.200955431307049
