deal	5.064326020700141	4.9845294925874475	5.112699893928746
study	5.300497773024895	4.901836761501844	5.249172962466648
afford	5.198642044797518	4.936226504102675	5.2247258911651295
service	5.208598700067959	5.010190570042323	5.287624459631983
height	5.0689174065974605	4.850877346662391	5.0489290340874255
prospect	5.160266229949794	4.983500304020033	5.160182046477485
pleasant	5.2311234159841975	4.820854226448035	4.972337827567083
shade	5.124417898529021	4.824527278652382	4.944375515111845
listen	5.0249459018981275	5.063915178609341	5.016930254063372
mighty	4.996126782516763	5.009405050737293	5.070957181746992
country	5.132592825853169	5.0039122771300155	5.273497208349362
title	5.251827418795098	4.946236439844227	5.3461551298081
choose	5.161183015443328	4.935065485550054	5.209425207805867
village	5.143409710825812	4.893093494693913	5.085575168001604
acquire	5.239394888750663	4.968129655906556	5.301536136809967
rank	5.143982767446612	5.059173429727498	5.269194308007365
bow	5.0594373042442875	4.950615271738714	4.975362480708787
doctor	5.033091825361806	4.968988134462237	5.002535475750739
talent	5.269173006397383	5.01835022008323	5.326009644843221
source	5.185038112440458	4.960151680422003	5.251367927191482
lead	5.056140927116576	5.026178063202378	5.140740327071316
question	5.081746330747259	5.037930839039434	5.260789897116858
publish	5.275138524192871	4.923202461438624	5.35413873003944
interest	5.175882665731163	5.035331967812155	5.298663152407236
serve	5.068003294667691	4.949218081033743	5.090172388105389
divine	5.146266604235424	5.004829188325919	5.233495568398908
put	4.9825067580209295	4.902260897873376	4.9532584230141525
shadow	5.042375384697886	4.900980602621231	4.978328544537608
practical	5.205970266133783	4.974668238136909	5.334041903067839
surface	5.070477983142386	4.785868888965789	4.969667872278564
account	5.12396597077768	4.974241833962807	5.211544660069109
loss	4.966619021008101	5.088190200101291	5.128867786628782
indian	4.972996236131773	5.0307011402666815	5.117647563884655
vine	5.145780951066156	4.777493549426224	5.020961086482241
certain	5.063101414891172	5.019272508158282	5.205135343088767
sin	4.876735831821265	5.10754999356736	5.064128684882914
necessity	5.027266274659745	5.079023819690932	5.254386742029236
lose	4.987495275612449	5.04438232261083	5.044135304331941
private	5.132693651701941	5.047834163415933	5.289346529147378
gentleman	5.171652223733458	4.947691077604318	5.124573742475368
daughter	5.0574071608849005	5.032726304862069	5.050588197838089
drive	4.8348460700415625	5.080051244146463	4.952891393203714
strange	4.957879026122207	5.028594424308218	4.948656026295245
journey	5.138944227182807	4.928074979502479	5.0517299694846916
uncle	5.138215163589075	4.908844102148175	5.015733674516749
species	5.072823690976051	4.926239968902642	5.1551077621233885
think	5.043862636338935	5.009854354187417	5.0567505156829
bed	5.000653801770286	4.808047960270036	4.8136655533240065
wind	4.928392448821636	4.938525574389486	4.8807872753651615
bless	5.088345855993745	4.939895110874228	4.993857959204989
destroy	4.8886335624001225	5.082343702652859	5.104380364320013
author	5.238779358830316	4.978057285031756	5.294764000874346
sustain	5.065702186505567	5.051916614544268	5.2529794839990505
black	4.963312350590404	4.837045394990171	4.854881965713644
event	5.092019084380358	5.091703867833599	5.2655995460421385
liberty	5.085913396055246	5.108524897453979	5.307697918112488
negro	4.955635861977756	4.945315055152661	4.98843796055979
little	5.115306700727088	4.880555615743966	5.002348152508281
fortune	5.100414616501459	5.063059293202956	5.1578807664307496
touch	5.056344682373404	4.9629968305560626	5.000545070066355
kill	4.775464539935973	5.078634468325291	4.891801213326828
feature	5.117290518066958	4.934881819679087	5.083504206421673
happiness	5.132618916629653	5.070885842037834	5.206477365992627
assume	5.096118291347407	5.025708674313382	5.204463979067597
notion	5.095634417251419	4.969002902312327	5.157812061454916
purchase	5.196607504515406	4.850836303825419	5.169774398031742
faithful	5.150344530627608	5.057895424211371	5.216396986627598
soldier	4.9143878362769335	5.162210802156318	5.08364437852127
father	5.000352712468825	5.043662183955413	5.03891631063214
narrow	5.004640833183025	4.87801037467072	5.004199955322476
great	5.126908619454482	4.999618602905034	5.2402956057078045
tear	4.913799212525884	4.988748031371223	4.860776008050857
honorable	5.163848596989144	5.114326949084656	5.352385914455301
previous	5.118613413541248	4.970170934416565	5.2030034600473005
good	5.110103531763506	4.977364463358418	5.116489255202167
domestic	5.168412497541185	4.947949316804304	5.187406204445986
glory	5.157476929958967	4.994633813530778	5.174484661309093
lay	5.005269334486409	4.884267139335363	4.953925160985375
occasion	5.088511881245023	5.061105831185581	5.208558124741467
guard	4.917931264342933	5.1119352757541705	5.077785353371168
whole	5.0805331434665035	4.941780306232235	5.150247231497279
mouth	4.982765143353861	4.855193633832748	4.860330459938992
receive	5.171157068819654	4.977429385423278	5.22576063156542
take	5.02958867087218	4.967037269291416	5.0590869737552255
simple	5.1853731121717965	4.884907926436896	5.145445118412719
error	5.005744400427309	5.091962050399651	5.252133990193939
wisdom	5.115929776166559	5.07419140117051	5.257796565304542
rock	4.957226805775497	4.874806331080582	4.905840331243221
decide	5.092167376278909	5.075117285565133	5.2976332130281785
exclaim	4.920704311065371	5.050275431003063	4.893025637694719
assure	5.083068562606923	5.065852509249065	5.153880842772882
sign	5.0616165126193655	4.968512814074249	5.1172627056928155
preserve	5.140997400362429	4.920064887174236	5.162806645942328
commerce	5.154963631952162	4.964385621786553	5.28626132288036
plant	5.116372300973267	4.787152838124215	5.01071494436263
walk	5.1269153245090395	4.8430828231597545	4.92004314645188
difference	5.1041774353402305	4.943975044687579	5.210415359969606
hang	4.9599676175013805	4.861329837717006	4.8299535374452
following	5.269354927051646	4.866437053801203	5.247440050269933
employ	5.157786459585848	4.915104666662158	5.213375495630179
