deal	5.02223367324116	4.981884552606899	5.081143134617233
study	5.263555177792072	4.8882081417502805	5.238270643764262
afford	5.159387978813361	4.919689740960802	5.201701503982909
service	5.159184951263901	4.991019957610833	5.256424442050165
height	5.0411778629634645	4.877859649659125	5.023220562777479
prospect	5.138629130241829	4.9760811080363405	5.1551441993094915
pleasant	5.226750019112659	4.845490220362085	4.979885831081977
shade	5.117332073792259	4.861773991060652	4.956705471938283
listen	5.018498419582012	5.047251183843535	5.032998616192299
mighty	4.979660291250005	5.030552744001001	5.06772155602223
country	5.092953890438398	4.991406907660009	5.248412105823684
title	5.206401922348906	4.945824850754192	5.33285172769933
choose	5.114106956679223	4.929670351307083	5.181258064598289
village	5.1316272228304625	4.900557307094491	5.0714476058123
acquire	5.18630970826915	4.951134464498015	5.273392166346139
rank	5.100832302308628	5.041373449323263	5.2471810377317345
bow	5.033128465434403	4.968387295941926	4.967569558866771
doctor	5.002128300554728	4.9564244572724085	4.980755446924596
talent	5.21859491229796	4.991179859326404	5.298198662209066
source	5.156238472370325	4.950317836089133	5.244353256558125
lead	5.026723408392489	5.0156812675258475	5.135891499687832
question	5.042281253032838	4.99911388011019	5.240221002413132
publish	5.239433685902442	4.897823256867051	5.327417521648413
interest	5.130945271879814	5.001913483104926	5.27100628349467
serve	5.026256162579608	4.954440119827257	5.0701198013946795
divine	5.118112312984779	5.000008729358625	5.240447392784761
put	4.931656773120689	4.914617067225092	4.91392213420886
shadow	5.0354187792780145	4.931922494343705	4.99705156375055
practical	5.156768041970381	4.943127409137178	5.301758268592184
surface	5.044527032594806	4.807199818516564	4.944806685673004
account	5.0861318954952015	4.949714952878824	5.1812216377318165
loss	4.927712364038105	5.060468225893647	5.099138723532871
indian	4.943704394361124	5.024617617104638	5.1039131711963055
vine	5.10953415028005	4.791215525533892	4.988354506472425
certain	5.0240304935493985	5.000405316806821	5.186278856054078
sin	4.848076504935805	5.1062159137406855	5.073212838318001
necessity	4.980644483883003	5.041430874601053	5.225942364716007
lose	4.959822407307428	5.046583533335114	5.040588999436173
private	5.0850005307177595	5.020095025032723	5.256495765088378
gentleman	5.138805301555334	4.931500619798517	5.098673111227176
daughter	5.029336365518307	5.044829233690018	5.06127687222072
drive	4.809250527698769	5.087907952172451	4.936011091518466
strange	4.955425182736811	5.042283662348102	4.97232409676733
journey	5.1324681095448925	4.933556603316244	5.055456469838525
uncle	5.0990656326011	4.926209880257042	4.9976074063007285
species	5.029728583933076	4.920601746083707	5.110573456456157
think	5.015925818833425	5.009606796885138	5.054526940753399
bed	4.985886898638334	4.8418003685702615	4.807701890338302
wind	4.918622391500886	4.9610431267104165	4.87299936704884
bless	5.069611545111144	4.969011146437991	5.00588930284894
destroy	4.8466081619834	5.081920544050619	5.0851938620130595
author	5.206908228848194	4.956838924307354	5.287543681935975
sustain	5.014358795699776	5.021180665355625	5.218396140312379
black	4.937979915283758	4.8762223062375964	4.833161329139071
event	5.071446874039316	5.0528401737254836	5.258566892839088
liberty	5.0441452813401035	5.082243996042178	5.288879061437054
negro	4.919037442607265	4.950528656584685	4.9522226321746246
little	5.085303328731748	4.893043899295588	4.987543869681113
fortune	5.057285119772692	5.060824038513235	5.144403570781728
touch	5.034533099794301	4.967466329719272	5.005849161232362
kill	4.742164254269412	5.087561919655787	4.8763545784277165
feature	5.093724300562075	4.944484877184025	5.089379760347939
happiness	5.101456714034936	5.051082443282546	5.212181389998882
assume	5.0570404979296395	5.0026268390295865	5.186123539534268
notion	5.0504974600056025	4.96354586890223	5.132779057147662
purchase	5.14536659392699	4.866734729756342	5.131878219981325
faithful	5.112582064279678	5.043841206392058	5.218815748040621
soldier	4.886095318989478	5.1529681152276705	5.067371372585788
father	4.972943140658017	5.0507322424850365	5.047512289804018
narrow	4.979757523814669	4.9035015987828	4.9917929649510615
great	5.092168612907967	4.984176922775759	5.215511141752308
tear	4.896975805825558	5.010844476757407	4.873459564240537
honorable	5.110524196426863	5.077280137625563	5.330196814484785
previous	5.088906482331226	4.936595634210764	5.180416512339448
good	5.066978676192406	4.977847505070374	5.095561738953164
domestic	5.128559698210534	4.936618034615808	5.166675326861753
glory	5.137767885777623	5.018558774247917	5.181456358505968
lay	4.972876522610108	4.908235740941201	4.942238800203557
occasion	5.058342992017474	5.017675071094964	5.185573156368699
guard	4.879572318646478	5.1049562355304205	5.063112319723177
whole	5.047238277788661	4.936941272573951	5.1237998169260415
mouth	4.960237112915424	4.8857145702974885	4.836320422176822
receive	5.129284130526269	4.951729504409956	5.196264302022312
take	4.992076103879117	4.958776217038895	5.034306483748024
simple	5.152496121572464	4.8899915738535595	5.137746818796813
error	4.962594287657047	5.057974550321839	5.234179878437019
wisdom	5.076486232324317	5.0632850544201125	5.255012812070343
rock	4.945446788051027	4.909048354648016	4.896466319175018
decide	5.044830176194558	5.030125140587202	5.271186595027389
exclaim	4.9055185972652815	5.0523569580881285	4.890357008797636
assure	5.0546326717763534	5.040762644174305	5.146034416896783
sign	5.0329595888097725	4.963860132421833	5.105944902727452
preserve	5.099564132911594	4.921473706628522	5.146883718110163
commerce	5.109781279722168	4.948925722757126	5.245725546130803
plant	5.082392218843505	4.8067293575022	4.986104569566417
walk	5.116333997730684	4.871911352856588	4.918999646050525
difference	5.060406530387035	4.927073098121746	5.177389493964693
hang	4.933294498048674	4.910875628656407	4.821916098507056
following	5.245687375120258	4.839336721365488	5.2288165546345935
employ	5.104134789817816	4.902867440005502	5.165667440303023
