deal	5.057925766831447	4.9847808948407755	5.0953922722990495
study	5.274158914601744	4.885164222844007	5.211810406585361
afford	5.196422371174754	4.908423125893681	5.200547602737431
service	5.208477024645467	4.985084784991406	5.282296403991154
height	5.062977606250899	4.848082363897195	5.001763644046941
prospect	5.149666542119744	4.951738491315145	5.13008515160107
pleasant	5.218011707549618	4.818954015624151	4.940943125317965
shade	5.108924658178057	4.8245800910617405	4.9049410748418865
listen	5.01594574497631	5.056660225677893	5.005990287157916
mighty	4.9929733450409906	5.004933494722738	5.0446321098725395
country	5.139725025179307	4.969929371779987	5.250689373865298
title	5.22613202924967	4.939794191828998	5.3157908468514
choose	5.167803308171225	4.929815269559022	5.204052765555087
village	5.164730945912563	4.877813594991872	5.070812827323637
acquire	5.223250310669176	4.936956225077662	5.272609076873155
rank	5.1425560529910905	5.024962873452976	5.248691218699488
bow	5.04617858346839	4.952599867543876	4.95684607479683
doctor	5.033568812251438	4.973607736271326	4.999820410276323
talent	5.237709161358973	4.987537555640404	5.290240777733845
source	5.1711004563961565	4.929943314021505	5.215357673705864
lead	5.0708035880042726	5.00641501980378	5.13800412105872
question	5.08489708871616	5.017079899087434	5.249692867795992
publish	5.25131869436528	4.910104682214167	5.3084937091372
interest	5.165051738950099	4.996985652450755	5.2678348477817805
serve	5.081918010788331	4.941859496328272	5.093195842836323
divine	5.122457786606783	4.99028832462089	5.2031479668917315
put	4.993056637074078	4.918090118811189	4.962008396429206
shadow	5.024567318503807	4.906149629958408	4.944103732957501
practical	5.194397867475668	4.946075723542051	5.299643087730417
surface	5.0621131115627	4.7799109320627196	4.92516873624378
account	5.1248381974316555	4.951484553441118	5.18724112507698
loss	4.970501100782221	5.055066253634504	5.120120842239241
indian	5.013177994465798	5.004143834290835	5.132325270297302
vine	5.1421583086881535	4.76741976430187	4.984962706329813
certain	5.070924681250985	4.996444377021918	5.191465647267698
sin	4.873222729623854	5.10847449248535	5.070303697359965
necessity	5.043600136752974	5.042319184820586	5.248343161652189
lose	4.985388575963663	5.03174446551467	5.033867645506409
private	5.1366890308921755	5.02517560511078	5.276882075591959
gentleman	5.170267711927248	4.943618993537752	5.116798644215926
daughter	5.053697280304189	5.030287078240644	5.057388818229671
drive	4.868528982281508	5.0689515972854355	4.960846471997099
strange	4.953373232883028	5.029400478253007	4.932792211656004
journey	5.142769936818457	4.912359568510789	5.0371134832745135
uncle	5.120070337798385	4.927143957333313	5.012031907444754
species	5.077120311692022	4.90093139087342	5.118027339962429
think	5.034113176191848	5.013494456194214	5.049639883444955
bed	5.013001136696094	4.828479279775478	4.810507936410845
wind	4.936422706282017	4.935820087843007	4.858869471092739
bless	5.072941056571482	4.950788800108344	4.9866366644734965
destroy	4.914268865689536	5.060911915148388	5.109242449630536
author	5.209305057294344	4.960073544524076	5.253519295549538
sustain	5.063861481901672	5.015743705754848	5.23115534342753
black	4.971008165185672	4.857260952472293	4.843722354210816
event	5.092813296923992	5.046637502631363	5.2352639578121245
liberty	5.092476252901362	5.0738565754250065	5.296247039642926
negro	4.990150834736198	4.9478336965924505	5.0055202569827895
little	5.114232191377488	4.881974448863765	4.988472770509037
fortune	5.086913769696321	5.040024343318589	5.1446159196936545
touch	5.039282198736722	4.9619913300522285	4.982435147578923
kill	4.816477783713449	5.078233961491557	4.930366394624107
feature	5.088155272687796	4.923110450992297	5.04060663704831
happiness	5.119169288785294	5.035286639814757	5.189872755852834
assume	5.087992574249263	5.000823059051531	5.182085423020758
notion	5.081234744609747	4.971841946454994	5.133420185948607
purchase	5.195032780901988	4.849096054276706	5.159963573269608
faithful	5.141297248034473	5.040229052136484	5.218313426484558
soldier	4.94645354709793	5.138845935970739	5.099276264491346
father	5.002992145047388	5.044187916001214	5.054923274618937
narrow	5.019495090216141	4.879377043923309	4.985815107572901
great	5.126623801113456	4.971089980750124	5.209782085721986
tear	4.908661770960508	4.991363110012439	4.857901770660626
honorable	5.151044702215203	5.0793384682066804	5.346672987813538
previous	5.12824413709279	4.941472739771091	5.18628590979262
good	5.108213108204761	4.9743289584238655	5.1154933115202885
domestic	5.1751846244986925	4.919497409942612	5.173182559581245
glory	5.124279120434505	4.979390783966295	5.127466058125586
lay	5.010607663241645	4.890800736348576	4.948524641241889
occasion	5.099137849813178	5.023742531405252	5.195038075410198
guard	4.951016350889792	5.098563049991573	5.096950814657333
whole	5.08938830451049	4.92330670082105	5.126836365457002
mouth	4.981157872296925	4.871593180340494	4.84526617720836
receive	5.1718106257434595	4.951327089700123	5.213833514045887
take	5.044933873145825	4.963062176604459	5.064912197624739
simple	5.167031757729575	4.880848426377137	5.1114731023514235
error	4.995582642614765	5.069009686010146	5.229247363857767
wisdom	5.09578125875148	5.053218370720573	5.236724477901493
rock	4.967022830905868	4.878245596881372	4.884019809523742
decide	5.090595945440954	5.048376653862147	5.285005010832784
exclaim	4.918750241056278	5.055242266140651	4.891619658608126
assure	5.080721084917761	5.046825039268905	5.149702071351421
sign	5.06011583992644	4.965583087152852	5.102141332800168
preserve	5.13864737658242	4.900227265626412	5.14395458999124
commerce	5.163095003872938	4.922709765317943	5.253169421974236
plant	5.123696617944612	4.780043492931883	4.986958904908703
walk	5.120595945737696	4.861408679117012	4.899154811121274
difference	5.104795495216018	4.925707697416004	5.186226454155768
hang	4.950790726925911	4.891218834319072	4.812620281977028
following	5.25652250533138	4.853191909880202	5.212442150982854
employ	5.163371362253317	4.894180338037169	5.188619948186156
