deal	5.090783244579849	4.985627153477778	5.123581392077656
study	5.318742077656928	4.8952800352675645	5.26480140365063
afford	5.2096623567267235	4.931975000097473	5.236623340684761
service	5.216860246050466	4.998004532710946	5.305826859958816
height	5.08278958629705	4.877134601329736	5.062507512417943
prospect	5.18795766529269	4.976568549001871	5.188958176632237
pleasant	5.260839717995019	4.837281715158674	4.989014267083429
shade	5.157438719268476	4.846322556761669	4.978695032212952
listen	5.074226525946519	5.049779370508253	5.069143152450073
mighty	5.0336008142992	5.027812429581398	5.1153963389571215
country	5.149522792405541	5.004514463170377	5.299329095503002
title	5.249401492758282	4.954589330329976	5.367039287903021
choose	5.162383261412365	4.93039035439457	5.221160356605576
village	5.138217282494441	4.9087567112156325	5.072908426281424
acquire	5.25490588273288	4.958123991339037	5.325161298955742
rank	5.160068205657094	5.045774082418858	5.305907710662762
bow	5.086607588348982	4.951125849366299	5.015691644942748
doctor	5.066510118502122	4.955720756675028	5.011143029862983
talent	5.294082907885482	4.997536442422093	5.347050545627691
source	5.220102587690827	4.964177772182704	5.2884252104743465
lead	5.078840385442385	5.018013029590778	5.1771413400952655
question	5.112432458954529	5.0150852029654756	5.293568181225622
publish	5.272706156867959	4.923807318349675	5.340288326383913
interest	5.201870657372448	5.019448837555534	5.327062950863669
serve	5.091384818752225	4.950214306382425	5.116267062669786
divine	5.199294660287042	5.00137610801691	5.302604885035258
put	5.004916626959211	4.902150920961546	4.959331524112527
shadow	5.079699298250205	4.91465760880017	5.021653683499483
practical	5.235839002563163	4.95650816239504	5.352585938583687
surface	5.096166846482281	4.801334291020422	4.976634208095556
account	5.137327855537181	4.966716209056912	5.209985499456078
loss	5.003308901462043	5.0752102807864885	5.160800156544629
indian	4.982084300475689	5.027859005402294	5.137266676103365
vine	5.1576175261280035	4.783207292221106	5.018374071953081
certain	5.09187150465983	5.009342705011738	5.239181656322757
sin	4.939106368472034	5.105617980905127	5.144811693007844
necessity	5.059052131494242	5.054646629391097	5.293022555512602
lose	5.025660463317652	5.042955199255655	5.0918525990727295
private	5.147348630109315	5.035123602907858	5.304836871525068
gentleman	5.181608987494111	4.934303220453097	5.119535166282328
daughter	5.07268916215509	5.039522642998062	5.1017327111395785
drive	4.861035136784631	5.083466724339319	4.985108474003429
strange	5.000376224326795	5.036390334926465	5.00027184993693
journey	5.149917094762876	4.933600542485541	5.052844428787121
uncle	5.141739061213328	4.91468245156842	5.010668705456712
species	5.099233244547036	4.934064843899833	5.165853719330289
think	5.080238806060124	5.003782906234315	5.0915670324067035
bed	5.023356425191604	4.830627226671587	4.824752649973461
wind	4.967350054629895	4.94662833735253	4.907596506471097
bless	5.134499971432747	4.956418914510962	5.055266691054776
destroy	4.918874348375296	5.08288986963296	5.151026918837211
author	5.260874099145506	4.974370004080026	5.315084593123084
sustain	5.095875222991228	5.0337674844350415	5.291022950988617
black	4.975089880976814	4.859919215508585	4.860551153098645
event	5.120789176824067	5.075989304197286	5.297028286793436
liberty	5.1213873856752326	5.096744198904731	5.363660554794468
negro	4.956005160523679	4.957646980748562	4.978746850121458
little	5.134606500887464	4.885814649200362	5.014051452956629
fortune	5.117455196827044	5.05924131426833	5.1938707090093255
touch	5.102770756054239	4.961837401507474	5.050964146587251
kill	4.794042364667392	5.078886032443945	4.91453695644142
feature	5.148264905150266	4.936266458068059	5.126067787111531
happiness	5.179100199058294	5.058004881515757	5.27622275720094
assume	5.12726876019939	5.005788748383533	5.239435617758109
notion	5.120602457198771	4.960301919517086	5.170024303410764
purchase	5.185959456281014	4.871735082280874	5.1638574022860135
faithful	5.173380300715738	5.045562184235926	5.26818723633159
soldier	4.938788311428944	5.1468566304310785	5.117156823612541
father	5.02693380857239	5.046079060240422	5.09249124171254
narrow	5.019362309484131	4.8987529776235865	5.023445802033264
great	5.156968217259743	4.999545707026709	5.268832480472026
tear	4.968371629172727	4.998209655085608	4.928150207127645
honorable	5.183564762676913	5.084098908119465	5.3915831587301914
previous	5.13760588983091	4.954785899729561	5.20910185544258
good	5.141693369962951	4.970542097122075	5.142518342256755
domestic	5.196871054808421	4.947120548794531	5.218749520936388
glory	5.201656870991367	5.0076943133561365	5.232164754032714
lay	5.0219297294038645	4.899447258446808	4.981813613560939
occasion	5.125366362330203	5.034242431527018	5.22786765819242
guard	4.923317743660856	5.097965755985065	5.105661728806302
whole	5.104961357423542	4.948418178124004	5.171362493533147
mouth	5.00869431157252	4.8698481856133595	4.862111846575346
receive	5.185821835915562	4.964407900333367	5.243384692038239
take	5.048185775263069	4.9598112555612275	5.073445645642615
simple	5.216778205961898	4.890091416521484	5.177987879175248
error	5.046805058426887	5.070794324959322	5.292817030361329
wisdom	5.164875542410881	5.057319577952844	5.320410866684849
rock	4.972056348752704	4.899383214584491	4.9187377268717745
decide	5.113816246833453	5.042397338137077	5.324410642811336
exclaim	4.957727122652173	5.044772044911889	4.927602929109437
assure	5.112508032538376	5.042270080149441	5.186782543084211
sign	5.086094949562014	4.963824519548226	5.143534275804055
preserve	5.165288763067644	4.919777606019185	5.194003253211128
commerce	5.169798892618608	4.962823189429452	5.301492894899428
plant	5.1320159452544205	4.802984071345533	5.022337792510947
walk	5.145056603177725	4.857260407334034	4.9251678909795835
difference	5.135696253648009	4.94347329678982	5.232570968388778
hang	4.974862335020367	4.882544787928387	4.846951259799129
following	5.281205486297091	4.858821748871213	5.240769403896298
employ	5.160351670260795	4.914764102741707	5.2081814349647795
