deal	5.064589998902931	5.010506921198502	5.139067733264274
study	5.3152711530418815	4.922678245577061	5.303082042399068
afford	5.213642738880167	4.956434297638555	5.27192010492858
service	5.219167351348375	5.032088852651207	5.346150497111717
height	5.11071232925933	4.874653679420202	5.088226314254049
prospect	5.175020667215487	4.997860328095013	5.211812639785983
pleasant	5.227601436552406	4.839805635307483	5.002810626334672
shade	5.145908620757678	4.859257632995467	4.988191957795107
listen	5.015012830369602	5.089131644230623	5.066149444681824
mighty	5.040116848504952	5.044316941744894	5.128515835155825
country	5.178646104972456	5.021159448513033	5.330683394676397
title	5.27776785271298	4.981843225658416	5.409335641030058
choose	5.188869758079166	4.952635283574843	5.260112628734886
village	5.169919354835006	4.911261318364703	5.134387104506456
acquire	5.271612577226683	4.985158614180756	5.357124757445777
rank	5.181545983913342	5.073859344061955	5.336972212714506
bow	5.0606345406894055	4.976920572813945	5.0189425108965935
doctor	5.001197036936974	5.000417891897671	5.031950992033764
talent	5.286290861453132	5.034328303347771	5.376104775128719
source	5.224520971887671	4.988952629748559	5.309870862487708
lead	5.087282761736199	5.041874323409057	5.202190233439272
question	5.096556077150975	5.063246481256987	5.31689243648624
publish	5.294713283364674	4.952881735001497	5.400087311189788
interest	5.190410945546874	5.050943431591261	5.346102811575807
serve	5.087374181672629	4.976004937531877	5.1390842116039135
divine	5.188746618368805	5.041279974696074	5.30631613661774
put	4.971077643769183	4.9359153157122355	4.975269706656383
shadow	5.069281064430446	4.938886566855935	5.031142922296016
practical	5.242339454008297	4.992145994347216	5.386180999008288
surface	5.097438490825254	4.81481107979023	4.993352933818561
account	5.128982432137392	4.9934284744810835	5.243300127354265
loss	4.970945064253464	5.104074796038003	5.160330039804782
indian	5.016902469774907	5.0529479797625605	5.181334102088164
vine	5.167569755982318	4.787798040004072	5.033348678474573
certain	5.092167381109042	5.045229850263281	5.258295346863909
sin	4.91110212316134	5.143041198742333	5.126876290483973
necessity	5.055019931094786	5.099378163430492	5.3110414887253885
lose	4.99974051893469	5.066598048619805	5.088780662214078
private	5.137082223633642	5.07570508977625	5.339249019931593
gentleman	5.150592221918414	4.966778444206053	5.159507162084974
daughter	5.044112140008836	5.062427575764252	5.109922788102483
drive	4.856119170431925	5.100008784270186	4.995262992695882
strange	4.958921670964056	5.063441378686649	4.998145417376238
journey	5.143768625229549	4.942006834953736	5.094500927732899
uncle	5.0917747009196415	4.937866063975101	5.032730116913697
species	5.10347767013688	4.949428979719145	5.175077126840886
think	5.035247392504215	5.03756395654587	5.094829445114722
bed	4.984126477923857	4.850311105947242	4.841262321607896
wind	4.9420887542659	4.966659379044366	4.910537400488752
bless	5.093304864685921	4.97202330382159	5.03870755027517
destroy	4.937787134813794	5.108376293481385	5.157729377504983
author	5.260639937505103	5.003194080365883	5.347061857266056
sustain	5.103920347781257	5.070098345003298	5.307631457779397
black	4.975789725021525	4.875080654361047	4.889476396821192
event	5.122234524799722	5.107980979249982	5.3270284135067465
liberty	5.14083925247438	5.124568846115907	5.381623124763489
negro	4.9658392912467315	4.971770550596206	5.028839108802447
little	5.109109206047126	4.9025142282392435	5.032718681059161
fortune	5.100380285439596	5.079539871235747	5.204177735188164
touch	5.054554255811124	4.998065352568472	5.044802027397288
kill	4.790373720577875	5.096606963065962	4.928594199676214
feature	5.128445590728373	4.977200110933574	5.143852200706937
happiness	5.149099001617521	5.08902492574708	5.270403699222535
assume	5.1157819543615055	5.052214849788881	5.262619911697344
notion	5.107533457815504	4.9933086757771505	5.193542835545803
purchase	5.196300082784912	4.879298677485904	5.198713532053916
faithful	5.161782732139323	5.081664049292413	5.287826526718919
soldier	4.932921770392604	5.178945023175602	5.1414947624025205
father	4.99749748622148	5.078676028640488	5.098802820540896
narrow	5.037333464579536	4.914821804149033	5.056749413092306
great	5.163450814329472	5.019910871469012	5.290435611365911
tear	4.910842139098331	5.030222530774343	4.905870232079715
honorable	5.176741405114294	5.131307701262813	5.415259446180829
previous	5.138700277215806	4.989434940264149	5.255824735195757
good	5.11065808614793	5.000531934803617	5.153695604297384
domestic	5.1861241275037235	4.970017935225304	5.236226644563867
glory	5.206121505811919	5.022363835875942	5.236721643801825
lay	5.020132501312371	4.920103059044292	4.9984915029420085
occasion	5.100140752823956	5.0765394955204	5.25539781512102
guard	4.924601119207877	5.135920611737754	5.135497154987986
whole	5.111268071164856	4.972328806527442	5.200455649026351
mouth	4.973810376009002	4.900326787298127	4.883772239675449
receive	5.175438840048722	4.996296979958872	5.267814181318693
take	5.028353463538156	4.993562506405325	5.097469160655585
simple	5.207335953460015	4.918932566177534	5.1955249716300385
error	5.036865904349767	5.114561081832779	5.299852891741093
wisdom	5.155166652804842	5.098168809356821	5.322950149988271
rock	4.987624170487331	4.908491955880016	4.943610598321173
decide	5.108071983781374	5.094510494566637	5.355684466431021
exclaim	4.888112346248789	5.0821551464540615	4.924667799661426
assure	5.075894219308858	5.0806475595088765	5.1950540150079085
sign	5.07085943771769	5.008317116058968	5.1686282175726515
preserve	5.178318765079269	4.946270877532277	5.217204384951293
commerce	5.189945998589504	4.983020476940484	5.328874127894655
plant	5.156292124845963	4.803612219491267	5.038668544029177
walk	5.114195021267331	4.870094064555745	4.951012294367016
difference	5.134147931024018	4.964232959953309	5.249493353161646
hang	4.949754819729695	4.904616842345737	4.854811212932948
following	5.2817265117760765	4.8870839275772475	5.289433684272919
employ	5.175989403268824	4.940991210119894	5.252038464129588
