deal	5.053666049554395	5.020031679752128	5.1109022726820434
study	5.27138850286233	4.906616403525267	5.244273842198534
afford	5.185951946956417	4.941439819251306	5.2242141056957045
service	5.185941425070428	5.011529745610878	5.285381146274237
height	5.057439353714446	4.89052505047927	5.0453452709385695
prospect	5.158673532781289	4.9955033486668645	5.161429241298882
pleasant	5.227060876865291	4.8636680706749145	4.97164864769444
shade	5.1107213571875985	4.872962993401744	4.948637478443827
listen	5.002671980084452	5.084889824509474	5.005613455679528
mighty	4.9968481913414164	5.055433502982736	5.075706019387343
country	5.133872411731391	5.015801765940243	5.284788641245746
title	5.22293460376451	4.9630651433338	5.3414604344746905
choose	5.144224006052268	4.953379895903511	5.200529316423159
village	5.141290751496747	4.9188223199825165	5.071108610714176
acquire	5.224721775512133	4.965089182121661	5.30647671835923
rank	5.133746337844038	5.061453146960919	5.282754055698472
bow	5.032143654944537	4.98959441201271	4.972247441059334
doctor	4.99687174150749	5.000277575758027	4.987535905012467
talent	5.247004557341268	5.014886370445984	5.328847350865602
source	5.169197653764725	4.975983722990597	5.2539618545486
lead	5.054732446181614	5.036299275408869	5.1487232299625285
question	5.055666739062657	5.04383483483335	5.251006107977144
publish	5.235270764391814	4.937622469847561	5.3311720201012465
interest	5.161199222424617	5.028095149757973	5.2969902002585885
serve	5.052806171278159	4.983675609322618	5.0995127536510205
divine	5.1150826004178445	5.02632506376409	5.237038605131899
put	4.954582890127447	4.957394493721807	4.947601549828371
shadow	5.029804164209341	4.946691184657764	4.974663123079903
practical	5.187281228137762	4.974976012641713	5.334796446638876
surface	5.051979134918567	4.834834631303798	4.961609240419665
account	5.104453706476261	4.985517314477845	5.198343174095483
loss	4.956028417714031	5.089650312411208	5.121666034720661
indian	4.965171479949415	5.050876341055162	5.1116021265775675
vine	5.1325453764991495	4.8063871876235424	5.0079477443224265
certain	5.053526736838919	5.027177679189376	5.206241123944614
sin	4.855401858855968	5.1404444396703335	5.069373713947837
necessity	5.009365336069436	5.074746691176017	5.253875525851261
lose	4.987561004915967	5.067133574192872	5.049596832741568
private	5.11750333123229	5.050110545965923	5.287452896036677
gentleman	5.151970402934063	4.964715977168746	5.116423148168267
daughter	5.035513741291412	5.050980100265214	5.049688816599817
drive	4.84775908945233	5.115407578076657	4.96153722634884
strange	4.95617953122878	5.0651112753757825	4.9500926365976285
journey	5.1322222971031835	4.949226486710638	5.0335909993808565
uncle	5.113300297945155	4.948314094020876	4.991094853112122
species	5.064341443949229	4.947541142921502	5.1489510785040755
think	5.031874877123276	5.039537466478332	5.052217019365478
bed	4.971063222987675	4.866897240005378	4.794339551882555
wind	4.926895313246183	4.9898422222565415	4.878330302613494
bless	5.07198649492445	4.988747116336718	4.990749021582128
destroy	4.893742753593336	5.103352506595284	5.119081535563982
author	5.209250074918205	4.989376917943076	5.287727889073926
sustain	5.046597851040725	5.0513753101711725	5.256013414370114
black	4.942597075887396	4.904549231008677	4.85527294965108
event	5.080457917086182	5.082976518053489	5.25454762182876
liberty	5.077928930692996	5.114172806051367	5.31824319732389
negro	4.945680087667643	4.979930527344473	4.97732938036047
little	5.101655613173964	4.9141374413254635	4.99890077520024
fortune	5.099972785847548	5.070159576052089	5.1671618484430315
touch	5.030895685710971	4.996727605955625	4.997921119536763
kill	4.775569965259027	5.118025903903218	4.880133856872504
feature	5.088577879324307	4.9612150018333665	5.088575622537446
happiness	5.123191747646324	5.0684094122258685	5.215890118784776
assume	5.072846462882423	5.031438960824232	5.208174881187287
notion	5.08324257032094	4.999430045386112	5.156719491643433
purchase	5.179524628803855	4.87596325192342	5.156868614723298
faithful	5.12654242596831	5.062625604670441	5.218678294586848
soldier	4.9172277983338555	5.177873070690388	5.089701475661242
father	4.974158839568604	5.0709094793868745	5.032467971412967
narrow	4.999648114128712	4.919442220374621	5.008334410322794
great	5.117630265398446	5.014184544325028	5.24382244426424
tear	4.88565629498235	5.042557617557073	4.862224910941599
honorable	5.143581655404434	5.10433449238414	5.356680230774533
previous	5.093295436166669	4.9703203493591035	5.187151827260618
good	5.101683766873666	5.006458903062941	5.1218795826377725
domestic	5.159251371334404	4.958248931092912	5.20241297393666
glory	5.1519763097168045	5.036450971584153	5.188975692876727
lay	4.981016421049923	4.931930866768396	4.951517534423414
occasion	5.07069024441006	5.059827191812191	5.2024206934109225
guard	4.907878980735904	5.125178289383242	5.077560957217068
whole	5.066263381102644	4.969769075996649	5.152444267331534
mouth	4.952325828504167	4.925112454563561	4.8441423259759215
receive	5.144933812514822	4.983754888828774	5.217773617113739
take	5.0102540660222346	4.995292086185021	5.052328618726782
simple	5.162027638317948	4.909558347396272	5.148050648460737
error	4.9849084378536945	5.098227059374042	5.250908011568193
wisdom	5.09934869352302	5.085541379564633	5.269350128369373
rock	4.946391401592904	4.931552732303733	4.891272733615233
decide	5.0663413147211545	5.070240760037613	5.283659979207983
exclaim	4.895706958110773	5.091728846532891	4.877167713100555
assure	5.069425265291424	5.0722652709400045	5.144965574589615
sign	5.028959607716961	5.000275484282317	5.102571944251315
preserve	5.120438174976708	4.9453158800539	5.1756894809392096
commerce	5.150891908432147	4.97781565671467	5.2925601594397
plant	5.106537472396622	4.821716963018363	5.007591517941917
walk	5.112857007120012	4.8865111462237865	4.905760123602327
difference	5.092518256501598	4.962736110481331	5.211386585146754
hang	4.940806398963985	4.926013753337945	4.8215289268995445
following	5.231567223701125	4.878753132740044	5.220370297304849
employ	5.139408040482908	4.926812734606206	5.210428195996357
