deal	5.011892540864231	5.01142308289758	5.128217239280995
study	5.238526302699499	4.9129966025107565	5.2599952489932855
afford	5.146867698499171	4.9465103728242354	5.234048136040563
service	5.15572706179187	5.026623715626502	5.319031842683642
height	5.0634476096722185	4.871159584415717	5.075658599487133
prospect	5.148349985025633	4.992747910753155	5.197047633606349
pleasant	5.236747962608029	4.840443626630005	5.00326174727112
shade	5.130886448747288	4.847869578249684	4.987434616879119
listen	5.006109136992973	5.092675606843686	5.0815634353311365
mighty	5.000030263207845	5.040063985821082	5.121972967042505
country	5.087547806941888	5.013664600614377	5.291194334532426
title	5.182659569297389	4.959136623709829	5.369567912049885
choose	5.12306337975502	4.94707337141962	5.236632881705587
village	5.141473556092893	4.901466560455897	5.095743888398357
acquire	5.178480787523538	4.9769653460455325	5.3169978772901025
rank	5.109852404415529	5.063057980441695	5.308878393177734
bow	5.0501260741659015	4.981247513508221	5.038229896482761
doctor	4.972644473628366	5.00269667679659	5.028121789372738
talent	5.2111808121034695	5.025590503130189	5.345172057119919
source	5.137384364465492	4.973213403075768	5.277790657068406
lead	5.031111169035227	5.0407283308341855	5.1844878036582065
question	5.01365286992845	5.049487574875342	5.284424507738455
publish	5.1995128948098275	4.9287583506101065	5.350092064823527
interest	5.112028476710732	5.04877205975805	5.32059417438727
serve	5.028743826253457	4.970156895669186	5.122776451720934
divine	5.102121860158763	5.027544982475136	5.286879676219531
put	4.939006704785393	4.934548201407594	4.971689970942204
shadow	5.047414888151035	4.926423145433909	5.030622788743327
practical	5.135754022601572	4.976918814524617	5.336760207526118
surface	5.057994963899774	4.80516905441837	4.977133791824004
account	5.058543658473938	4.984044562687573	5.212514389841396
loss	4.911569916521811	5.1077421167149994	5.16038417612405
indian	4.956207517592274	5.035528926546192	5.147034754639716
vine	5.124809056629023	4.783376151553935	5.018652835093591
certain	5.011551872845756	5.03416090401205	5.228004345359761
sin	4.825722442451777	5.146224820958764	5.130452613872946
necessity	4.9656934813724565	5.092470976632951	5.280407740018995
lose	4.96520580728694	5.069235025114987	5.097525256372053
private	5.066145642278521	5.07118116277158	5.315155447437858
gentleman	5.120331814369107	4.969005397034306	5.143708757269763
daughter	5.019031841771978	5.066465199861118	5.122873124721258
drive	4.832683017074495	5.106488194639821	5.002451903294702
strange	4.946441523616153	5.0586094550481	5.004352423837831
journey	5.136950411477649	4.940094213668971	5.080894027249483
uncle	5.088305962733597	4.942613232749069	5.043139082934374
species	5.020885772517507	4.94230567480678	5.1483003897260105
think	5.002201113194792	5.040708301489651	5.099446871704872
bed	4.989614587267648	4.850452364503473	4.841375675587868
wind	4.949234996020617	4.960744061811252	4.924740516924694
bless	5.070096496590902	4.974784813796093	5.0588424217145525
destroy	4.854269707520893	5.104722309159913	5.145997675218293
author	5.172433634816893	4.98650533980815	5.311308242401066
sustain	5.014233812475656	5.064573123156731	5.283488375420003
black	4.952473327417904	4.864267826119473	4.8827401284238325
event	5.055067964212423	5.096215502807545	5.29687365325056
liberty	5.045707880950743	5.121095658988264	5.359468296634798
negro	4.9142418027771795	4.970752662662447	4.992316931673963
little	5.084964674149085	4.9039891623025	5.025013872541587
fortune	5.06072984188577	5.085719169780453	5.206124333610511
touch	5.029253032215591	4.9946011759370865	5.057366944733653
kill	4.75474016695566	5.102190702014913	4.931979558898076
feature	5.089304231265502	4.961282411836033	5.129795539250113
happiness	5.091758774555297	5.088999841674926	5.264923561092166
assume	5.050955939225436	5.040158876919053	5.239395599555407
notion	5.034993394358821	4.988041890523046	5.166250753373412
purchase	5.132350242520474	4.87983046637028	5.170218513896553
faithful	5.108198983223872	5.078005663250187	5.281679298534302
soldier	4.911212802711044	5.1793090740605106	5.14532663094228
father	4.9586812606327335	5.083307693670666	5.107535381447002
narrow	4.994681600449916	4.909901463895561	5.03357572943181
great	5.086286738012804	5.0122993255526325	5.262130033622545
tear	4.89741160112688	5.031888891688654	4.9350153488312705
honorable	5.099655875318951	5.124538977911313	5.395583594581478
previous	5.073187809166333	4.977320784625737	5.219411849164519
good	5.06408860294471	5.000202658814327	5.147434865895483
domestic	5.116379944623101	4.965286157685825	5.209041821722378
glory	5.160523165734169	5.011118990284406	5.234610530318861
lay	4.9894802590896745	4.920230504254563	4.996286054070415
occasion	5.04471183831476	5.071729435145886	5.232560262012425
guard	4.898237154791314	5.135703855173354	5.13699247481241
whole	5.047969963227874	4.961155950091824	5.168674624230285
mouth	4.975150342973612	4.8924498725070915	4.890728932829427
receive	5.110612475448175	4.992148173934117	5.248522999174011
take	4.986964167312034	4.989861699628801	5.088036836856186
simple	5.137354346980436	4.907692626554319	5.167317976717018
error	4.932889564143719	5.104019068482455	5.278179453025417
wisdom	5.074941694644364	5.0906353388922465	5.310848865418499
rock	4.974891097431966	4.901373615903002	4.94122034952195
decide	5.034965844954574	5.079568346509329	5.323770680015691
exclaim	4.896193313747567	5.089850367812879	4.951216260963021
assure	5.039218576113219	5.086522252427611	5.196813686387043
sign	5.019118393374517	4.991472070329049	5.150447829143664
preserve	5.098225161913727	4.937465914541228	5.193341632353277
commerce	5.106899466825732	4.9705028066574695	5.290360520959844
plant	5.096730213023634	4.799926656250477	5.017914074235449
walk	5.127556117851284	4.874310673871624	4.952453746551512
difference	5.042477034081945	4.9513309989801	5.214163138226792
hang	4.956406776801185	4.900095737089263	4.872133446786951
following	5.217133664081014	4.863817821409096	5.251132002892575
employ	5.0953204369706375	4.929150834431267	5.205791301327259
