deal	4.956681657479325	5.01116031437031	5.034161727599672
study	5.1501742414005625	4.91174422919962	5.151912635796472
afford	5.052336662004612	4.937914892642844	5.1223639961193195
service	5.0859829034625665	5.027598384929094	5.200742925754269
height	4.96378309477239	4.863435125367762	4.9592250674179805
prospect	5.038581176136632	4.989939306916995	5.070806538240821
pleasant	5.127058024408835	4.859506669616688	4.895559315905932
shade	5.014960786173204	4.857452667063268	4.878118385106612
listen	4.920302165382666	5.090248011670436	4.961882325591295
mighty	4.920904452384259	5.031239724200166	5.012465386565436
country	5.016609921847533	4.999919229490598	5.186698032137583
title	5.131967137710759	4.9645974549300425	5.26930403535883
choose	5.055555502917554	4.949245521287622	5.120037794130962
village	5.045982454640719	4.912334636138648	4.991982465054768
acquire	5.098936659356869	4.9596695911040145	5.21050037975233
rank	5.038711255095359	5.060720483598008	5.199378998157884
bow	4.970991303454095	4.987245531255452	4.926800142608812
doctor	4.904409185113701	5.013751133171593	4.924560316944619
talent	5.134956886407952	5.0171276825658175	5.2377604350703395
source	5.042340073507341	4.954777215244456	5.157929561734438
lead	4.9397379657235545	5.027598530164252	5.060026795381946
question	4.946960427119088	5.033084517468561	5.1713387218110425
publish	5.138815297318199	4.9365397334361605	5.247210228642862
interest	5.037100584934077	5.028166637357322	5.205382196568968
serve	4.957138186722291	4.972954992208103	5.0150213889403155
divine	5.0123519864939645	5.015078442177674	5.160705591752172
put	4.881438076359691	4.935371093017457	4.876840533479876
shadow	4.936901956914842	4.928424131849163	4.915136951127578
practical	5.0548282639105855	4.962870534250844	5.230314865484345
surface	4.953295824601975	4.789915986987446	4.881613203867244
account	4.985465708721898	4.979352842738843	5.105720740791205
loss	4.839735501877973	5.088561571122135	5.039471776332904
indian	4.881072314771654	5.024103823408071	5.043019658304452
vine	5.0210363098863	4.773026410679838	4.919720534582964
certain	4.927791276371147	5.012282730818014	5.115473890339772
sin	4.757973021966639	5.133360826759055	5.008396563515583
necessity	4.8810182530089525	5.063886198527841	5.160715167274444
lose	4.878464744236386	5.059604647679121	4.9737583508693195
private	5.0001911644942565	5.06428950480318	5.196200991434387
gentleman	5.060243479807787	4.9826253876802875	5.043451819743768
daughter	4.937189329862703	5.083426852865397	4.994968666960718
drive	4.750609039221752	5.099698946775073	4.888063855183562
strange	4.853179542146578	5.061689645672295	4.893561111080202
journey	5.0345317603774715	4.949244367837369	4.957744824260921
uncle	5.021839823543574	4.963260490517224	4.933544427571505
species	4.94666425893071	4.916773015389007	5.054348503222668
think	4.9269488665180345	5.039020898570232	4.986816140600959
bed	4.895038775404826	4.86532490174012	4.742454045150352
wind	4.8349779131428265	4.95907245306809	4.812502845753521
bless	4.994192294152753	4.985981263400302	4.942235082317758
destroy	4.774605979568129	5.086901674539162	5.030575962113636
author	5.098564896515476	4.986305098915626	5.203256817275739
sustain	4.9344352835893215	5.042038720116331	5.16432559834753
black	4.878677961282357	4.885538508935077	4.792552078335518
event	4.956437661412102	5.075935890173295	5.16830681503356
liberty	4.974380642408363	5.102895090390839	5.238461032535293
negro	4.849336174927147	4.979388357758198	4.904927881935222
little	5.0018790080417235	4.908938107668207	4.924403965581034
fortune	4.9870729005034695	5.081744705620501	5.084722137326467
touch	4.942025430530948	4.987362605728221	4.944638852552557
kill	4.701200002557446	5.096547676382665	4.832079732647991
feature	4.987883944346623	4.956248393955443	5.019265876979843
happiness	4.990499052730396	5.069134436733375	5.132365918743047
assume	4.9641691514116655	5.030805340486746	5.125360320295416
notion	4.969691396850387	4.984129272104673	5.077344552820837
purchase	5.081775054751477	4.880510571541588	5.073462964221182
faithful	5.0278344639382455	5.079445778008376	5.14985155122797
soldier	4.8388426314943445	5.177591863308391	5.024525034166359
father	4.889075825612293	5.087066468930641	4.986936412816787
narrow	4.8929575106893335	4.898385252370386	4.925112324507535
great	5.010776357600041	4.995949986018071	5.15024619633881
tear	4.816274332793948	5.030243500463444	4.824599377711252
honorable	5.037168905018602	5.118820885463858	5.2732806130676595
previous	4.974197069801936	4.9710309947067834	5.095033238992061
good	4.997265067507873	5.0022966518985745	5.040741259451604
domestic	5.028513405907457	4.9574345819171315	5.102050519174726
glory	5.078876915146124	5.01239988978843	5.116251760674967
lay	4.91135064352441	4.916698805972435	4.891798938139239
occasion	4.9568676892604655	5.059500364633109	5.1140366486381446
guard	4.809364368829928	5.133504569068795	5.007728035939491
whole	4.965841643452351	4.946837755076508	5.062659441345467
mouth	4.900457152284912	4.895310862897418	4.79792388714488
receive	5.036235193322106	4.985190734934093	5.130250274336734
take	4.915144589524869	4.986603917075873	4.9765706955766404
simple	5.04638892719546	4.903200432672842	5.064138937146372
error	4.857778713500267	5.084638493440309	5.160060583574182
wisdom	4.992397570778286	5.07504169103674	5.185037659447983
rock	4.874457681917845	4.898741988095416	4.835904506058258
decide	4.954578172683373	5.0646501887987085	5.202880341339369
exclaim	4.829445452945095	5.0938661274100925	4.8450859987195924
assure	4.963104694153854	5.073931785284217	5.07560796820121
sign	4.943187125744422	4.987678710752206	5.0383819217030785
preserve	5.010961510304825	4.926863174027899	5.081317870407077
commerce	5.035454202252317	4.946797074915953	5.191461240534125
plant	4.998466820973215	4.788848689771591	4.920707859917591
walk	5.029824413846913	4.892777311790305	4.8428714870533405
difference	4.97154431289126	4.937013647957869	5.115962454823531
hang	4.870734245162416	4.918274370189804	4.772638749727203
following	5.124792480173721	4.873754627548663	5.1345069187380235
employ	5.025548338125518	4.919170259012972	5.1104814386593995
