deal	5.066576327961237	4.9719674131469	5.094889779304952
study	5.29307528167352	4.872023289227608	5.250053161375186
afford	5.19918939211814	4.901035080891487	5.202281245228828
service	5.217835162265135	4.980403837478921	5.2860814195840895
height	5.12135604978358	4.847229253818983	5.0830195207487
prospect	5.195260753951441	4.959340800477192	5.170422231616961
pleasant	5.261948454907789	4.838087708818295	5.003793771662557
shade	5.1872745492238295	4.833942608366545	5.008703863881611
listen	5.0683267407595025	5.039683224992935	5.065490297259631
mighty	5.066095370052619	5.005367099108628	5.116511364686747
country	5.159599966342473	4.975021051918685	5.264572034264063
title	5.261613142719928	4.927884895689514	5.348501127248031
choose	5.174750955400375	4.929032236408792	5.216560103050621
village	5.171284502025188	4.896628731172619	5.076610802602988
acquire	5.2516436629199195	4.9265041736425506	5.294263383619572
rank	5.1932059866054034	5.014911765392608	5.294583693896542
bow	5.118037141807072	4.942201203056494	5.042150567421778
doctor	5.017745497511322	4.956700616186829	4.99692345284028
talent	5.285522205448707	4.969620478942119	5.3246739727308325
source	5.208872296857348	4.930514734298708	5.2527526292051645
lead	5.091378416255498	4.990226303834275	5.1542205914013275
question	5.083606285961456	4.9968455483145595	5.255750727926747
publish	5.24910737645006	4.91006077830645	5.3289999057596855
interest	5.181014562944224	4.989867377289969	5.28915883580656
serve	5.090437861534371	4.9320040565184975	5.102379300720612
divine	5.192365865258751	4.975801356652671	5.285316309161274
put	4.981997511511852	4.904008183878972	4.950680685836643
shadow	5.108901621597823	4.904425281637953	5.042897422998953
practical	5.20339431189258	4.927527341897609	5.320173809101689
surface	5.1120023541918975	4.78806259714685	4.995145292824917
account	5.111472497764875	4.942666352369057	5.174712904399904
loss	4.977409425805335	5.050290448285159	5.112758552155209
indian	5.024072878969515	5.003255933994907	5.115720408820499
vine	5.16486725856431	4.770341263984191	5.028724243717997
certain	5.079217055595715	4.983268943219557	5.2002321141038115
sin	4.92383326240479	5.0886946935044035	5.114658083342426
necessity	5.0393501936263645	5.024568417181634	5.246160809064022
lose	5.022615579521682	5.025962799946538	5.065345005978396
private	5.125223600811597	5.011596481190245	5.270173469870881
gentleman	5.1686508927938	4.928783681402693	5.1104364376831715
daughter	5.087727805300779	5.025974416325337	5.090492174312867
drive	4.893848900464455	5.06534877833013	4.971914391366112
strange	5.006567940413574	5.024911639395726	4.989563511938683
journey	5.158848818141555	4.92148048580446	5.04819892404805
uncle	5.120790212247062	4.920391632647369	5.001729778128347
species	5.0829789095782685	4.904203307117592	5.129787114917141
think	5.058840815590757	4.999163424361535	5.0696473941571085
bed	5.023464207931422	4.834169268935211	4.849195473417756
wind	5.001314019066326	4.944265210384464	4.933607216592075
bless	5.129719319593471	4.955447923546812	5.05267847270849
destroy	4.933394142876564	5.056164192067965	5.116024595837171
author	5.2395199514224	4.94777162492692	5.292330521266048
sustain	5.0928834546212665	5.004921088941671	5.264929912381453
black	5.016143913746868	4.856223319637593	4.893321471571386
event	5.114177419780753	5.046137499758549	5.265344464550935
liberty	5.124249324714958	5.072071000206547	5.336342802873513
negro	4.962686876845972	4.94344666924125	4.959627966426585
little	5.126256050919356	4.875582696537137	5.006038738480383
fortune	5.122824224909373	5.034579279294925	5.160791768210936
touch	5.097860991385975	4.949200925477592	5.05179731421037
kill	4.816009602489673	5.073613646253522	4.897847446723049
feature	5.172320436629001	4.915385431480566	5.139245737008553
happiness	5.163430026021862	5.029641611761473	5.238430012920989
assume	5.13379377231656	4.98323047638431	5.22632796492865
notion	5.098047308826047	4.950246511361684	5.14598696011557
purchase	5.177600280740802	4.851848959999608	5.125648198339026
faithful	5.1788383684370745	5.027593929144274	5.251669521190076
soldier	4.97552943617399	5.121629019264048	5.109655806189315
father	5.034715567511141	5.03623926259739	5.076790426002059
narrow	5.0500425123268355	4.874113290242804	5.026692518683516
great	5.154665642449958	4.965684337548379	5.236844881746471
tear	4.9706431173146575	4.9963641560204275	4.934815774993898
honorable	5.183458002046983	5.063329706019238	5.358478149501038
previous	5.120322204049581	4.938608446013016	5.19073746356249
good	5.12269037663313	4.9612472380059485	5.1146117294298925
domestic	5.179070787066121	4.91940247951693	5.1874831779417026
glory	5.23426214841506	4.987278024431058	5.236123006464451
lay	5.043358518114454	4.887897787239645	4.994499973571071
occasion	5.102694970482428	5.01332696938642	5.199922151756524
guard	4.955473401868713	5.079757238127165	5.098743637084796
whole	5.104617631985376	4.924191726158435	5.1557825219740945
mouth	5.031272998843281	4.872743066798809	4.895299352304006
receive	5.171806279750912	4.949672916652598	5.211223360205598
take	5.033951459026171	4.953613333055077	5.054029609700366
simple	5.20242608232582	4.867080590305245	5.166605461222998
error	5.014888263286223	5.047643467950422	5.252340398573586
wisdom	5.164396660034485	5.0310378888815	5.295038594117413
rock	5.027717268851135	4.88973489884426	4.95329359094694
decide	5.09840664710894	5.027888683793905	5.2941576871222145
exclaim	4.9576971644827745	5.039831132983994	4.927866121383344
assure	5.100975939764335	5.029031726270555	5.152812894520394
sign	5.0797925648565405	4.957509098375865	5.13471307521893
preserve	5.170630882361642	4.896441345046839	5.185341236050611
commerce	5.171597985005463	4.932726964810789	5.263430499036932
plant	5.147592282457349	4.784379788201975	5.029087020712289
walk	5.153716679240631	4.855367207567723	4.950189762874909
difference	5.111700218657745	4.915028999634955	5.196564384411024
hang	5.007311948280789	4.885716519681996	4.882933750556149
following	5.254759179678918	4.84829102787148	5.235925230113795
employ	5.150202007954455	4.8847654555271305	5.180936325308807
