deal	5.042102063911653	4.99407643301193	5.102678068164869
study	5.2378698973272275	4.909045002277352	5.23117095035111
afford	5.144531494006968	4.9421864804512	5.20354661135796
service	5.165849540552742	5.015803864073395	5.285571924142869
height	5.045086216185877	4.8477545232942365	5.009878681319492
prospect	5.152549282732326	4.974006542442849	5.149512606033962
pleasant	5.251876494635471	4.834221486164333	4.978032546391881
shade	5.131668830452044	4.82885630394479	4.935805271551669
listen	5.070192238561668	5.05199616766061	5.057110539344658
mighty	5.0138813707741345	5.0071788603498435	5.07123731851343
country	5.078450176573332	5.0107783709794305	5.250352156275532
title	5.18891835232087	4.976254963224037	5.341080911110149
choose	5.11430073019436	4.935990037188944	5.194299808247376
village	5.162573763657292	4.8982426115938855	5.0867536466039
acquire	5.155389111866811	4.97144345321313	5.271905383377382
rank	5.117092697722844	5.048330872729065	5.262361313236774
bow	5.07522743230133	4.944141350480022	4.988875603178826
doctor	5.020813796254815	4.967260620640884	5.005412133068322
talent	5.207343042777997	5.014105499426431	5.2970237220545044
source	5.123043987041147	4.96939335506031	5.228512655244718
lead	5.054977378118807	5.015058741556179	5.153809936448245
question	5.02525361638509	5.031944059056242	5.251261791716879
publish	5.1953493028289515	4.942883689092768	5.32032205932873
interest	5.110114790517637	5.034787462902739	5.275087571832019
serve	5.046738501976922	4.953063224290651	5.093893093908174
divine	5.102476823536424	5.005491635976258	5.232220419281609
put	4.954037956906054	4.909544111413168	4.945331133477238
shadow	5.059178527194704	4.895942150495501	4.978896456271918
practical	5.1106742525748965	4.972933576562414	5.293536625024218
surface	5.0254584293186415	4.781670931790328	4.918513483828366
account	5.076543172712802	4.978414962497389	5.191239299612968
loss	4.93973137150124	5.076144953154117	5.121984151171046
indian	4.980655239797028	5.0228457021924795	5.1349197798283
vine	5.0927932777577185	4.768100662983143	4.972624314581082
certain	5.008989247173741	5.017625135922447	5.191852305896439
sin	4.876179175396937	5.101251247921448	5.089244128599439
necessity	4.960819742009543	5.06992695936623	5.237505931547893
lose	4.9910915517368215	5.0391940051007325	5.058254309410784
private	5.085332269950058	5.05724062805028	5.281214355277961
gentleman	5.1670449015203115	4.949140221060307	5.127230997174753
daughter	5.0866609794674496	5.0361795298693	5.095341054184979
drive	4.877430802789384	5.067755800309548	4.974140654212357
strange	5.006999657440768	5.028363339251263	4.9850126660176235
journey	5.177727726338875	4.925557478717882	5.0732685584042825
uncle	5.143196939875026	4.918688607256034	5.029060503388283
species	4.99082709369526	4.937579653374885	5.105558516751828
think	5.048702555739249	5.010524172653462	5.072761920001973
bed	5.023466766228855	4.815797067073611	4.820738640191616
wind	4.955862261635277	4.927166000854121	4.878412438702401
bless	5.109817557004808	4.947847792286689	5.026477503012562
destroy	4.8619136342402784	5.075046194926862	5.099327467746686
author	5.189071220786468	4.990393363377027	5.282889812472907
sustain	4.99411990371449	5.035706120711064	5.217487483698384
black	4.974603810042174	4.841636743687772	4.844174477456891
event	5.068352084172526	5.074788801834832	5.259478815940349
liberty	5.040148756281767	5.1052886031670655	5.301927328387143
negro	4.961321972600068	4.948847598302164	4.994906647529724
little	5.109356596283229	4.8875576285160305	5.00394257952092
fortune	5.102133392930851	5.060460370665738	5.171048992184662
touch	5.05545637634941	4.963739380148252	5.01396322045936
kill	4.839374121439421	5.054602282977371	4.9360610976258235
feature	5.091670546346384	4.932375650849287	5.065549314465619
happiness	5.106079086865996	5.064801951649563	5.216891516877123
assume	5.04594769014925	5.01723561449424	5.1850572937697725
notion	5.0457654976842505	4.975774967937035	5.1365528613374325
purchase	5.139992121212102	4.88669628179635	5.157272040412242
faithful	5.146431609150169	5.053556522559458	5.24819647532977
soldier	4.970782652540418	5.138844768890434	5.120541964754886
father	5.031085765782157	5.042265888398277	5.0858982786013875
narrow	4.9938961076881485	4.884427391886619	4.990371884535519
great	5.081171809822478	4.9986813238462	5.216661426721546
tear	4.937066834688554	4.985884031422885	4.885783300431282
honorable	5.123072790774852	5.104266866855954	5.353611978265452
previous	5.066342276725305	4.96151493476199	5.18003577128187
good	5.09460877526492	4.98415071114394	5.123816882595122
domestic	5.10244790684722	4.9634499462906145	5.169519894192712
glory	5.15823593411798	4.996624226955718	5.170245432251042
lay	5.002019436745447	4.889175999972587	4.9582053421470516
occasion	5.059799594210983	5.048182892628986	5.197684353029495
guard	4.947975972096032	5.096920038303681	5.11209353161053
whole	5.034891841291752	4.945811721697172	5.123251171002253
mouth	4.999439679733311	4.85991001246244	4.853941948481505
receive	5.117770538118926	4.983326703818088	5.217377494667267
take	5.01045001849209	4.968814833890865	5.064420099465567
simple	5.130359090485739	4.900877397399283	5.127591068779677
error	4.9457066056301295	5.082888589591155	5.23485138380542
wisdom	5.083866142365074	5.066292786581348	5.259465771299743
rock	4.987581611868453	4.8668173214898065	4.89921230764385
decide	5.0364809752698285	5.058321078439187	5.282594343072444
exclaim	4.984072770719498	5.036293532786001	4.933282799160467
assure	5.088824955405447	5.054072663552219	5.173897306181075
sign	5.038144820832187	4.969715379742541	5.119515013095976
preserve	5.076730935072182	4.9246297417908975	5.139987072790295
commerce	5.068346480395523	4.973985183842523	5.241603661664115
plant	5.069360695595279	4.783768538736802	4.973000099963523
walk	5.164517170420555	4.850524671018208	4.935836699355156
difference	5.028178599651254	4.949251494586539	5.177579542412401
hang	4.987482851465114	4.866029031197532	4.835972523635554
following	5.206142562002974	4.877494776692962	5.223486591467463
employ	5.076423903403793	4.925130551860129	5.174674433848382
