deal	5.0341422533863085	5.043596127200168	5.16343772025252
study	5.29989102769353	4.92073951141753	5.313014252447433
afford	5.1884201604580005	4.9625318703857735	5.273262589136361
service	5.192532292842157	5.032921047100186	5.336522745994767
height	5.070303228003021	4.891157771081531	5.076109143052641
prospect	5.1562164849393	5.016576849102017	5.21741864460744
pleasant	5.23877606674356	4.847170958305945	5.0356534582215415
shade	5.120675904380464	4.866839040298546	4.998364300156739
listen	5.007174810266318	5.116527281747475	5.109840781593112
mighty	4.987603369076371	5.066928825760169	5.113804787292355
country	5.128742263196085	5.044837174749947	5.3186918231405995
title	5.24871603582689	4.999848312336274	5.41745824799678
choose	5.16438824412507	4.9614791671579725	5.25324037374694
village	5.1494719883018565	4.920650102251551	5.124911514743454
acquire	5.232365353470982	4.990352210617244	5.353676341915902
rank	5.1398587784120435	5.083268573863286	5.3235286476528385
bow	5.031005603251804	4.999821430518465	5.038732193041963
doctor	4.980327845008294	5.0170608973226605	5.06192236037445
talent	5.267701430438492	5.044731003948777	5.390878514606375
source	5.18295055522878	5.003278214401398	5.309341402884449
lead	5.056762941829605	5.064559160198996	5.205560328248051
question	5.077000850652095	5.083662815027567	5.333454860436851
publish	5.2789402102971	4.980021587345993	5.419106656924792
interest	5.161127965960989	5.070726823158068	5.356165218007924
serve	5.053573977337632	4.986235022042802	5.13609156149081
divine	5.144425499381572	5.050361749702547	5.305222894299915
put	4.947315519205578	4.954064358986398	4.9905658761428455
shadow	5.0390968164407886	4.958770316697628	5.0405832758010005
practical	5.2108791712949785	5.005617545289173	5.389673546804383
surface	5.064310647748769	4.826935690239274	4.9933009975279115
account	5.1100517761290085	5.020104125826134	5.265188673771582
loss	4.922730238578567	5.128361613693874	5.169125168753342
indian	4.977130010606777	5.074676131499247	5.170831992380037
vine	5.13651376227939	4.799416912217123	5.039443463455578
certain	5.056434443088839	5.05677149351227	5.2632373974149065
sin	4.840403460557949	5.17235523863726	5.127745017835188
necessity	5.012313502715022	5.11105107920121	5.305103219838202
lose	4.958128496499656	5.090115058581418	5.0977574864082795
private	5.110557117568416	5.086117686814119	5.3420135431656215
gentleman	5.154553247229861	4.980280617210456	5.195208083764737
daughter	5.010895007911247	5.084101057293249	5.129256719364376
drive	4.8089043160056155	5.132407583189084	4.996481413260319
strange	4.937318482835113	5.092181190442232	5.030900574511598
journey	5.13734578356475	4.966944661436503	5.111885924067298
uncle	5.084185835386374	4.970330272099544	5.073591240647346
species	5.0556424982032615	4.963196454395548	5.1793040690153065
think	5.017970585605269	5.066946125995611	5.12813113318488
bed	4.96238717758881	4.85484653419653	4.849949239878823
wind	4.914841049962473	4.9942986887068965	4.92526840034148
bless	5.052152757368961	4.989732486640758	5.052207390665395
destroy	4.8638286568375495	5.13342283355999	5.140845774845315
author	5.2479903616536205	5.029248236051869	5.378694514669214
sustain	5.051740455042463	5.091218168843307	5.2994143493413945
black	4.933050515764742	4.89981467950945	4.893030064360709
event	5.096431582826917	5.131091470853082	5.334369573105951
liberty	5.083944098014555	5.147128709272165	5.365806955093881
negro	4.92063976817952	4.9885785396537825	5.020440251369655
little	5.09542402418381	4.917792813429055	5.055396744702225
fortune	5.064440978070604	5.102814936279443	5.214187423696011
touch	5.036240487436313	5.018661296557176	5.08073155372991
kill	4.74518888025928	5.128893372541997	4.93417749630385
feature	5.1111886400415	4.992915316274432	5.167717264295818
happiness	5.11083427048042	5.098145743084377	5.2723630351874835
assume	5.093652407162311	5.066357200994778	5.277421383535098
notion	5.082762876704084	5.024294497467451	5.218351092275872
purchase	5.1609811068372675	4.888105180441322	5.197188951396304
faithful	5.133020818776448	5.103256486792892	5.297360456886049
soldier	4.902456481111887	5.194488055278434	5.137364919175705
father	4.955680269667275	5.102382519845716	5.114021492503671
narrow	4.998465796351068	4.9262382411856205	5.044896345130533
great	5.125816872926684	5.038840294133683	5.291074703319527
tear	4.86160589537683	5.056461518270474	4.925032266637519
honorable	5.146301194863365	5.152264152477913	5.421724938556424
previous	5.1203471568747085	5.001171985199448	5.261871366926362
good	5.088089107143331	5.019203913711729	5.174614785226939
domestic	5.151770192735533	4.975125129917562	5.239369793773791
glory	5.158165862661683	5.042546976401926	5.225621414114787
lay	4.982081468121567	4.9396022462752835	5.000542632406273
occasion	5.085997308015666	5.092741025245779	5.27526990428269
guard	4.893734925205209	5.159451886175792	5.135526154561846
whole	5.079633822329813	4.980554012795838	5.192058295853861
mouth	4.955955829693695	4.9238665523756495	4.907001433209402
receive	5.151738647922589	5.0108287428193865	5.284525901755801
take	5.00368428432456	5.0107235140672035	5.112112895150999
simple	5.188099346866814	4.922425138897377	5.2127061366359095
error	4.990429698609466	5.153299771326848	5.318719172217873
wisdom	5.112759092790077	5.118107607244757	5.3272595643400535
rock	4.949775199906672	4.936114095128295	4.939825053754246
decide	5.094640632741722	5.1146902272243535	5.3692952934720575
exclaim	4.868183955546912	5.11217515992097	4.963456887825504
assure	5.065296135287978	5.110879298524839	5.230864349283912
sign	5.046369219824678	5.019442736437756	5.1825425733063835
preserve	5.135423662039129	4.9589383904628725	5.213392507106507
commerce	5.146142754941302	5.0024493163304475	5.317745794114056
plant	5.112702310668106	4.812415844397803	5.034684870268764
walk	5.114591820465169	4.876518029933132	4.973002557006644
difference	5.098770560427832	4.976688885223308	5.255996198041337
hang	4.918118396634323	4.9280306021545	4.872196637940154
following	5.287177161887852	4.904150790694753	5.319381272019431
employ	5.142575742263497	4.9409210305773685	5.241951489079929
