deal	5.0690321401206315	5.025721268898795	5.1421964059717125
study	5.307410377850324	4.936714148444294	5.285068562679795
afford	5.197304205621706	4.970674912125436	5.250232873345146
service	5.204035611154786	5.030250639740081	5.3220139394677775
height	5.064571282123821	4.897401354986274	5.057262831183132
prospect	5.1670320151959	5.008673459740491	5.193763145077525
pleasant	5.234513252500037	4.864015312073902	4.997608707003204
shade	5.120358171005992	4.870660994927884	4.967345618902502
listen	5.038334959046216	5.086979302850162	5.07136073102079
mighty	5.013787072438539	5.049130900447325	5.104799476200585
country	5.149085071020867	5.031731565233161	5.304244592537576
title	5.267496306929792	4.990351685255103	5.3887572705333175
choose	5.169749804788619	4.966985853470771	5.239108157116008
village	5.150571534873703	4.928388215972472	5.096451213136457
acquire	5.24226281437387	4.998027568601266	5.335020102670814
rank	5.151250545375175	5.078984767797675	5.308239693122714
bow	5.048621248515119	4.981759125742554	5.010172924843996
doctor	5.020930307346878	5.006291948124375	5.036940370836311
talent	5.2729571568773315	5.044253976527227	5.361760019658492
source	5.198714050411015	4.995587388083911	5.286638614185752
lead	5.0709616804842765	5.052618145674511	5.182838666092232
question	5.102025163125982	5.064194129274186	5.308744955558306
publish	5.2914923434349035	4.961013678226882	5.380004137240113
interest	5.182443469639756	5.055146145008802	5.3354354771302654
serve	5.070436287216371	4.985765892521752	5.1263515465138765
divine	5.163346555715	5.036329763612108	5.285965502305822
put	4.967076004854472	4.950032484368195	4.977360532855191
shadow	5.052723934985789	4.945059718383693	5.014232406814301
practical	5.21946012177768	5.004325254317227	5.367649321730269
surface	5.058443593809948	4.8338341475629045	4.9736580783574365
account	5.130772998323179	5.00698557703472	5.23708010428682
loss	4.95993711055804	5.105109862713246	5.161317553541883
indian	4.98982477456922	5.055333517710566	5.1490824398579855
vine	5.13153623531128	4.813536298708329	5.022405127318543
certain	5.077082048125305	5.051198743342292	5.2445714178819305
sin	4.891195394375199	5.138996513905934	5.127404398709248
necessity	5.0349123793873085	5.098440485307597	5.297894195981029
lose	4.994368004685469	5.073968850221537	5.088041746361451
private	5.133865976923677	5.0725578555588795	5.325395002500037
gentleman	5.167802420261835	4.981664416704914	5.155029479203707
daughter	5.054568257259087	5.063644890434468	5.106802900295248
drive	4.842338903383413	5.109276694838925	4.989029846046848
strange	4.977537858981032	5.069104274682367	5.001324317561519
journey	5.144783049087078	4.957499160810595	5.0767751852954115
uncle	5.124576154460456	4.950228919178837	5.0419444505808055
species	5.067194272159746	4.964040422453815	5.163415126485917
think	5.057740716327573	5.047151588021161	5.106626093951513
bed	4.978498227661246	4.860895325780701	4.8318549038046354
wind	4.927072501557806	4.976924814035781	4.905595894686039
bless	5.091577579367213	4.973976074233356	5.039021689879721
destroy	4.8985806202785245	5.113937180911597	5.143232499976294
author	5.260834513997007	5.014648930161462	5.336726031661763
sustain	5.065936787921392	5.072014927025821	5.28735293744599
black	4.949293839842679	4.89140104775735	4.867118527434195
event	5.119156084238825	5.105751913134327	5.309744842671207
liberty	5.112292763225893	5.123405127309609	5.360254520332342
negro	4.945042012321554	4.9906047745840985	5.004216882386392
little	5.112119170331861	4.92503046186851	5.029078070666739
fortune	5.0984528342331545	5.089487956906565	5.201008163765106
touch	5.058249784928683	4.999593574694966	5.045618454216679
kill	4.7849886610166585	5.105006242722485	4.930007029028879
feature	5.119064154140661	4.978171774945838	5.12477138018715
happiness	5.146255826769098	5.086967908499983	5.265839443528712
assume	5.102386980620335	5.055196634260118	5.247587762147683
notion	5.115694173760874	5.015411698706668	5.198078900930003
purchase	5.17776755602591	4.897375387518897	5.183515941589022
faithful	5.157277996476839	5.07795994230696	5.272712851038691
soldier	4.925351416511216	5.170466178376126	5.126176761779761
father	5.001660743432024	5.074336398640223	5.094117757036376
narrow	5.002076670481928	4.930671916424255	5.026296171190731
great	5.140814215533334	5.030340736214711	5.270410539447672
tear	4.904515522762603	5.022558407250797	4.908248604204936
honorable	5.168555050866383	5.128305740910863	5.402969064639664
previous	5.1258556524313885	4.9964739509640195	5.234071883448325
good	5.114377686364886	5.013173234191311	5.155455440364008
domestic	5.17028720543119	4.980686948257351	5.224400124683692
glory	5.176875062274985	5.025836828433828	5.214234330823143
lay	4.9948897176920575	4.9317029792984615	4.98203615178815
occasion	5.098281052200445	5.078585826828812	5.247005374221997
guard	4.9178794710468345	5.130570491917212	5.121745963813749
whole	5.087795955719673	4.982561313981684	5.1759246727053885
mouth	4.964743235622555	4.907981689366679	4.871588914532848
receive	5.166579367380099	5.001976306913292	5.25618514252982
take	5.027645966210954	5.001431361125474	5.091860723072107
simple	5.192288811154035	4.931950741881468	5.1813818018933055
error	5.025503205175325	5.119833534333676	5.301078896272798
wisdom	5.133928687852289	5.100369407366967	5.311806212991128
rock	4.953756344503291	4.921097570731703	4.918117958761117
decide	5.108951153545782	5.094847822070051	5.343935346933508
exclaim	4.914496614894713	5.0794197188845285	4.933548915403671
assure	5.096967951092449	5.0854773132830005	5.202089618270197
sign	5.066938567182208	5.004282812359145	5.152340818662212
preserve	5.144315785562078	4.955923012125433	5.197015086306978
commerce	5.158397160216311	4.991067724593741	5.305962430564146
plant	5.107610294252509	4.8304581247609395	5.01832981975148
walk	5.120473483022804	4.889869334061679	4.942147551095671
difference	5.117669534077603	4.979537012346752	5.239491308821089
hang	4.942840912405253	4.916984700619675	4.851803938662224
following	5.281965897997063	4.896339640897588	5.270797947199987
employ	5.146776209371242	4.95364877166605	5.226110934065086
