deal	5.011878596049866	4.987217019201291	5.0933951161595585
study	5.237431033173977	4.883395730027268	5.234512105601771
afford	5.140280917723126	4.91784430095599	5.1995621295208
service	5.155079619913763	4.992183019250056	5.273182011242739
height	5.042576173804474	4.845617599274773	5.029301751284047
prospect	5.115436008546213	4.956810798988953	5.143437486014478
pleasant	5.196381395187719	4.805691593402697	4.961154661978748
shade	5.091404085526173	4.80985014017929	4.929453262488698
listen	4.99701777097823	5.029156223414561	5.021047108629019
mighty	4.973200519947785	5.008321777310658	5.064603044885178
country	5.072530317796106	4.999330348894125	5.245355267717816
title	5.180448781796537	4.953805992036823	5.321123359348666
choose	5.111205342465166	4.930154267494001	5.187945442592559
village	5.11341711912529	4.884235948003366	5.065069969955398
acquire	5.172328133023109	4.952323222173846	5.277343625240239
rank	5.100862478994592	5.0360847084003	5.25253569436232
bow	5.03390761826384	4.9281320654327425	4.97195941099133
doctor	4.988245585632984	4.956513592416736	4.999590479142013
talent	5.203402822178435	4.998156859160971	5.302453398490536
source	5.120110103005989	4.946288412890345	5.227566981365262
lead	5.019429874722983	5.000569445051097	5.127126003699009
question	5.0217559564882155	5.019514610044525	5.237440323485177
publish	5.198211900804195	4.9263423871386935	5.32517413266185
interest	5.106195649821701	5.015008151462931	5.27303762369269
serve	5.024627748097976	4.942448388608656	5.078491909427423
divine	5.093933015731634	4.985996979002981	5.224823792520728
put	4.941717147827709	4.902888530154017	4.9393271938788645
shadow	5.013665307420226	4.886792859064241	4.967240795140501
practical	5.137632653298016	4.958765056706448	5.304247325807678
surface	5.030820679780734	4.775238193788676	4.93924888358079
account	5.060893671348373	4.962996383285116	5.184541814639897
loss	4.916485735649334	5.06557923033073	5.117094907635072
indian	4.940300565257426	5.015495589333798	5.094751036603947
vine	5.100287035564594	4.76111052635391	4.9894125488370005
certain	5.009380163245564	5.003234099483691	5.182756883373012
sin	4.840328315712754	5.098026466289726	5.072138725162872
necessity	4.971347213068731	5.0524072450380935	5.229608203709884
lose	4.949761650965483	5.0267671898323085	5.04008925307397
private	5.07074569690148	5.0348138290650875	5.267679095191294
gentleman	5.128093608041366	4.933799503537219	5.111385611977895
daughter	5.015745341463024	5.021143396983654	5.060436171862185
drive	4.819480032951924	5.064920159356124	4.946157759948513
strange	4.929315865501215	5.0146259408534455	4.950436420814262
journey	5.110069487701729	4.9041770380276954	5.043545927403183
uncle	5.081528313739507	4.909317326524845	5.00437289491389
species	5.013419675327353	4.922728829711715	5.1209393659929585
think	4.998705248163236	5.000892383066495	5.050446670984835
bed	4.976174087708649	4.803241424967512	4.809212181254262
wind	4.912666488089158	4.919168057910367	4.8696885238975804
bless	5.052901326439106	4.9348389262540895	5.003954666664873
destroy	4.847763138048176	5.077339534577809	5.089377477398599
author	5.167699334038426	4.968765875979073	5.271545550980062
sustain	5.0081419837387475	5.028840975775877	5.229020881313346
black	4.938215636850545	4.842333605654406	4.8379986795335395
event	5.037772065505845	5.060547542780267	5.245340570042997
liberty	5.03036426387622	5.091604092861082	5.286328762413387
negro	4.928744087056867	4.947987566692967	4.976568429858552
little	5.072706862758975	4.872074448423305	4.98794555812551
fortune	5.049416408479233	5.047713465891745	5.151596767635024
touch	5.016513555432257	4.941903863336557	4.995224698047439
kill	4.760599340658408	5.070976213962415	4.892598429233694
feature	5.069294164316169	4.917787780432228	5.068821220663413
happiness	5.074480571822973	5.040197314370603	5.198471824881248
assume	5.041899785656696	5.000490974294205	5.181440848843154
notion	5.034050828899493	4.9718059441427265	5.128823160953194
purchase	5.134010155158323	4.862887382430969	5.149450091780442
faithful	5.100661488219139	5.032979885671014	5.214176963813764
soldier	4.904671303173085	5.131990614388219	5.083105824686137
father	4.960365090500132	5.032358047159199	5.046920485419925
narrow	4.977516371804528	4.873049165196334	4.985736436085328
great	5.075027593103115	4.987948904387352	5.217155279092134
tear	4.881208433201459	4.976249375065373	4.872618174229512
honorable	5.1008376760012775	5.088260510258195	5.332381713676812
previous	5.064022315809273	4.94439605261516	5.180435237253168
good	5.061338375497702	4.971308039344302	5.1043451729587135
domestic	5.1029035303257535	4.937864712644531	5.165484692026334
glory	5.116602625249004	4.987689666775556	5.1657976955176
lay	4.970880102614657	4.879514012970658	4.944832046146779
occasion	5.039885220303367	5.028392178286871	5.187551843614951
guard	4.896056998998597	5.08338700819425	5.071246896061659
whole	5.035593472277357	4.93704565972911	5.130329490720889
mouth	4.959143581503298	4.852017163156631	4.84571721591537
receive	5.110850837195152	4.956545932888924	5.20622881534159
take	4.985144020213747	4.9528567709733515	5.044340363388682
simple	5.130750538135168	4.876604463613591	5.126052296570007
error	4.939958630169921	5.0762909592199	5.22935428752546
wisdom	5.065159649466995	5.0532738335689915	5.246273667151964
rock	4.943597636858261	4.867682552110194	4.890584137413814
decide	5.032921434258789	5.046968913506312	5.2683942660453
exclaim	4.900003906402338	5.027722357001531	4.899263748352375
assure	5.037174193345203	5.036330543021485	5.14020909618335
sign	5.0186188434993255	4.9536738903654856	5.104996563435704
preserve	5.082819558924674	4.909269514092956	5.141808404119087
commerce	5.08808186692817	4.956762883609736	5.248513147891136
plant	5.076012011874978	4.77819602830246	4.984237395653035
walk	5.105851889415883	4.827326804626083	4.912148083988784
difference	5.042653479862396	4.939466387442113	5.181701435725393
hang	4.935559325441007	4.861309842174082	4.820444453212557
following	5.206332302700368	4.84684447949775	5.219139966107892
employ	5.100437505207762	4.907747971585502	5.186951288473103
