deal	5.0126292079887635	5.005210956304022	5.085599980290209
study	5.226747672650448	4.9080329349894996	5.215649566006591
afford	5.141207569152672	4.9473272683927405	5.193544454292307
service	5.15139147841006	5.022419364046491	5.266490682868776
height	5.0340612723872065	4.867759884595083	5.010893930108952
prospect	5.1105958362690815	4.991934119360807	5.136575324174736
pleasant	5.192770212450636	4.837233080711679	4.9428758896416305
shade	5.079775362653178	4.847357625929763	4.915134474129766
listen	4.965421595639218	5.081542700257205	5.006760063717447
mighty	4.960723747029514	5.041053089961205	5.054173875804796
country	5.0874033320606395	5.019094752841816	5.24873830466745
title	5.180618872319071	4.974329065899664	5.325528795599721
choose	5.111428059973702	4.956153983163871	5.183252228255212
village	5.1183399403238	4.907895694785251	5.052882595541321
acquire	5.172254018484327	4.9700194367187045	5.2674144586437865
rank	5.083439796290395	5.0640180008614015	5.244598857386317
bow	5.003131370391226	4.968246741943413	4.9514163212731095
doctor	4.97692881512406	4.979463767792666	4.978924570612284
talent	5.187700445957315	5.018671691427818	5.289182038076462
source	5.125015245782413	4.977667842253056	5.228214233535767
lead	5.008046817183223	5.03863354158581	5.1240342944076795
question	5.018078817030391	5.0455932049694034	5.239628036813206
publish	5.202920238126311	4.944738701270964	5.3173419622187446
interest	5.108135645305066	5.043407386305575	5.275126953992147
serve	5.025658745922664	4.968457844916133	5.06938234222106
divine	5.078010315244913	5.033859790610946	5.225320156123957
put	4.940667553126479	4.9210807445636755	4.922678460427683
shadow	4.993737830878991	4.927425984114637	4.9549144487091095
practical	5.138752167955905	4.977613608381953	5.298316065061887
surface	5.031830479552307	4.796970515302041	4.9216046300774865
account	5.0716642007936485	4.983361136460072	5.181465921363696
loss	4.925897613290179	5.09280066094454	5.1178860551788965
indian	4.949926392911154	5.032745755377578	5.0946506957298645
vine	5.109833789355313	4.775784962272458	4.969830722488439
certain	5.0106984129400605	5.02970311375151	5.1824425853764815
sin	4.829562333269058	5.145167841950876	5.078874378706541
necessity	4.972315343202319	5.083065963202393	5.2330075794913835
lose	4.945821602065439	5.061310352186875	5.036419746470565
private	5.068301816175038	5.0688601553224295	5.270711810990868
gentleman	5.113586569964979	4.954437929435605	5.0934119668059905
daughter	4.999816587621878	5.062138920877807	5.055789880912993
drive	4.816652362791288	5.096938894994313	4.941146396465954
strange	4.913359844565093	5.053683328452163	4.941008344041585
journey	5.10693171396706	4.936940746184348	5.026001849837742
uncle	5.0802371819066385	4.928886920502377	4.989489838952876
species	5.038074897209226	4.936366396416134	5.119945588927634
think	4.9884260695244365	5.030497494459091	5.041392443750619
bed	4.9702754142889605	4.838021785595957	4.788761988660311
wind	4.908790403133242	4.950857848204054	4.856470134069872
bless	5.048812563072739	4.973706352682763	4.995331094043183
destroy	4.861258982657555	5.105514094057507	5.099168974729136
author	5.161884053113397	4.994512084175884	5.267689448240513
sustain	5.006131712208611	5.063305026194027	5.230449403410789
black	4.932560864671523	4.85906738543451	4.821338564365856
event	5.035311170292216	5.094073956025745	5.243008452499579
liberty	5.030496006432075	5.124015788987151	5.2958047496942875
negro	4.9308215606035946	4.960273661949213	4.964229733101242
little	5.067343794792528	4.895997748481484	4.972836219889324
fortune	5.0429655281051415	5.07801799617741	5.147901740738551
touch	4.99441155586114	4.981617500428345	4.98113482205045
kill	4.767615528096763	5.082762426675433	4.881719630803413
feature	5.04242622315154	4.954641308717288	5.054804885253965
happiness	5.0687737971310245	5.081350938706482	5.2029958443843
assume	5.029789030927667	5.03434003040931	5.178976071086713
notion	5.031377605147761	4.982299640045508	5.122386929801013
purchase	5.156930745595054	4.878772738668034	5.145091532395884
faithful	5.080697504285315	5.0810864241233435	5.213381775821887
soldier	4.880982629519249	5.164502682800465	5.067285220559378
father	4.949067880653616	5.075380970090405	5.0435862108936975
narrow	4.967119472768356	4.9064987052952596	4.974873118104163
great	5.077774843625125	5.011891459040916	5.212241652211925
tear	4.870141078554142	5.01782655631393	4.859539894516234
honorable	5.087397904907747	5.124182156950181	5.338347480457818
previous	5.069097928731746	4.97417641680845	5.175035494701833
good	5.061543682039758	4.992766069367333	5.096154722851995
domestic	5.118666807850393	4.961728224491953	5.168124451173416
glory	5.10667540257946	5.022066164310936	5.156655880700537
lay	4.9652832505213444	4.914717166511682	4.933295535895046
occasion	5.035618071999491	5.061305721307077	5.183056602150563
guard	4.87354222916932	5.127213440936417	5.064856839849656
whole	5.036647535586153	4.961249690673226	5.121424377605835
mouth	4.9451990223974684	4.871756146811689	4.819795416676263
receive	5.116267734791038	4.988662847566841	5.2028187738038705
take	4.984939414317046	4.980853359302776	5.035856543834309
simple	5.120604814551098	4.9085583699599376	5.117604498418021
error	4.9378619989544354	5.107413052187942	5.2357082481109645
wisdom	5.049191534579299	5.092153079623124	5.245517692381531
rock	4.934783122782329	4.8981562429238	4.874664806955317
decide	5.019225494741332	5.078263209264006	5.2697750047416285
exclaim	4.868382929873057	5.065222325117307	4.875174840200424
assure	5.024307509274079	5.072711123021167	5.134867946934851
sign	5.003928458589323	4.988819458192704	5.091757769574612
preserve	5.088058372295315	4.93785251231731	5.136629853163658
commerce	5.113943901817091	4.967839900962462	5.2481162209028325
plant	5.085192977059792	4.795993778720831	4.969712294889789
walk	5.085477781686256	4.863161932518934	4.886870728095474
difference	5.058022560319937	4.947627708051611	5.179433548157554
hang	4.916642460418872	4.894051419724489	4.800933056334352
following	5.2100995203561515	4.875083741623426	5.209420741663732
employ	5.107523689880006	4.924913262288642	5.174499223996655
