deal	5.026157120925137	5.015626259970368	5.115262846359451
study	5.2716520763168955	4.90471908938635	5.251753268741952
afford	5.167964653074151	4.945530975353653	5.220399831964624
service	5.170294946487323	5.017536073651712	5.293574921580224
height	5.059569158104652	4.886745442003379	5.0593905196100115
prospect	5.14132359035037	4.999822288799837	5.173766246909806
pleasant	5.2166983096375485	4.845516164125726	4.984292294164631
shade	5.1159189305483785	4.852791799806637	4.962692028413375
listen	5.013317243391644	5.080355004607591	5.052839530310658
mighty	4.9902562219735875	5.048891366000456	5.095970681166339
country	5.106374106385768	5.022043471905557	5.276108858571857
title	5.209066999731341	4.965193432958803	5.3432983236625144
choose	5.129772533129669	4.944534729018671	5.211492310453791
village	5.126624405905459	4.916786175643971	5.088562055681379
acquire	5.209528006853653	4.973783790323375	5.305794053131925
rank	5.12704510371387	5.07286344252074	5.295310913001254
bow	5.038785601122741	4.97937222668639	5.006486193241013
doctor	4.990221875195364	4.990071710539572	5.015789420268783
talent	5.238093124245473	5.0283502040686505	5.336537612217595
source	5.161898965195614	4.972864274106134	5.254376774412556
lead	5.044122327127125	5.038815762303803	5.161791440114666
question	5.045445196935195	5.040229600837077	5.265093773659436
publish	5.222286689938287	4.940260109911732	5.334412291022659
interest	5.141953563910506	5.041571580580021	5.303067008091935
serve	5.0401429315222925	4.966521198234585	5.100113378783369
divine	5.13377037374265	5.012577086657664	5.25408811736169
put	4.934117160840546	4.930520756555158	4.9559323669373985
shadow	5.0362982897911	4.930476405065528	5.002607794876727
practical	5.173883622106755	4.97711091893407	5.329346293162778
surface	5.0455436587460625	4.814001050835894	4.967288451109744
account	5.08318341904977	4.987526630877051	5.20155428217421
loss	4.93169693044671	5.0986850644100015	5.13631990663712
indian	4.952763871532012	5.045859993971732	5.131246483242169
vine	5.113090890671566	4.7861877935859845	5.006968131983293
certain	5.040801016365868	5.027213307472934	5.214139674297077
sin	4.859825513571959	5.125725133577746	5.0959588981274155
necessity	4.997802033017663	5.077919028326209	5.261541325735787
lose	4.970600070874263	5.0640228673170435	5.067225226451271
private	5.092145364611879	5.060753908329134	5.292950589017463
gentleman	5.130241659223692	4.969528700973779	5.135167855955254
daughter	5.0308074087652415	5.053864512401423	5.08320312690952
drive	4.823117014619348	5.111991995799552	4.981310992547771
strange	4.95395459136201	5.057288204179434	4.983251699532522
journey	5.118421821428808	4.948444683424773	5.061764268872841
uncle	5.081516923804524	4.9394250823516215	5.018253668466871
species	5.037347343759282	4.94186440264379	5.141403167782609
think	5.018931335100895	5.0305475134552875	5.07488818133203
bed	4.974538700557026	4.837555317568644	4.82586520616747
wind	4.91645735724445	4.970330511196601	4.9021718970541235
bless	5.062958554952442	4.961469558347246	5.013442998944048
destroy	4.87038458608206	5.1022583186955695	5.120463875392362
author	5.208193725434896	4.9913727303087425	5.295535694909935
sustain	5.0376395655154536	5.060870441683689	5.262750329663774
black	4.937772509830625	4.886946872952827	4.874629141157807
event	5.07710399424919	5.096157067278566	5.279075501532441
liberty	5.065244729117874	5.116354657816725	5.324906378037438
negro	4.922756195344924	4.979889424580776	4.997380617858483
little	5.088567162910108	4.904178356219746	5.010495233738281
fortune	5.069294638383123	5.083125923006102	5.178161709082591
touch	5.039979456413091	4.983300468604028	5.02671125927001
kill	4.754528567742474	5.097662874571366	4.915801471906271
feature	5.105705932742302	4.964588161725826	5.114955566986034
happiness	5.115060018915286	5.068244075158371	5.22966456440389
assume	5.07385102578502	5.039720025623006	5.225777452099489
notion	5.061666423144886	4.992994699504834	5.1615013712139515
purchase	5.138088255664246	4.871122538703228	5.149585780965921
faithful	5.127815397703734	5.06660962437757	5.243552797460943
soldier	4.9018445109633975	5.182366319929174	5.119354643337886
father	4.973173832385096	5.0638696209499425	5.067303543001483
narrow	4.993113193031197	4.9136170922354445	5.0191910859918405
great	5.106432379493118	5.017503777383848	5.246300517837744
tear	4.890980155786725	5.016250668602353	4.893660274784266
honorable	5.1233548991233775	5.121405739026224	5.3687834366389415
previous	5.090004844935328	4.9742958001791875	5.205152701778528
good	5.0777694350302705	4.9956822432365335	5.1246825750778555
domestic	5.139970767740277	4.955480351437011	5.191236356213905
glory	5.149186038743935	5.024001736966391	5.1995290191286045
lay	4.979491421794184	4.913269360892759	4.967820453420938
occasion	5.06248271914672	5.065183835826454	5.218899008868979
guard	4.893317338916412	5.1303509898753	5.104647053179926
whole	5.059067532436787	4.965183239335538	5.156986185441107
mouth	4.947468874105677	4.903943207104355	4.877185647086568
receive	5.1308883928739135	4.983759911792499	5.22447113457896
take	4.993772999769739	4.983180128935314	5.065642880771447
simple	5.167652422204115	4.899942482322444	5.1528365117292525
error	4.974794568806878	5.1018062914772155	5.258764977791103
wisdom	5.101778264303728	5.084942120767468	5.283207416269264
rock	4.94278925038448	4.914512827992387	4.919433139395353
decide	5.056115466804191	5.075529431291329	5.30467065905837
exclaim	4.893225180629119	5.081437569705291	4.926063401376144
assure	5.053604403174437	5.076259290200921	5.170541809880629
sign	5.0328522077874815	4.985696463866672	5.128811651368579
preserve	5.115729736451605	4.933381663937891	5.169152185268852
commerce	5.10939133036462	4.976691938885699	5.274243669002659
plant	5.094351273564118	4.800457416472996	5.005386383885772
walk	5.109373203584042	4.872976659927082	4.936458983220178
difference	5.07346698219369	4.954245250074715	5.205507467896143
hang	4.9334665855518045	4.905525892695543	4.849489087874321
following	5.232362558026868	4.869988416113608	5.231457904768637
employ	5.118853432552354	4.929059366641314	5.2051012173875995
