deal	5.022476596777337	5.013668969949224	5.0959189891806655
study	5.241990788111134	4.9126325817487295	5.239392068313761
afford	5.15090683026005	4.950932763937976	5.211841637142218
service	5.1384983572866405	5.017255544896935	5.262377082362546
height	5.067338919526309	4.881802723812265	5.057362746024989
prospect	5.127333567079162	5.000796079515265	5.159478983523206
pleasant	5.2225531411040365	4.859199662724195	4.978129865481805
shade	5.122771694281356	4.86256874580873	4.964440296033568
listen	4.993946793590268	5.089121410382284	5.027375735436792
mighty	4.991276813055813	5.043138382714692	5.088948629890389
country	5.096757017903977	5.012658740380319	5.264955453012535
title	5.194692443283612	4.97226778484702	5.334188979622096
choose	5.122947179953194	4.956637590594225	5.200401240007574
village	5.133207615229831	4.920092960192965	5.076990420113431
acquire	5.181554323826944	4.9713699099172795	5.28983436033611
rank	5.102338488083841	5.058988897685574	5.268033692038352
bow	5.031065659108148	4.984147575367295	4.9849194130924355
doctor	4.970530917775113	5.0004134950143495	4.9840157346947125
talent	5.206383748870413	5.0184928888446	5.309720425468528
source	5.146294768778189	4.97365917545585	5.250083862228673
lead	5.027549050723328	5.040495177481634	5.149384798628758
question	5.032100862019181	5.047042131589178	5.253555842670604
publish	5.211043744461471	4.941208150315022	5.320733620998184
interest	5.119121292657957	5.037428357145989	5.282787854694912
serve	5.030385556447025	4.9723687101764416	5.087419681794003
divine	5.104931175137684	5.020215853306187	5.24844131285102
put	4.943219510580366	4.943026084466259	4.942409073407945
shadow	5.040106748886449	4.940836310929535	5.004119118127075
practical	5.1525171606839955	4.974182762657866	5.320664617512709
surface	5.068815467689106	4.816164172301875	4.9751942835761085
account	5.072538533783102	4.989765484535208	5.185586384277201
loss	4.90589737514489	5.094190562546478	5.104010236853976
indian	4.954865399424706	5.044217238007129	5.116023077237768
vine	5.126396063842064	4.7935508103612765	5.009953310129913
certain	5.024173355192355	5.030813580659324	5.203912520392704
sin	4.833017131546701	5.129909507821407	5.078790551615511
necessity	4.973652707987882	5.077460697059192	5.246237224972528
lose	4.951949239440447	5.066925519400301	5.046307143992343
private	5.067046713610561	5.061408169093207	5.268406221412866
gentleman	5.12044895107466	4.973677297962231	5.105178122070735
daughter	4.996569900658964	5.065959996139485	5.049080720086824
drive	4.819784974545549	5.1083924002699765	4.957634483059229
strange	4.941422394564361	5.067928026463181	4.966432995465409
journey	5.109001112874221	4.957588987766629	5.041120791294595
uncle	5.073261823060603	4.9576375920715465	4.987556972228778
species	5.045348797024749	4.941733696271361	5.138909949034765
think	5.000975702849698	5.0419469093874465	5.0535339967925355
bed	4.981898955249125	4.864443010202013	4.817951253360644
wind	4.9314549573847115	4.971720885954515	4.893893596732617
bless	5.05414537831044	4.976942513785234	5.000745611475614
destroy	4.858595557770652	5.098304604991608	5.107906505770211
author	5.1840995867884425	4.99198424472412	5.281238556460808
sustain	5.013459034046821	5.052875367702712	5.2441116552772495
black	4.958409467001031	4.886480679820686	4.859368715277893
event	5.047365707486838	5.089900434939811	5.257193770752113
liberty	5.042554204946037	5.108583297336073	5.308183299650865
negro	4.924709240993193	4.980693839093749	4.974768528757416
little	5.082634540244911	4.916824500498544	4.9974135705893685
fortune	5.038381753401871	5.082686990500568	5.147028022661786
touch	5.028588095125567	4.993557048682182	5.013965539615821
kill	4.750479756303123	5.102912347727143	4.884487756841712
feature	5.089945866710257	4.966485382290972	5.101801990323023
happiness	5.080621534336914	5.072412208332249	5.2125181336121775
assume	5.054120333346571	5.036771777814113	5.205889248651494
notion	5.060401793528019	4.994916096570819	5.153833078019162
purchase	5.138203491255899	4.890773240253973	5.140855700999781
faithful	5.0860712265960215	5.072942507672129	5.215416634050528
soldier	4.880793249051084	5.169113668653136	5.079678212346585
father	4.943583966857168	5.077813773885402	5.039613036125497
narrow	4.999753049985914	4.919121607398255	5.022654143065822
great	5.093806652043035	5.010678552254554	5.233643368820861
tear	4.878496960190942	5.027390628965397	4.872497198885349
honorable	5.087082428020531	5.114367208775411	5.334976675859373
previous	5.071097995948261	4.978726870644135	5.1880085189513805
good	5.062267955561878	5.002498413420066	5.105590406627628
domestic	5.124179383655304	4.959565928932471	5.181893412737262
glory	5.139887738596389	5.017227220082854	5.189930952015806
lay	4.984940174083435	4.929309652095256	4.966220798413167
occasion	5.042292118459923	5.061900592221522	5.1949689741441025
guard	4.876046585129326	5.130483774393479	5.078349275804784
whole	5.058587894856308	4.962598495899505	5.150429369315796
mouth	4.970838035104238	4.90727304066382	4.859651390032904
receive	5.110033445076224	4.989832183839847	5.202029565154193
take	4.985541799063028	4.993548546536666	5.0471787909866235
simple	5.154152979736984	4.911772759340158	5.1531438041489865
error	4.949841071298969	5.0965379847215715	5.244015189822007
wisdom	5.068729517633318	5.081691255865354	5.266222582533167
rock	4.96694272750046	4.91857177931536	4.919668190511758
decide	5.03689642518247	5.078023728779997	5.287750294826511
exclaim	4.882487724861937	5.088181578592297	4.8894424242849555
assure	5.033640549691948	5.0809403996137465	5.143408393569883
sign	5.020486190875719	4.998083318302534	5.116070455708541
preserve	5.102448263055275	4.936125624558757	5.163151583976649
commerce	5.118397143255549	4.968912449490874	5.269770132024778
plant	5.106364105631885	4.809608584851116	5.012536677072885
walk	5.11316009185909	4.890342443526488	4.924544198323677
difference	5.07279588001339	4.953167667476024	5.202857729896149
hang	4.9454238293790365	4.9200755531036595	4.839038524662731
following	5.222669035582743	4.8808046774393254	5.224021233115936
employ	5.109805129980129	4.931360040431991	5.193386544492463
