deal	5.099731322335226	4.998357415000768	5.133999015002878
study	5.306928364185977	4.908408370235527	5.279677148972074
afford	5.22580602752242	4.937932697808452	5.252122636894219
service	5.2179524041039205	5.017951345395213	5.3125830618248315
height	5.123871753876917	4.840655962637605	5.06146096865475
prospect	5.200822394248786	4.971561342106816	5.191175196956842
pleasant	5.2802750606475275	4.81439897733776	4.9963023875002746
shade	5.177775306847537	4.806418480155367	4.9750390537673574
listen	5.066931964939464	5.032643131912399	5.052002852359328
mighty	5.0603049339624295	5.00250145251189	5.101550987263677
country	5.171071530527329	5.010135260234174	5.303341276675257
title	5.254939166473564	4.964506430963874	5.37184392299356
choose	5.179909465135704	4.950475360832368	5.227341696076224
village	5.188294978078455	4.891694004160234	5.091741366441409
acquire	5.259780770922188	4.972824581178406	5.3365430251834605
rank	5.17789608403209	5.047893220340857	5.305821274209113
bow	5.100065080388347	4.923069269544866	4.99746091050005
doctor	5.0531489710422095	4.970192561250235	5.023043892195411
talent	5.284922630709839	5.018998291386446	5.361124934206007
source	5.2187045121652345	4.960290920736037	5.291195360182772
lead	5.101918846669047	5.011291283592106	5.178051609733874
question	5.100110975033601	5.036284591383395	5.291178072269227
publish	5.264402928381305	4.9454322532894714	5.3598655495466945
interest	5.19691641315967	5.032996301819219	5.327951289858439
serve	5.106301917668609	4.95464712748164	5.122854127432985
divine	5.172223646753158	4.999678546560786	5.285060900320365
put	5.021398483631495	4.913600528885234	4.970281057513291
shadow	5.094762076609163	4.8827165087124795	5.011448919899637
practical	5.22160665535097	4.981753190513985	5.3663163207604505
surface	5.124825983553353	4.774326768139478	4.982164737514209
account	5.145693747249561	4.981230933530489	5.228288778161876
loss	5.005905083973338	5.0823718127502	5.1616178975449865
indian	5.026102837771328	5.018877511302779	5.142880743827074
vine	5.184853315163396	4.771016059779965	5.031470956725252
certain	5.100620186272617	5.017953499979399	5.2422420476799925
sin	4.921261337811385	5.107563166524674	5.127338256931631
necessity	5.058594189358084	5.073043301586467	5.29282654971824
lose	5.04198126504761	5.033867642916609	5.084548738494599
private	5.148348317289451	5.056948996429233	5.313524242937161
gentleman	5.189829577397793	4.948956359954239	5.138103681943666
daughter	5.083818195301921	5.02482971410665	5.092995472057461
drive	4.909383739932964	5.065024745119466	4.982151449512393
strange	5.020838267748037	5.009167748864416	4.991820743055259
journey	5.178034979629643	4.919961730036894	5.064679648463794
uncle	5.145119391098537	4.922545991207658	5.024240896286356
species	5.121327507999754	4.928988351380462	5.168702595166954
think	5.081246339917023	5.01088812035169	5.094149311241237
bed	5.049272270477447	4.80775744204816	4.830422727701978
wind	5.004364325362456	4.913346168558292	4.904290814990075
bless	5.12700287144714	4.938530827858782	5.034826187097085
destroy	4.946726205649576	5.083328627006478	5.149542858524206
author	5.249362349485168	4.984453294654215	5.327285065607618
sustain	5.093438249878122	5.046103909669278	5.28721279907502
black	5.016404834316872	4.8325824247813625	4.86699598405097
event	5.121756400792007	5.077302182337631	5.2996781534345665
liberty	5.1202795296288155	5.106286570053651	5.35350869781188
negro	5.000952439634584	4.954576267515092	5.002375992955951
little	5.155938714966386	4.881054266112558	5.026186854034289
fortune	5.13728702956872	5.061994648152342	5.1982696786555955
touch	5.099001942377345	4.940428838629759	5.038175862490794
kill	4.839552431153031	5.073395963653772	4.922609830789047
feature	5.149600179995039	4.912819519244604	5.117150359491736
happiness	5.169221334922487	5.054741325689489	5.265163481288576
assume	5.123579242578534	5.013025672413304	5.237230065712416
notion	5.126309498737558	4.9811793293757285	5.185357593848992
purchase	5.216263036501447	4.882604765995747	5.17701708924971
faithful	5.165533726464334	5.04950665955593	5.261626554837314
soldier	4.970632809743798	5.136660853807324	5.112366895073244
father	5.029173297554139	5.037265171282405	5.08251916978103
narrow	5.065587439904019	4.871587178007988	5.027417031824874
great	5.16659956791237	5.000757496023796	5.268459545395591
tear	4.967011466619322	4.969903216237712	4.906284562129397
honorable	5.1714479277168035	5.1130519598145705	5.39282888855262
previous	5.137965281625804	4.96854964481289	5.225136282955407
good	5.14638828822794	4.987772344611841	5.153376381813606
domestic	5.205881654686495	4.950308617719973	5.226883015007778
glory	5.2067340563669555	4.989656483765644	5.213386379910806
lay	5.050943358744751	4.880959580647355	4.9780235605779755
occasion	5.120397042390527	5.049596662671427	5.236927997911178
guard	4.960960408539668	5.090541868193028	5.104657468554178
whole	5.1220073132910215	4.943613681901199	5.1720425927273705
mouth	5.035489908061451	4.843498309608611	4.8656239572559645
receive	5.186104521708345	4.9791270807962995	5.247098872459455
take	5.0628846407059855	4.968117386974355	5.082519805362961
simple	5.2144716994013836	4.885156197037621	5.178769160651777
error	5.02915809694729	5.09303194212895	5.297272068943256
wisdom	5.148067301986075	5.068247036465391	5.311414422319693
rock	5.0263486384279705	4.856269511664411	4.91759172745191
decide	5.104650485201638	5.069685362441238	5.325387799447448
exclaim	4.9688293486269774	5.0208910683425145	4.917732122204911
assure	5.113156935166843	5.050122578593656	5.182831214383077
sign	5.085453808576803	4.961878842820278	5.136914355331187
preserve	5.173230811271482	4.922541024589237	5.2009263221645465
commerce	5.193594656329244	4.967034010435249	5.301238680744493
plant	5.165275942396555	4.784708207691398	5.032858199091806
walk	5.170329712739698	4.836716727530465	4.933104451271993
difference	5.143871964496606	4.949645995668033	5.243166665767702
hang	5.011769671967972	4.85498925262142	4.848362669974704
following	5.266860384275586	4.868971440606561	5.255189900420871
employ	5.1843721853549365	4.926228400805613	5.2256903242550985
