deal	5.026427245568297	5.023703584725457	5.104684284860283
study	5.258724670931879	4.924659930507863	5.244491012990627
afford	5.1579331654591805	4.962941093491356	5.218349788852503
service	5.16576916200474	5.031754112901795	5.279992076518687
height	5.065564863552842	4.867984665658941	5.037603744791527
prospect	5.147909626703946	4.995091319699942	5.160227598203086
pleasant	5.247238283845769	4.841547641586232	4.9825700568940565
shade	5.133514615666185	4.8425232743079345	4.949165402443511
listen	5.020862035058925	5.083286209645084	5.0411397394528095
mighty	4.997120509080396	5.034471774618335	5.0751789572612145
country	5.094419439329186	5.030250973676595	5.265052331318107
title	5.196882861635946	4.992014544202837	5.344647417971279
choose	5.131837424350076	4.959193221433345	5.200745612945023
village	5.152405507825985	4.911481203851763	5.083249425502582
acquire	5.188485853505699	4.9915417938956095	5.295852969166101
rank	5.111855658958576	5.071009516973421	5.266964496797359
bow	5.052700666545861	4.9702030243573825	4.987469763593854
doctor	4.9923073526237625	4.999305197488397	4.997373040102231
talent	5.219118018224894	5.0373510803484765	5.316965651131053
source	5.147124386658311	4.987888840808771	5.248247891721777
lead	5.042468917820813	5.044719360715738	5.152852874369672
question	5.0268488249179	5.0650632615224565	5.257498931962799
publish	5.214546300879142	4.964058378342027	5.336220125324713
interest	5.12349487289471	5.055570553342728	5.28814586108652
serve	5.042438511384707	4.981832062182	5.093367536572809
divine	5.109960585204937	5.026984978725879	5.235481340969505
put	4.950489250213666	4.943494137523639	4.950096054414679
shadow	5.0497812391071255	4.920632285305859	4.987452483600359
practical	5.146240122112685	4.9967070439698364	5.319088635513052
surface	5.060162945196995	4.805451167684539	4.955285765921786
account	5.07667514362727	5.007342434792301	5.199394964427413
loss	4.926053937856855	5.108525310953767	5.121911573603328
indian	4.964992665677981	5.057007376907543	5.130279918048418
vine	5.128973771972807	4.788678447916404	4.999964205901665
certain	5.020529113345417	5.046049964974979	5.203488095256243
sin	4.850556160909024	5.1338477821223485	5.074149303877197
necessity	4.971155112319822	5.097497097813171	5.245593329133053
lose	4.9735138778361305	5.068837749068072	5.05641084959926
private	5.0781149436948425	5.076113246403541	5.276478717838191
gentleman	5.141421891789972	4.973696306844754	5.120953018283933
daughter	5.040427284514264	5.056850852375181	5.067376191789989
drive	4.8408459788928315	5.099534007940709	4.9647351309246766
strange	4.963352259002933	5.057107444697714	4.973242341461896
journey	5.149902892017169	4.949714856018779	5.063989356726977
uncle	5.111165255671622	4.94593018095631	5.013590718485634
species	5.026547665968713	4.954888671647386	5.130773983951063
think	5.023174208473185	5.041530467580779	5.066847429237749
bed	5.005215501885133	4.837348343770075	4.816899878146887
wind	4.947170026892857	4.951884379092915	4.889179708622421
bless	5.086058039643572	4.964533513600984	5.006473318247717
destroy	4.858149135682315	5.108984841801956	5.10295391859686
author	5.192223177289958	5.012969058589356	5.293868071785905
sustain	5.012077904408581	5.067703263717597	5.238484690701118
black	4.9619930790858495	4.8705192961955985	4.855260634817433
event	5.059418826385981	5.1064337953712595	5.265795770096705
liberty	5.044148072598869	5.124622982336882	5.304990643664655
negro	4.9425727809685736	4.9775669110546445	4.988245415065836
little	5.101032482763953	4.912723292958175	5.008281422385388
fortune	5.07386856715793	5.08625810768632	5.16324557692925
touch	5.0393257549769945	4.99079654570537	5.016581286426601
kill	4.788975164925844	5.100412326206123	4.912091140006115
feature	5.092953315120684	4.957540991231793	5.089221613851447
happiness	5.1027198469914	5.079813276314711	5.213685995868096
assume	5.051631195522765	5.046980843607476	5.202367622309894
notion	5.05106367027391	5.004411007672965	5.150068380551162
purchase	5.153421056978905	4.895419182389185	5.153518091610598
faithful	5.1215070592572935	5.0798570007241794	5.232086763850229
soldier	4.916090966850535	5.1689961855132704	5.0957532899017695
father	4.981505199241879	5.072982548718368	5.055860634971126
narrow	5.001215290927102	4.905361069332553	5.00633800274129
great	5.08862543650768	5.027852268025964	5.233587174034178
tear	4.9107245554142205	5.012761972863141	4.880119293030373
honorable	5.107689713042224	5.134147273025663	5.348857964267261
previous	5.07844833939679	4.9905999767358455	5.194855440848535
good	5.0805442150247515	5.010384594652814	5.119008214883731
domestic	5.125405029281489	4.97382559712243	5.180502581679095
glory	5.153491662301398	5.01355994515577	5.176423276292668
lay	4.993443463687118	4.919144022745149	4.961109739884955
occasion	5.0494693257675465	5.077636161819858	5.20244900171106
guard	4.903915573389858	5.12642635802622	5.087157436956179
whole	5.050202193945061	4.9712755687546855	5.142952842807467
mouth	4.983634230600774	4.8906098881140405	4.865494099557366
receive	5.1210038506526345	5.006518677187472	5.219461582163996
take	4.998435555550678	4.99925115289881	5.060974383918569
simple	5.150014521803437	4.917092440484177	5.144507495777439
error	4.946392367119644	5.119947421977282	5.244627742018949
wisdom	5.079351443754471	5.096083772623922	5.262622620756152
rock	4.978123086962909	4.895145908019941	4.909091692837895
decide	5.0379435296976025	5.093521504103746	5.292016727092494
exclaim	4.918011616838092	5.072865938837917	4.911038822418382
assure	5.0567083809936735	5.089356927683384	5.164954105303283
sign	5.026387502013587	5.001342790140308	5.117987986758223
preserve	5.100745596600853	4.950113163449855	5.1590620329049
commerce	5.10537987086137	4.987118412864161	5.26356020612575
plant	5.103982873569265	4.80501899314055	4.99824226201437
walk	5.140051812603425	4.866204204953713	4.928421466131707
difference	5.057016519356858	4.971510007776783	5.197847733412666
hang	4.963850827167188	4.894398716059096	4.83632119843786
following	5.2266158172675725	4.895762541224945	5.237128312071576
employ	5.1087717697618045	4.945584635006203	5.195546681817165
