deal	5.026179085967102	5.032481601014469	5.1283201919803405
study	5.25840919622214	4.923640444050215	5.265062217277333
afford	5.15939923125947	4.95706538015277	5.227441364043844
service	5.15370190065894	5.028004947550156	5.2899932294040415
height	5.053171988421206	4.878350352632086	5.048196696123771
prospect	5.131598134449025	5.005880736743945	5.171715486515251
pleasant	5.232798386802471	4.867146371421879	4.998966229706663
shade	5.119480605926358	4.866214898247392	4.970806209357502
listen	5.0003179814610785	5.108085962892955	5.063352643782029
mighty	4.977114949888726	5.058009158068082	5.096752540176448
country	5.089859543338357	5.024097262877903	5.273530971367005
title	5.203190703468252	4.9721139338477585	5.3512611372017735
choose	5.11545162582129	4.96091633293088	5.209340007773653
village	5.1254366807123555	4.925819290084859	5.081550100750692
acquire	5.190293722531281	4.9789217782856	5.305538667247877
rank	5.103538987802257	5.065000581187681	5.2784284739248
bow	5.034745313315661	4.98903476703791	5.005311407263167
doctor	4.985426160202965	5.022982280600729	5.029116309083924
talent	5.222906091378239	5.027850590477282	5.332590022848517
source	5.151532663078438	4.985645010917762	5.268508370446528
lead	5.025950592153591	5.049701351129136	5.164545032720734
question	5.027579091642264	5.060464153837987	5.273697816498883
publish	5.2209301560756165	4.953160692424666	5.346757660686949
interest	5.121322873511226	5.051600308073951	5.303572784771995
serve	5.034985883824129	4.984700789771367	5.112973761951715
divine	5.108909372594255	5.034441492852358	5.271589285232721
put	4.941397593670123	4.959322617466313	4.969887422484925
shadow	5.0293829730010025	4.944995529870371	5.009494601978975
practical	5.155974114940966	4.9865327797006325	5.337370273273581
surface	5.050712481005127	4.821713784533324	4.9697544331111185
account	5.080126458784714	5.001595572332602	5.213635305833035
loss	4.912927194288034	5.1131241773157905	5.138581095773763
indian	4.945868276244253	5.051773029688755	5.127824614622442
vine	5.116811349978616	4.799741840744359	5.0129896473708335
certain	5.023544528081097	5.042835513044143	5.220600094906641
sin	4.827852070550833	5.155485819450051	5.113764802883319
necessity	4.970793410467899	5.0925292468923145	5.263537990172014
lose	4.9568167319855645	5.082575105519529	5.075787427117224
private	5.074698012912409	5.074155159064646	5.291874773273558
gentleman	5.135679608088733	4.982041489205197	5.134901902689413
daughter	5.012270063771917	5.074957575794546	5.088420878217565
drive	4.8062507179323894	5.124260055565268	4.974705318446391
strange	4.943519585966309	5.084669007311956	4.996334512516545
journey	5.122182233660971	4.96444096602355	5.064886290313992
uncle	5.092307583567031	4.965042221979924	5.030717157850854
species	5.038012826848287	4.957646224155981	5.148996703397258
think	5.009734751816364	5.057558751772447	5.091703761293108
bed	4.974710815756221	4.877668583073927	4.8347643515657195
wind	4.913519304286713	4.986582877767369	4.900794066504799
bless	5.062571888685637	4.996494047154392	5.040975169832609
destroy	4.8458543712508355	5.115192148198645	5.1233789450227905
author	5.197902013853461	5.003815881185327	5.312039969013516
sustain	5.006357446384026	5.064948950708703	5.25635480438921
black	4.944124761784403	4.892286788562918	4.86830702782929
event	5.051060359328483	5.103696544570884	5.279467976153947
liberty	5.034674624445584	5.121322824873459	5.323520766385369
negro	4.9138068655054425	4.995170248322117	4.990901243015271
little	5.091388666563792	4.924612291162864	5.023481138224211
fortune	5.053449708316931	5.092370121993656	5.176225431790113
touch	5.033237054601881	5.006973553027231	5.042684696603046
kill	4.741606082888329	5.123913340417131	4.917450926510714
feature	5.089311814519625	4.96696840351379	5.110451247388717
happiness	5.090282553742282	5.090743931031017	5.242571545559261
assume	5.0531508608668885	5.04332456739871	5.220937355995387
notion	5.055990032625433	5.007483722472476	5.175746019681538
purchase	5.144019193813854	4.900404836894187	5.160042772082774
faithful	5.099000985342492	5.083148498273923	5.248031916214914
soldier	4.881805265772771	5.185528752422095	5.104989137306736
father	4.953660334654081	5.0909042257307915	5.0795081107056035
narrow	4.982532653957628	4.922360297999384	5.015205451838717
great	5.0967948605215065	5.021736903458261	5.250391767321065
tear	4.877702467696399	5.051841306585715	4.910500077013237
honorable	5.099439970436223	5.121471149838073	5.359029357343784
previous	5.07382633843422	4.987598515252934	5.206391977531142
good	5.074741016852694	5.015863444429874	5.140984830741395
domestic	5.128198998739097	4.976994477908299	5.204800885574386
glory	5.140170331219772	5.028191231017385	5.203497472418104
lay	4.971028562184725	4.937607459342291	4.976310899476112
occasion	5.049782461878912	5.079007196880403	5.222068634002806
guard	4.868646204472901	5.142297868355474	5.096004470376974
whole	5.0488071821517275	4.975829524524715	5.159142965236321
mouth	4.964929512728277	4.916456059907232	4.874049678858114
receive	5.121609743245335	4.9995109824826915	5.230171126997241
take	4.988291911730726	5.006931495807096	5.075591303202963
simple	5.157517599148738	4.920720430364138	5.171732390139574
error	4.946696451840075	5.112918805764126	5.268313495162146
wisdom	5.077009173116098	5.093673205708606	5.290523911673752
rock	4.942760048685219	4.925159671112119	4.914391716866879
decide	5.032416397329103	5.085796876781151	5.300781724658105
exclaim	4.89075366777895	5.1070974973350065	4.931235038629595
assure	5.047576560100178	5.091398615164923	5.1791834448866965
sign	5.024993602810166	5.006969886991364	5.137877526079285
preserve	5.106724933461713	4.945009247743927	5.182595908579935
commerce	5.108523136725738	4.986222358518038	5.2752945271063
plant	5.093947283408795	4.816211919017821	5.014110798931747
walk	5.118006620950413	4.895976428382495	4.941212001111141
difference	5.069025267205119	4.964420406094708	5.217874488852958
hang	4.93578136841297	4.925881430788648	4.851453991495657
following	5.232368475539264	4.886075373597666	5.249347286470638
employ	5.109960931596172	4.942823086268072	5.2046646016587275
