deal	5.063443892713399	5.000903940451264	5.12113617978757
study	5.305874159190849	4.9024684967542145	5.27394077719284
afford	5.201974852569403	4.943212545241468	5.242609954719685
service	5.210696725556157	5.01105595807503	5.30270646428482
height	5.078470657211442	4.869194541788179	5.047406354985075
prospect	5.179221731569213	4.992347122025799	5.183569652631374
pleasant	5.253537067764864	4.8481665047446105	4.988030981516706
shade	5.144447887994378	4.8500307975442105	4.960580653344096
listen	5.04457859037123	5.062746055009511	5.038527372841873
mighty	5.0172155675269865	5.031304492309899	5.085103814093248
country	5.142487359834374	5.008696991139889	5.28791455404315
title	5.247727312912751	4.9656512917273625	5.361574885256195
choose	5.16570292191664	4.945318972365428	5.220289758349508
village	5.170302230297525	4.899246993233091	5.079207257043032
acquire	5.245293552774076	4.963217264807877	5.32583871442252
rank	5.155733718065374	5.050973556457549	5.2872579931207095
bow	5.065464926701149	4.959551238895681	4.979414893545242
doctor	5.0299068911416205	4.9768539034339145	5.015035327490384
talent	5.271912270552773	5.012881144881326	5.346390867768536
source	5.196098039228436	4.972370290211871	5.280360451829924
lead	5.078148684346975	5.021355510554094	5.164534341396585
question	5.086479022033536	5.029163689344892	5.287742270246056
publish	5.259514497881533	4.94119621467209	5.353454485856082
interest	5.177176968743108	5.0306235108402655	5.314963876380014
serve	5.07366408047886	4.96547065018379	5.111897605897526
divine	5.161620921516595	5.0140689884348415	5.2734937215995545
put	4.969644965144699	4.927700213182581	4.957546218767802
shadow	5.065354651786906	4.921040491077087	4.998820282089808
practical	5.207367777906489	4.966460648720743	5.3547232974755135
surface	5.078228004286348	4.804702075171176	4.97452370434763
account	5.121361877052609	4.977891716645015	5.215917300624896
loss	4.9733840876659	5.086542385409551	5.144163117773151
indian	5.001883279599404	5.015475987943388	5.125589930516237
vine	5.1586551259614914	4.785173037097639	5.027402672216627
certain	5.075948996666856	5.015555277627508	5.229485388894624
sin	4.897363846114746	5.119623199605718	5.108748693373657
necessity	5.037956806819492	5.064436685542285	5.282757695050866
lose	5.004376974933842	5.055937147333345	5.070175845637994
private	5.126337481559821	5.054907852512935	5.3010360862861585
gentleman	5.1707877384987455	4.9502841842167085	5.127384565163481
daughter	5.079548846212392	5.047175453902849	5.083527837927958
drive	4.855599843939846	5.08709251012826	4.9601428855354595
strange	4.985958529422708	5.043774903553494	4.974812949192721
journey	5.162363921895141	4.938893942726316	5.057665607558056
uncle	5.136253344865226	4.933595777910026	5.017628890861369
species	5.071362390866553	4.9340940348210705	5.149809343433443
think	5.05787734309453	5.0242791344050906	5.084205642782491
bed	5.012643245428183	4.841749064651999	4.822732554560705
wind	4.951853868622023	4.952972027558628	4.888073062925941
bless	5.10681080433764	4.9688725736358235	5.0228236175165515
destroy	4.909380614037135	5.090702892311981	5.131586821166265
author	5.240263689062494	4.986367304356935	5.312768871034902
sustain	5.0676659349078	5.0479121902519895	5.272683731641222
black	4.961322873945349	4.860684178174436	4.842070092140159
event	5.113850965347305	5.080048808388142	5.289617879623403
liberty	5.103926215208086	5.10643223821599	5.340022131863254
negro	4.96740991105626	4.945138388715199	4.981303375339945
little	5.127056775013346	4.896051862337893	5.0159877418647785
fortune	5.113297653304774	5.075605582823204	5.1842473251532715
touch	5.06580161584807	4.974405494361145	5.023049988299695
kill	4.801649954067162	5.0754744628855395	4.900957668077246
feature	5.123783470916165	4.944281251681317	5.103055436760212
happiness	5.159172276166409	5.071477457135007	5.2573536174867215
assume	5.099648227155407	5.020441815462757	5.224412892019298
notion	5.099661678103474	4.973761012514612	5.1734364975054
purchase	5.188040483721684	4.8821295502047	5.170240665902115
faithful	5.165420655379637	5.060058347853404	5.250131922889654
soldier	4.93595548160424	5.149538237600126	5.089495279685973
father	5.021646258945793	5.055081888928902	5.071809229036989
narrow	5.020144193777264	4.897302583076889	5.015136444060441
great	5.135643038661217	5.004423404511194	5.256106399588768
tear	4.92667935705759	5.014420302697144	4.88925991123739
honorable	5.1647620912809815	5.1073948880935305	5.379802291161738
previous	5.125151560985715	4.9663689041507295	5.218188445988865
good	5.120193352194801	4.990120036226712	5.1408678914901165
domestic	5.17838913613425	4.958321730613539	5.215076394275631
glory	5.174555800992042	5.022724343443786	5.1969935717863684
lay	5.009180258886054	4.90999969497149	4.965791035286561
occasion	5.09890074592438	5.049041297756291	5.223667936570149
guard	4.930507523226751	5.1055725228125555	5.087291740761087
whole	5.08547689815052	4.955125066895934	5.161513289183425
mouth	4.977947735857448	4.877832679455855	4.844520501071832
receive	5.165963085225765	4.980826735943251	5.236511687940597
take	5.030159944099406	4.976380207156961	5.071613334367492
simple	5.1918200478773535	4.899101875761325	5.167428785703825
error	5.010561420917881	5.086788231631688	5.280284663855874
wisdom	5.132407254923998	5.073592636286147	5.295208450087658
rock	4.978293760599959	4.894911667326886	4.9027909800034735
decide	5.098110217586646	5.059090872621367	5.321285886790135
exclaim	4.9275237994064325	5.056309326624946	4.896540926375826
assure	5.09706581680504	5.058509383410042	5.1761628466301275
sign	5.061938614678475	4.976221236099445	5.126806158569673
preserve	5.144085513624766	4.937434204554055	5.189560562599944
commerce	5.153686034539563	4.9701436165512725	5.293019174464639
plant	5.135088834464377	4.798570047670013	5.0239138006038955
walk	5.141844007340929	4.8638903970288645	4.9214736981298355
difference	5.110182933979683	4.942013643402306	5.2270892055395795
hang	4.962330215025822	4.895495486496192	4.827780529073491
following	5.2625542609822356	4.873260125700631	5.247735450177573
employ	5.149756022172411	4.92005883342107	5.213028055584465
