deal	5.054563988746985	5.030702732553256	5.108546061893452
study	5.28929499839547	4.939494043954624	5.253373016053824
afford	5.193477729548911	4.962115584561233	5.216072461232253
service	5.186053089069018	5.034987658366548	5.281030321043342
height	5.0878124290043925	4.89687625736417	5.046510703361101
prospect	5.16460837189423	5.016724602580411	5.166472711062639
pleasant	5.245044912952636	4.877714822570042	4.988131670493645
shade	5.139438930209691	4.884182987778578	4.959585605391325
listen	5.024882639410933	5.108196605657978	5.049684167058932
mighty	5.013033737708427	5.062917693305505	5.087645499201085
country	5.125424126588905	5.037206510911338	5.265463604494802
title	5.229070580020236	4.991613157697805	5.337230212032536
choose	5.15367198167687	4.9705330876728455	5.2059866811078495
village	5.14935167094512	4.9267718986294	5.075819005676988
acquire	5.230406140240276	4.99663825837178	5.300471010155409
rank	5.140244364597544	5.080955844515873	5.272542585699942
bow	5.057264616843766	4.998936967864464	4.994055256062801
doctor	5.010306887124196	5.016268129886813	5.011031566777816
talent	5.258921706643335	5.043989929717793	5.324899097191396
source	5.183525290680562	5.001697585164254	5.25556650886438
lead	5.066182415833948	5.051450423269116	5.154667254044187
question	5.062628580541653	5.067991002516537	5.261011110705023
publish	5.243419133159805	4.968457928729132	5.332988152858656
interest	5.154889297182676	5.062631417636191	5.291131026886
serve	5.068615400084956	4.987239117815644	5.095631200993723
divine	5.141714900866156	5.05403549713079	5.256328540960446
put	4.972034743119434	4.950225304450408	4.95114956842885
shadow	5.0583544999875185	4.95948165717597	4.999407687985765
practical	5.193832582412916	5.001859235599624	5.327302942210244
surface	5.083277808065599	4.831980392667431	4.960948901620916
account	5.105873480955822	5.006882358156051	5.195114944726867
loss	4.947898963555603	5.1183293649167325	5.125024072862435
indian	4.9723291511679895	5.054920045525773	5.113858283995763
vine	5.158487457928998	4.81138436708055	5.008936843437352
certain	5.056956044103495	5.050462805546049	5.207098939852271
sin	4.873169686580205	5.161546152683134	5.097463013111947
necessity	5.011878100445936	5.096507448440188	5.25189153180992
lose	4.9916927602832	5.087104962569533	5.061836279441302
private	5.1061312861836985	5.072448634968732	5.274596168891568
gentleman	5.154538100885527	4.9806754674139455	5.120670584847362
daughter	5.046187409421245	5.081608192131973	5.079249992391854
drive	4.84549267443649	5.116369483488311	4.9634724486927375
strange	4.968070880299915	5.0862766646707165	4.979728864324424
journey	5.146185522059548	4.9625175165186	5.055477355579097
uncle	5.117067079308799	4.963698697057683	5.018333022510139
species	5.0623129154766024	4.963664164263645	5.13213615117054
think	5.0440972834808955	5.058948000520963	5.0760321261845185
bed	5.001528321292536	4.868538522895077	4.824462623245061
wind	4.947155793942533	4.9905273808655455	4.896020726377047
bless	5.091314232601061	5.002739482266348	5.025287311659529
destroy	4.889274340761553	5.122911643406015	5.112129736956093
author	5.2245983024660045	5.023007428990101	5.295144885370213
sustain	5.0482461669798395	5.081831223350259	5.250861533574026
black	4.959314080093941	4.900565362928928	4.852133387636772
event	5.08567162937849	5.117994743619822	5.269945910765535
liberty	5.076525528541967	5.139516747621891	5.3139021719958945
negro	4.943737057699971	4.983680963823544	4.977879895189204
little	5.118806483675105	4.925846518591119	5.009439320390901
fortune	5.094250355308023	5.096658721345292	5.167233469955176
touch	5.057116797326643	5.016059435338354	5.0261751402337085
kill	4.7875140339703375	5.111111466053007	4.905889051699168
feature	5.107211219504197	4.992777774363079	5.099824900382379
happiness	5.130870926367476	5.1007692958170585	5.228670759769027
assume	5.077791937212993	5.063382786826359	5.2081835542275225
notion	5.088545927063929	5.013410182677735	5.156017321100192
purchase	5.170825765095805	4.893140931302797	5.143440403364844
faithful	5.137772238950961	5.091648101072989	5.237697302678181
soldier	4.920339211654666	5.179014453680214	5.095570051916365
father	4.98847710579827	5.093636552351894	5.06688317064312
narrow	5.017761038735119	4.921416123841013	5.0070565278223835
great	5.12739173965037	5.0331645046572815	5.238339988916832
tear	4.909733360733741	5.055587024733242	4.8959018602697935
honorable	5.139967949150925	5.132551183547723	5.350424822155901
previous	5.100783882278858	5.001314626940347	5.196454313956109
good	5.108237017447676	5.017460932348078	5.1234815410193955
domestic	5.157272150083461	4.985711716926462	5.1869397488348055
glory	5.169793252780431	5.050426930382393	5.193036665150492
lay	5.000075416344967	4.940720404198324	4.961335407930372
occasion	5.075853369341539	5.082535601170493	5.206205317473806
guard	4.91365135925962	5.132008479351359	5.087209515346096
whole	5.077783499447636	4.984217332314979	5.148025552305859
mouth	4.9795816273524105	4.916555210532443	4.860861968266679
receive	5.146019621860944	5.009077697892031	5.217236510631823
take	5.019161841149331	5.004056868271508	5.059519355093012
simple	5.1828094553080035	4.935733281059686	5.154577739413842
error	4.990885791458942	5.129497923948499	5.256922565885475
wisdom	5.1175462908513865	5.110723630641298	5.279319000110537
rock	4.97769121900506	4.9247101900114085	4.909737264250068
decide	5.073916266969356	5.0942217747304355	5.2947534302056285
exclaim	4.9170156368703	5.095544302115735	4.916890236843525
assure	5.078762881560794	5.090788178620689	5.163328772171805
sign	5.046433012386777	5.0128510571720275	5.122017415334785
preserve	5.138116344915996	4.962388670907749	5.166071582253093
commerce	5.139734226747731	4.991694107707391	5.263887693521967
plant	5.134563378657632	4.826610216415525	5.006750736797857
walk	5.135789290875034	4.894334284612714	4.932353442305264
difference	5.09916604216185	4.976065851861771	5.200540876350179
hang	4.964070196059634	4.927654864444079	4.8418216544226516
following	5.250505319560973	4.9068350369650355	5.235003746954311
employ	5.141024854767072	4.944166710398233	5.193216000016842
