deal	5.04026190177115	4.998038478631908	5.1086606812092015
study	5.2586152940522854	4.892627351806136	5.238140438206944
afford	5.147183856588243	4.9449294132659345	5.210082138307741
service	5.173047061875306	5.0122612610931645	5.284620454067773
height	5.060588961482537	4.872406618313272	5.070144364503777
prospect	5.138803398603009	4.992587131824826	5.167493647167675
pleasant	5.218640748137098	4.846395923759418	4.987782038187878
shade	5.1167308139448755	4.842052622241576	4.968547988422604
listen	5.032937682672987	5.057178801195138	5.046670388776754
mighty	5.008845007452225	5.021558801460876	5.101416873560033
country	5.097723237334253	5.009266841777059	5.263474516312782
title	5.207116658681707	4.954091345360335	5.336297506018419
choose	5.125289923211866	4.949103585793367	5.205094698660169
village	5.128995933480749	4.917829191353373	5.088552541787911
acquire	5.191621961181999	4.9626859165727675	5.2869803588426345
rank	5.128442564891985	5.048431092525048	5.277695181185386
bow	5.06283740351302	4.959482062555399	5.0110227381052646
doctor	5.010753730828722	4.974119148275778	5.0050379900862865
talent	5.232852039730963	5.002555404217129	5.311845325153195
source	5.145132173574622	4.963696446266661	5.244301060795588
lead	5.040885491727096	5.030109972837502	5.157043799001324
question	5.046944155233738	5.026017530253449	5.252972814616685
publish	5.2192870513158285	4.926728624840254	5.323945162544486
interest	5.128492579883669	5.030437110448619	5.282578134189228
serve	5.0408392039703696	4.964596669544592	5.101757382774395
divine	5.130071254483274	4.9908075124683755	5.24682056358413
put	4.949524522904267	4.933485241432955	4.961583739882159
shadow	5.04531988951908	4.914247830606311	5.011030512590825
practical	5.157860169252384	4.961699968290477	5.313070257639539
surface	5.039558872249773	4.808109093952356	4.977444489298224
account	5.077346773796455	4.981007184641682	5.193149871968924
loss	4.935088014642874	5.0892458837835886	5.12487833847546
indian	4.963696479463922	5.041621028638882	5.133490635659754
vine	5.102820127024948	4.790204371684614	5.013651666979662
certain	5.027201744267282	5.018087159140537	5.199881973251001
sin	4.882281298388822	5.0998797184816365	5.0934036804669605
necessity	4.987790248071093	5.068221348608453	5.247942106287178
lose	4.977967834670172	5.053722835964087	5.063939114304805
private	5.086653260673012	5.054196516631072	5.274897436225984
gentleman	5.144420324665061	4.957531392939088	5.120635931383886
daughter	5.052336758518582	5.03890158986043	5.075570591800167
drive	4.842855255604417	5.101492362671097	4.982981583687182
strange	4.966516119474064	5.035958688028986	4.978681438339241
journey	5.127153111671238	4.952446571915643	5.068978420526597
uncle	5.109527702795353	4.938201892141407	5.0161897390951316
species	5.021946132453672	4.941129154048968	5.133350026497544
think	5.031601988335072	5.016487841990197	5.069872077638617
bed	4.986114695274491	4.844286568292581	4.836493722287121
wind	4.938398376481968	4.958971971760213	4.916609208463986
bless	5.086293104226732	4.955036601622776	5.0237936297463675
destroy	4.87042336800773	5.088769760749117	5.113892227943426
author	5.203733439149051	4.967650414085432	5.281450304265809
sustain	5.027799318413682	5.043874956880887	5.247617367957089
black	4.960464667353743	4.869991420996421	4.8802544947895035
event	5.067751848597189	5.0750938289362	5.26177439711922
liberty	5.0664192271003	5.096453492441447	5.312650567453826
negro	4.940860299832908	4.975388145958733	4.994845419884952
little	5.0896428764007835	4.902119911833294	5.0097015611355875
fortune	5.078227709301395	5.069757562731068	5.164709456533689
touch	5.04587936588213	4.9665992203788365	5.025683193591468
kill	4.7869345551280595	5.0914126969241424	4.922132579486777
feature	5.101948867424928	4.934759992745624	5.101871335652691
happiness	5.107312645910054	5.056038026054542	5.216406786761602
assume	5.068048535296598	5.019660262255669	5.208505307025856
notion	5.067695924521914	4.971338887351642	5.151123308089551
purchase	5.134041201420649	4.892053782262579	5.150156444284225
faithful	5.1338277694641645	5.0517604550901325	5.233918796980414
soldier	4.935391304455969	5.157833022071407	5.118801403630725
father	4.9962460248598175	5.050132137821906	5.0638220221829675
narrow	4.989901732819901	4.908468909166309	5.026765723576558
great	5.097429692200166	5.0021124113002	5.2365651816811765
tear	4.913675370160709	5.002357589219077	4.89695994593952
honorable	5.128560663435296	5.099486309728741	5.346256052813881
previous	5.077084763540007	4.972499311585281	5.1938790591628585
good	5.084391433182087	4.989514022016325	5.120572559729971
domestic	5.121965536864241	4.9554837831568905	5.179139863878803
glory	5.161779718356489	4.997417476597154	5.199681796019207
lay	4.985082557349102	4.913096289440094	4.978431436228588
occasion	5.059680176808965	5.052951084063449	5.204101470138186
guard	4.9154970268305345	5.1184827441796505	5.10658557427405
whole	5.050813479565822	4.955813062604578	5.1533187885784315
mouth	4.979710037586993	4.8902305461233855	4.887261038699343
receive	5.119184209357552	4.986033614361496	5.211937820385876
take	4.997386391530698	4.985294064022152	5.062813870221734
simple	5.152293591595617	4.887597055204837	5.147131926635937
error	4.974820045663991	5.073719337165812	5.2422410493905485
wisdom	5.103426392914952	5.05698534520515	5.270053187991732
rock	4.962847715407642	4.903911575933415	4.939162579850888
decide	5.056922890739944	5.059568050886212	5.288359376597579
exclaim	4.931930510941804	5.057935845506619	4.9238546491423225
assure	5.063245190155007	5.062934250425225	5.161299425812808
sign	5.037662473513435	4.974401033374888	5.124645631798294
preserve	5.098289746917905	4.928000388034674	5.165603629248238
commerce	5.101316764232916	4.976140992933189	5.267356834194128
plant	5.081018825218149	4.802820879604192	5.0107131607628785
walk	5.123945771570741	4.871414832869105	4.943140938575525
difference	5.060933343691998	4.945681124999056	5.196014069980777
hang	4.957509229888651	4.893559921196986	4.859519856562766
following	5.218875322882451	4.870239264992774	5.230170383564976
employ	5.105176368675684	4.928461166825682	5.194653732234219
