deal	5.076199857766172	5.002016645545631	5.136215962743559
study	5.315191357875534	4.908411294259592	5.292692673219344
afford	5.207947766268683	4.946744304502187	5.251787336504957
service	5.22500702314874	5.014452061927437	5.320406778030833
height	5.0976460581340195	4.8816842764134005	5.076037717471032
prospect	5.193230095787426	4.99342266269684	5.201155123990608
pleasant	5.275188203047868	4.845118263438227	5.017041080589467
shade	5.16105683066129	4.857320473133919	4.993726203016977
listen	5.067773282103015	5.062623137381756	5.076759217344023
mighty	5.0412782204393665	5.037542049157998	5.119537642941371
country	5.150069836753254	5.015480120349681	5.304515660656413
title	5.270458193289209	4.968444395942109	5.3893721742956915
choose	5.174611271621842	4.947961107677763	5.236579471411418
village	5.177655651561307	4.912163711647067	5.111751550424611
acquire	5.24830806855396	4.976437583827798	5.341478596056917
rank	5.171915111366918	5.062805919537566	5.3150258889393935
bow	5.09741962628158	4.972194408521406	5.02542953185885
doctor	5.038070145948273	4.9753301288158625	5.025985930956019
talent	5.2848442019094035	5.016158771828887	5.366298387611466
source	5.200401091437394	4.974326524216466	5.29393497703385
lead	5.086761228169506	5.0328195559651565	5.1858284562562185
question	5.091678911214173	5.029810188684342	5.29193973873686
publish	5.27822203237958	4.928784839428036	5.367939414269731
interest	5.180147010044271	5.031886111327577	5.326092519720727
serve	5.08387274975333	4.9679902312169615	5.124369278143708
divine	5.173690096237914	5.018075601620277	5.295298597991713
put	4.977842748218873	4.928025710899095	4.963430743027127
shadow	5.082700357468725	4.930429820177477	5.0322753181449595
practical	5.208428754024525	4.9726282318067785	5.361285121865312
surface	5.07957231224036	4.8135856922904745	4.984654734800923
account	5.123098568782692	4.97947188838657	5.223643981000751
loss	4.968476534434186	5.089545535117396	5.153698977193226
indian	4.997277578171658	5.042427196378243	5.1547751928605665
vine	5.153556937232367	4.796395761913559	5.034755754946533
certain	5.069970683296046	5.026304942859297	5.237557642273117
sin	4.898762388374857	5.124210693433023	5.127246747125159
necessity	5.029510634255621	5.07371884557154	5.282838323336689
lose	5.011828203342531	5.061001507196355	5.092654221275044
private	5.139312788697053	5.046560807788257	5.310972173078406
gentleman	5.191898394693714	4.951087461600248	5.149435848600049
daughter	5.092326556679276	5.051907286575472	5.114927146399426
drive	4.862350379734219	5.101045777678224	4.985672319078941
strange	4.994970406442993	5.049430110999014	5.006136737599244
journey	5.181275761767892	4.943249837125128	5.09023266650658
uncle	5.153632375325896	4.932172272816514	5.042465739928676
species	5.060823757303481	4.9437101044192575	5.161920461940282
think	5.069547814759766	5.024341371605207	5.10200995359399
bed	5.0179100852042335	4.8429618615250885	4.837785909890519
wind	4.960430858545305	4.964609082486436	4.914929217536696
bless	5.129669263608725	4.967518690492554	5.055951407058047
destroy	4.8967656719724175	5.103939387896629	5.140962419294202
author	5.2543083677750415	4.985470080783191	5.335720626728439
sustain	5.068151344640985	5.053494451484881	5.27948284955007
black	4.975880776261253	4.878054450191078	4.874401227577969
event	5.114432622206665	5.082375410978207	5.299989164517623
liberty	5.111950145386497	5.108685459017582	5.352236843914156
negro	4.9584818604630465	4.9705069163905655	5.0017569825890495
little	5.133966621765527	4.904710751074238	5.034146155784719
fortune	5.124286628318047	5.078745375981974	5.205679271947436
touch	5.084119794360365	4.978975585675224	5.0528848949903304
kill	4.79739609456597	5.09577809502344	4.926604712088165
feature	5.141770509990807	4.95623452522508	5.134423065985318
happiness	5.159525976659577	5.070953067976421	5.268015912167799
assume	5.1067765369394715	5.028915375812984	5.241094243440517
notion	5.103755718934545	4.983899582293239	5.186304757290015
purchase	5.194355449320264	4.8837340922601555	5.185198126036368
faithful	5.182677094816184	5.0634442204210846	5.278116295770506
soldier	4.961144756336051	5.161053560376662	5.129806637237322
father	5.034977713180726	5.060532196880572	5.099969090536792
narrow	5.0297378869168385	4.911895009464253	5.03663076782116
great	5.145712329938365	5.0095416814845	5.270214220312987
tear	4.936769054755325	5.015893271081797	4.915773480957953
honorable	5.181817042135322	5.10513784083907	5.3938287572570545
previous	5.122592747981192	4.968249551611853	5.222036581980496
good	5.129267115428436	4.9943364477999905	5.15443851691238
domestic	5.173061625003504	4.960073203313908	5.221569664586769
glory	5.208626617888028	5.021661762781991	5.238941874869358
lay	5.021195140878283	4.919070032909525	4.988512563938849
occasion	5.1004241720694505	5.04992537461197	5.232807973186379
guard	4.945611236095508	5.118083175153674	5.116886776982294
whole	5.090969014483934	4.959498512538354	5.17202208124884
mouth	5.002521336302607	4.887673274619892	4.879901051750496
receive	5.174611462691279	4.981386542626937	5.248135095570647
take	5.037034631870765	4.979990171439788	5.081386891008863
simple	5.200107850717925	4.9063243644591035	5.188893255457672
error	5.007505809229064	5.089954063270413	5.284903144665178
wisdom	5.145741779122404	5.080985392880199	5.318982855470967
rock	4.991846388250298	4.908326294933724	4.935554666703562
decide	5.102128460290901	5.061738127856708	5.326017547047406
exclaim	4.955535910299861	5.059330445209537	4.9353964475761645
assure	5.11389899169184	5.060927162077006	5.195540308969716
sign	5.0787218171716	4.979965248130114	5.150005270796611
preserve	5.148950554462824	4.940939845187465	5.197578465640805
commerce	5.157037693498068	4.973134173207828	5.301576840304744
plant	5.126849766969432	4.813469621561199	5.034008220895835
walk	5.1686509118758215	4.869272623736053	4.958232696418692
difference	5.106045723244724	4.9495247398791475	5.2313474782163265
hang	4.98094587592057	4.905977974126884	4.861778112561307
following	5.278615135856088	4.867684182509815	5.263240554398568
employ	5.148740339439207	4.929267937522004	5.224599532741419
