deal	5.051022175806592	5.0325468702441185	5.1116181853699185
study	5.277555902852008	4.931601027193827	5.246431093389893
afford	5.188820561774076	4.9584255058434765	5.221787746840172
service	5.190967323815129	5.034726159622296	5.292475820606336
height	5.077525470123634	4.8879583421548976	5.052767781182663
prospect	5.162532853018166	5.007023389138049	5.171473973721758
pleasant	5.226362301290967	4.868706781866863	4.980311337396141
shade	5.124034573283304	4.8655980783592865	4.958296160305825
listen	5.0122702272074395	5.092608120186307	5.041155840054197
mighty	5.015517574476873	5.0497801476608055	5.0932341139178705
country	5.137112996408236	5.031684433229862	5.279794477218889
title	5.23208658747655	4.986163292563759	5.349341049144733
choose	5.142916600883623	4.97500478405579	5.209963714150307
village	5.151962990958716	4.924548021353133	5.081766379024366
acquire	5.221735741501709	4.994674415557669	5.30341453783163
rank	5.143534004903575	5.0746429919359235	5.282323904679887
bow	5.044515458386526	4.983916823043496	4.994071563428895
doctor	4.9965150306806425	5.014646718604759	5.000366703758721
talent	5.252083057416957	5.040591585723779	5.325780364783699
source	5.178683148186854	4.988432058823289	5.258093998776891
lead	5.057529708839861	5.044561980238238	5.1570442729251065
question	5.058703089108061	5.0669103656050565	5.263964787432816
publish	5.250477910054893	4.960104358844933	5.338226933339667
interest	5.164189064286065	5.052617084332427	5.300009365275697
serve	5.055694671828318	4.988429627066775	5.099648987102894
divine	5.1371632953683735	5.0337996845484225	5.254541079880086
put	4.952277106455957	4.9564291722242695	4.949552833653375
shadow	5.044939389198409	4.9402004563614055	4.996339566204842
practical	5.190150827923872	4.999477377253896	5.330297880228733
surface	5.06280462282114	4.825763019447276	4.961052311618311
account	5.109152996825467	5.005038694216372	5.202857288251743
loss	4.955479756872207	5.116249606171096	5.139438204367329
indian	4.9735821807046126	5.0596768859470345	5.128271801677258
vine	5.132520373395819	4.816950141654446	5.01289962934092
certain	5.057096789850336	5.0462613078465655	5.211342898001918
sin	4.8700480191081175	5.152551107436325	5.102602107937817
necessity	5.014573824914381	5.097121939843067	5.262286347482315
lose	4.984545792593028	5.079395879242362	5.0650806524203675
private	5.119515288556416	5.069026660949018	5.28919443046857
gentleman	5.147356360159824	4.982956593451037	5.118631293951947
daughter	5.038329036970919	5.072829477645982	5.080520750608264
drive	4.8435082978587465	5.116334690644701	4.973497323935857
strange	4.963469964338537	5.06947550146619	4.974510486120813
journey	5.139841084216982	4.959056878791879	5.057577334944873
uncle	5.098447617723454	4.966325814327951	5.012562660263928
species	5.0680685621370465	4.9620117783928475	5.146482908367179
think	5.027036366845719	5.057259397042327	5.07063053473268
bed	4.981284009894623	4.862704366097353	4.815983596451176
wind	4.9299096076192725	4.983789448648552	4.897070147593921
bless	5.076552037127621	4.993514838763144	5.025873862152201
destroy	4.8923521524455955	5.1201841768463785	5.127624155036597
author	5.220345133874494	5.011646695718454	5.294608758186906
sustain	5.054886730253567	5.070453641688407	5.260099574269799
black	4.954696780116986	4.890114612599728	4.857291264726822
event	5.093866216102406	5.105577091771645	5.273993059004967
liberty	5.083215173963738	5.13394032548466	5.329144355684211
negro	4.943770252232827	4.990972591547384	4.984724542828383
little	5.098962970622446	4.924972539943379	5.003268177726991
fortune	5.09428756471226	5.094241774500921	5.176949816275739
touch	5.038685720241301	4.997734465984958	5.0174986054521575
kill	4.769470566850335	5.1307707167571275	4.914906249750423
feature	5.106399356829001	4.96274347310571	5.092947405799653
happiness	5.12721137798956	5.090858489860642	5.234094231709239
assume	5.0799826249879185	5.048875283022184	5.210064354262893
notion	5.076576745723513	5.016199504113102	5.152545949228352
purchase	5.17592093978184	4.899662906109179	5.160774009220695
faithful	5.131834383255114	5.0799528628610835	5.239910114062659
soldier	4.925461275161692	5.180241518400309	5.111679134660412
father	4.980337713791685	5.085463358790971	5.06653218227786
narrow	5.010911329427842	4.913900471688997	5.01014863968069
great	5.129957683634574	5.026210014229111	5.244465213135055
tear	4.8958010909088445	5.037945395254291	4.892611057469193
honorable	5.1445164194101105	5.131350440451837	5.365887192188968
previous	5.100922732164243	4.993677761367526	5.197953441465463
good	5.092762529408627	5.022727279570348	5.125664012376227
domestic	5.158854477625819	4.980133214461812	5.193785912209019
glory	5.1718363381141	5.031839489544435	5.200085384325177
lay	4.991915704713217	4.928338972263456	4.964252842524261
occasion	5.078931396323979	5.07852677010358	5.210452069420051
guard	4.912842905966422	5.1298994710749435	5.099465083096674
whole	5.081123266130102	4.974341743396234	5.151400808730869
mouth	4.961267709897297	4.909167533710013	4.8574334529137015
receive	5.146328577560106	5.002273161427493	5.224273031448609
take	5.005895232811974	5.003982311700759	5.059059920349577
simple	5.171420611708713	4.922345665720199	5.148762804859757
error	4.988940411510717	5.122099778651883	5.262307414520864
wisdom	5.110541548727878	5.101112310297691	5.281680176202919
rock	4.962923873490122	4.917735622169238	4.913877316861629
decide	5.067240818472543	5.0961389389471385	5.299145834228382
exclaim	4.901725638889822	5.0873598758706065	4.910347051084198
assure	5.066502529874835	5.091023801134651	5.165333182174777
sign	5.043401163969773	5.000636651058907	5.119107690719776
preserve	5.128759329798452	4.952168668553908	5.169745933869827
commerce	5.152032772241753	4.992413276203748	5.282710025145019
plant	5.1085707256863895	4.830561492065795	5.0102276971270205
walk	5.1182689113290785	4.887998454416277	4.924153520806445
difference	5.095790912887605	4.979257591977561	5.207336066830301
hang	4.949603181749556	4.91708350734745	4.8409883738272
following	5.243243749471321	4.895978742166839	5.2348803327894915
employ	5.143420094756205	4.943957536669358	5.19963289569504
