deal	5.018777943265648	5.0196042605624624	5.117021186903582
study	5.253224422991695	4.9165860769269925	5.258281658963028
afford	5.155217273421241	4.956086626253007	5.226667980186673
service	5.177196943015286	5.028733421046458	5.313502599642394
height	5.044758184019821	4.889594740697846	5.046482673291772
prospect	5.135689119510956	4.997898064510587	5.169751351311563
pleasant	5.213889623736861	4.851423398444498	4.982011610448779
shade	5.110076427188407	4.861215420249798	4.956940704459917
listen	5.005384030352441	5.078192792401006	5.050458224115227
mighty	4.9770952431764	5.04937825001045	5.089486003347578
country	5.094783564755289	5.028795520223098	5.2823311709925544
title	5.210224992725218	4.991363409946943	5.371079479217376
choose	5.125459941983442	4.969430920669257	5.229559792265101
village	5.125813738014222	4.921830798403227	5.094315147544211
acquire	5.188933126027062	4.981669248526267	5.3082945412854965
rank	5.117423537302193	5.071108365196142	5.292197026103597
bow	5.041907507754555	4.978276353349152	5.003914325636243
doctor	4.990572996636983	4.9940066225582544	5.019519849040918
talent	5.221039955399363	5.031602644697937	5.333529549185561
source	5.142090991801244	4.9801890068337515	5.25412201130093
lead	5.031407787108189	5.0404703642799	5.161892099036544
question	5.030209283417524	5.059028739176303	5.276005965008429
publish	5.224272756839634	4.966199696404423	5.362328660109099
interest	5.126574162250146	5.043419512599348	5.301946969333776
serve	5.039075386586308	4.985069132317062	5.11414266942585
divine	5.115214282237505	5.022585617733865	5.256768230065343
put	4.935433499859764	4.951106953434388	4.963124634077757
shadow	5.025725226784894	4.936442397316415	4.99492060804075
practical	5.148584712409337	4.987918616154607	5.331516236463099
surface	5.029207105430319	4.823040383995841	4.951504925363997
account	5.0770293954277035	4.997185431149882	5.211273713610428
loss	4.929855528101687	5.0978781631179615	5.138594958781346
indian	4.949186561824512	5.056106807273319	5.143582737523411
vine	5.108412314240056	4.802967309316296	5.005900125689527
certain	5.017891473354107	5.036284640683447	5.213481773560951
sin	4.85333321287303	5.128348542719882	5.102267705263062
necessity	4.979127297856818	5.0878326746763145	5.267325266487745
lose	4.963236623311694	5.061612973503669	5.064468044412069
private	5.091103746576956	5.069510079005053	5.3045036091648035
gentleman	5.137607625148494	4.972731004735365	5.142343083964603
daughter	5.048141457868912	5.056148997340243	5.1004442728707176
drive	4.819088823401288	5.1046325909816535	4.974337856763429
strange	4.94261902626982	5.0550926626884545	4.974932736602447
journey	5.128757142426172	4.95104114455278	5.070725536307259
uncle	5.1023164221971475	4.9487944675620685	5.03392442992798
species	5.020392006483131	4.94985970279137	5.136931776967029
think	5.011666927966086	5.038704935587122	5.07871624662822
bed	4.9781891604813024	4.856581035197916	4.829792110513522
wind	4.910094163121175	4.9678654853155875	4.885503403479878
bless	5.075556526865651	4.970107988859879	5.0289677354576545
destroy	4.8597460099397765	5.110175959479049	5.1243738320585495
author	5.194467463460407	5.004408024244673	5.305897835854444
sustain	5.020133364838384	5.068667738843305	5.261642827442616
black	4.940250238076575	4.88993631810419	4.866324199773776
event	5.059339256499395	5.098563350712369	5.279801416074273
liberty	5.052513562796109	5.12449598371645	5.334329931088128
negro	4.9179430806978175	4.977363773312579	4.997646951346718
little	5.081166402580535	4.913703339276546	5.012472203510449
fortune	5.0758080728699895	5.079128832838521	5.181103740630189
touch	5.025448799022808	4.989381509764466	5.022213132694607
kill	4.760345070133094	5.1060841995737665	4.925118205962559
feature	5.084043106225103	4.967253071613999	5.099982723555646
happiness	5.101862670009651	5.070189001903234	5.230312981977857
assume	5.0551985382066835	5.045168874157399	5.220320257074603
notion	5.038636204505826	4.999317398757643	5.157621508621934
purchase	5.156762474231077	4.894915217683327	5.177743060211426
faithful	5.12876055662065	5.072779093013139	5.257132479286608
soldier	4.909691803001531	5.17604786739416	5.123095433151306
father	4.985058949121513	5.070554878291888	5.086785782042847
narrow	4.975057213953741	4.9194518652448425	5.0103745254034235
great	5.089502798399076	5.022604435322399	5.245621925495491
tear	4.896562685538906	5.022138080622067	4.897459946470403
honorable	5.127895785395301	5.126267699321985	5.3799973766582205
previous	5.078281454111113	4.98771000967985	5.213504405067234
good	5.075690020523725	5.0034694235874975	5.133245058788795
domestic	5.125960236796492	4.9686551516800135	5.196930970368129
glory	5.147009937696926	5.027704741382079	5.1986182586923455
lay	4.975152400636963	4.932134298697353	4.973609082826021
occasion	5.049755255048314	5.069318839144102	5.2203997463024
guard	4.902713301203829	5.127183760769672	5.112611613692938
whole	5.038337818107694	4.976561293329176	5.153914322454459
mouth	4.950125853761417	4.906324863356775	4.8632170893184234
receive	5.131256791429973	4.99547678328182	5.239501283346339
take	4.993257663216124	4.996521392716971	5.076681916315895
simple	5.1412915790044655	4.91613277777992	5.153086432735911
error	4.954786091687555	5.107748926906295	5.259540820896086
wisdom	5.084525594254468	5.087155280691758	5.281459591970228
rock	4.940135846928119	4.919163613186181	4.910517971921371
decide	5.041141152746517	5.091239501535716	5.313434735405831
exclaim	4.900252355857689	5.0726815077556715	4.920576007449563
assure	5.05365080019178	5.077221142126458	5.176584407541303
sign	5.025156088486805	4.999079588524799	5.135658399794616
preserve	5.106083757493993	4.952010537820772	5.1793577350537765
commerce	5.107840192697777	4.9866337012080555	5.280312372513498
plant	5.082315206066023	4.818950883496004	5.005112394471845
walk	5.11137927397837	4.877531097158944	4.935680554052476
difference	5.051256601619633	4.9653179314483245	5.205667139787197
hang	4.939407909743932	4.914030481996729	4.845710802567686
following	5.226523619366898	4.893102840565568	5.2518615835172815
employ	5.104510540819333	4.942309676572342	5.208063263259551
