deal	5.048113333697387	5.017869781479246	5.1091251993004
study	5.2925984581444085	4.907638477417996	5.253864761925347
afford	5.194809825014759	4.942050017131024	5.226464944935112
service	5.193093088633782	5.021181712684788	5.291773196089307
height	5.081075125846413	4.870736822516292	5.039576032425114
prospect	5.169881531094728	4.98758192609078	5.171201433973343
pleasant	5.246243561526036	4.840859116549702	4.976878495862198
shade	5.139383917479412	4.842067605138692	4.944190454308424
listen	5.027467214009072	5.081359066551392	5.041533762186254
mighty	5.011364905420909	5.040087427253983	5.084663075240749
country	5.134313071246218	5.01605450417147	5.278185292163249
title	5.22976424646842	4.9680363391877345	5.353955914515423
choose	5.151364631712567	4.950400619614165	5.21670194110627
village	5.154075622966847	4.907972253570255	5.073452661238117
acquire	5.233794627652915	4.972607379353971	5.30702258107706
rank	5.146421351331266	5.065050263719384	5.281762769446089
bow	5.05287681069793	4.975966531671907	4.981755836671947
doctor	5.003999189410107	5.001943679715999	5.0019038231759865
talent	5.265780997933384	5.022310567182898	5.33101847999341
source	5.187639983814832	4.966435581064883	5.265802594870884
lead	5.065477099785178	5.034887382699637	5.159968740567647
question	5.072838274039521	5.046029042042895	5.278395110284795
publish	5.245060950626567	4.938384241912895	5.341927713896583
interest	5.165575706419931	5.037395056138372	5.302684840667934
serve	5.061395878972485	4.974514081253676	5.1019063287196325
divine	5.1488497796833235	5.013865829596665	5.262091759256942
put	4.958035218332454	4.939502070122551	4.949227428706521
shadow	5.05507645016043	4.920347170535115	4.9881952801756535
practical	5.199644503658991	4.976265341563601	5.338341346252385
surface	5.076571307306306	4.799536225733044	4.95059432835645
account	5.104657108245394	4.987873733773413	5.201873592421565
loss	4.948597301442015	5.101504885750766	5.128826085057018
indian	4.979618978134267	5.045652390878534	5.1236977111707915
vine	5.144109639816497	4.780972527675017	4.993909552775046
certain	5.060963279105157	5.028214086601916	5.215399500108035
sin	4.868509262786289	5.138600675034599	5.0957955165622195
necessity	5.023082365712081	5.079705618688618	5.266708635695858
lose	4.983935270119162	5.06562437809429	5.06220416665173
private	5.11354767019838	5.059279097751843	5.291639718229214
gentleman	5.154837196710075	4.971292527178186	5.121832751877022
daughter	5.03931942799404	5.066031789453519	5.071290569188047
drive	4.836761399355773	5.10980692129786	4.9604656098686455
strange	4.961918399358661	5.0600919215832	4.968239500233726
journey	5.140889207085553	4.941473813950564	5.051528619527674
uncle	5.099475776306297	4.9483382868902845	5.005561267576287
species	5.0618600135917395	4.93790346278713	5.133235560320817
think	5.035026027677357	5.039842617347639	5.073848912052638
bed	4.989922213270281	4.843947635313063	4.804628461212173
wind	4.9401382655945065	4.960498894093944	4.880707024298116
bless	5.077562491815143	4.972114429689525	5.013270433157072
destroy	4.889374457634964	5.105053229828147	5.116905847223341
author	5.227413533403652	4.991370301965793	5.302512058447859
sustain	5.061369764308677	5.0551926594299665	5.259584859414553
black	4.950986359902219	4.881750769758999	4.8360438191472825
event	5.0968747769599565	5.08860585627956	5.27602970240069
liberty	5.092032945155315	5.115872921674917	5.333456896854094
negro	4.941589209605712	4.984907687105956	4.9744230444782955
little	5.109731023612662	4.90814701157556	5.002895607387682
fortune	5.088104492081906	5.0831442975174355	5.1699035863797125
touch	5.055804716520326	4.9851901174097515	5.019159430494905
kill	4.763841717076489	5.1159239541529224	4.89612916937473
feature	5.122221152316352	4.953968624886184	5.093035213275063
happiness	5.13576195446747	5.072422369965189	5.237448005006686
assume	5.094760014463786	5.03335404418192	5.215961884480859
notion	5.083728304568827	4.99717571470527	5.160453851118644
purchase	5.164279961481698	4.879728695194951	5.153080130666888
faithful	5.140852226531499	5.0719643277539115	5.245912767633141
soldier	4.920175314022392	5.180732747350924	5.096407324861225
father	4.985116306216092	5.076495635561632	5.060741910048332
narrow	5.016626328160532	4.903453410753629	5.006089722109789
great	5.130169791830747	5.011521678795901	5.246221828816357
tear	4.901889741062677	5.02410885316762	4.878340437621219
honorable	5.147748298463294	5.120041416650685	5.368740843740105
previous	5.112804163942718	4.971354395773507	5.204418232475723
good	5.100466125264411	5.004621402685273	5.128300042501182
domestic	5.1663936220039615	4.961221919219323	5.197312103893839
glory	5.1696068021466495	5.0127225499012	5.194945980663276
lay	4.999491006970337	4.915064621553923	4.959198614498388
occasion	5.08902185290765	5.0618384074333065	5.214697945416841
guard	4.910217597608494	5.128113854505586	5.0895637397537055
whole	5.083119576230526	4.960126538631586	5.152657623103727
mouth	4.972521295624577	4.894927564893774	4.844986026721549
receive	5.15124069444863	4.984960603621147	5.226788029478351
take	5.013999232508686	4.988449946979039	5.063531285087122
simple	5.1861852381593305	4.903236223726056	5.1543545632196786
error	4.994316383201853	5.1012674019649795	5.264463177268086
wisdom	5.1196237050115725	5.083454430731912	5.2857634183236355
rock	4.968277580486136	4.900646821808113	4.895917817385706
decide	5.085502902570666	5.074051955737184	5.3118473318062405
exclaim	4.90262103664504	5.086204578525408	4.897232656493224
assure	5.0752838157135995	5.077548581910406	5.16770974587338
sign	5.046517703003455	4.9860591952212205	5.123397223228899
preserve	5.136838310361766	4.933740983368618	5.170622501645344
commerce	5.145744385769054	4.9686646851516105	5.278361246238916
plant	5.122961861623914	4.799176888153197	4.995598350797995
walk	5.130547255169341	4.869142790206522	4.9152901271449325
difference	5.0998652639520605	4.957312874802615	5.211789753690457
hang	4.944848582823894	4.9031204560717745	4.81823273883301
following	5.252732101610283	4.8695786761468955	5.241263887594179
employ	5.141796052718384	4.928279492225091	5.199114272846857
