deal	5.051434639339272	5.013948933824468	5.112954509970675
study	5.2761305802016665	4.917758163403065	5.259158706983497
afford	5.176115706022046	4.954510530761036	5.223776257290648
service	5.189190681230592	5.019787328828728	5.292765711509802
height	5.063425696447423	4.887949710893005	5.033415329399695
prospect	5.144194995961111	5.01332517354239	5.1699212473058065
pleasant	5.217562188622095	4.862001328802259	4.97382137322036
shade	5.113866892155819	4.869916532057261	4.946590076402323
listen	5.0251842713783175	5.07723187162598	5.03510488033072
mighty	5.000084738781707	5.048209853167687	5.075098806889051
country	5.115907791454633	5.0266575132670335	5.273340255209456
title	5.233072677242477	4.972756208688718	5.351763494406469
choose	5.151847785032996	4.9519720776600105	5.206064238402128
village	5.130077482385353	4.919737405416728	5.071416001041955
acquire	5.220714410124258	4.983761647968657	5.308174927806972
rank	5.140451672363161	5.070798867954315	5.282036283781161
bow	5.0618183541298825	4.9762499399980085	4.985334691191341
doctor	5.022101485076367	4.985514132628106	5.015857919224426
talent	5.255452496005717	5.03579990156607	5.342464557442729
source	5.170478929717586	4.986547443365751	5.2589211336495305
lead	5.052034783246392	5.041046074062532	5.149656405489613
question	5.066761714428106	5.042074959173116	5.269518131847648
publish	5.2480427887858525	4.9447268424148145	5.352907396059225
interest	5.153139196366632	5.048658372153266	5.302861719069715
serve	5.063662819531368	4.9692512184781235	5.094101521915647
divine	5.13610910412654	5.0264396254703	5.250183952774125
put	4.977928385817599	4.9285410533873	4.949457794187563
shadow	5.0370647038122485	4.943264752293833	4.984593759082313
practical	5.184413078814101	4.985215134687166	5.338446373417186
surface	5.05793769600362	4.822011632930162	4.950292338948431
account	5.102814869121604	4.989354425251172	5.206328564341142
loss	4.947724238623877	5.101146793457973	5.127942817538276
indian	4.971276716991229	5.040740994720232	5.113141463241396
vine	5.123265869492838	4.803932724951366	4.999497900640323
certain	5.049760530942848	5.031973237125534	5.2075100736342606
sin	4.868709466031642	5.132419116810439	5.083653269154065
necessity	5.012080443937976	5.080698480750398	5.258770359423604
lose	4.983018273790127	5.070798840641479	5.0549627794358125
private	5.111995865911052	5.060147318681092	5.291704637526959
gentleman	5.160539209122087	4.963185217663004	5.1306948784161355
daughter	5.04373037414271	5.061092430486541	5.074305656916107
drive	4.838815720148806	5.104824594265745	4.953067652977666
strange	4.952235054627088	5.061015097849512	4.961707385806338
journey	5.127014756954585	4.954752730241253	5.053965770894828
uncle	5.119343884854006	4.946794153330021	5.025138984383962
species	5.05164455215914	4.9458573540726345	5.127827376177805
think	5.036765799460385	5.037632877703205	5.071332072843528
bed	4.9923840227448695	4.846526762838556	4.812052715245142
wind	4.926127713261726	4.974361651221421	4.876060968867738
bless	5.081176324966005	4.9752240036899575	5.006385617213334
destroy	4.879610090313856	5.106596687271849	5.105217554509156
author	5.219723704932017	5.001373531859846	5.307518287688613
sustain	5.050276438045071	5.065571247870835	5.25876976856636
black	4.96159188526465	4.880252707966125	4.85071267917032
event	5.077868947515866	5.102158197331457	5.276836009153438
liberty	5.081577859877053	5.123307220885241	5.3237343514452835
negro	4.940354629691988	4.969958669889113	4.976845261141367
little	5.104210374557025	4.9101513876779626	5.002882586085511
fortune	5.083716887778439	5.092724118775288	5.174098864456391
touch	5.052335934439282	4.988126382198216	5.013337822261209
kill	4.780833437165269	5.092426072184085	4.891331946779767
feature	5.103033218448067	4.970316252050999	5.098854089435139
happiness	5.118128714746615	5.088697625796942	5.230172756221172
assume	5.08694079390802	5.040233482763487	5.2159243353967275
notion	5.086154641756413	4.996902407432293	5.164219198774407
purchase	5.166430109919481	4.880472770358399	5.1490708081319445
faithful	5.1351647728665695	5.074355709960033	5.240739861490303
soldier	4.9214856573786925	5.166800117743371	5.091139878995682
father	4.990866385748209	5.067128685823948	5.058617957549302
narrow	4.995701900516241	4.914121869115991	4.993888463536066
great	5.1191489823404375	5.018444193682435	5.241648977237898
tear	4.91125717941824	5.024150655712589	4.881204278027956
honorable	5.148784048771881	5.122929841757695	5.374432109091421
previous	5.101912646893949	4.979895107118578	5.207057638298873
good	5.099208356315068	5.000457609332791	5.122868618125387
domestic	5.147823436394744	4.9685895101032935	5.1920387490394635
glory	5.157693836034996	5.037720010205591	5.1886997215738635
lay	4.997274488385046	4.917373120554692	4.95201461812
occasion	5.078815185764594	5.064539227553743	5.215726819103816
guard	4.9105314482952185	5.121719590200595	5.081899412682813
whole	5.069953674396442	4.964947942656441	5.144574953487638
mouth	4.984566343323906	4.894312213110414	4.854618237757774
receive	5.151395490031338	4.985220936280716	5.223121749364479
take	5.0225038745548245	4.983183164975013	5.061328414894359
simple	5.169163880490974	4.911365768981704	5.147831581369009
error	4.986463972047754	5.10710090031675	5.26206975516465
wisdom	5.110009523116167	5.092584027055811	5.278304166288246
rock	4.955659458667602	4.914895411462081	4.891322863944828
decide	5.077699029791903	5.078714864356369	5.3085895750545395
exclaim	4.92401259674319	5.068839855810784	4.905671697030286
assure	5.079301696916191	5.0743662490729955	5.165982691010888
sign	5.050814168759156	4.982813576972781	5.117442528759798
preserve	5.132303186881663	4.944248320845444	5.16970935427133
commerce	5.132669963868242	4.98218788915918	5.273065782203565
plant	5.1009838323986605	4.815379334894365	4.994000694898408
walk	5.12047478012407	4.87817473097191	4.918564208091248
difference	5.0882700916844605	4.958548736721788	5.2024905837924775
hang	4.951829057908043	4.909981890444062	4.827503205266813
following	5.2459414432579905	4.878259273833268	5.243931491480106
employ	5.13532474492759	4.92909019315694	5.199749393619103
