deal	5.057376288784285	5.011707652043906	5.114506932266963
study	5.293687751697284	4.923537181396103	5.267026937147338
afford	5.198444719659665	4.954303172587171	5.238363918153662
service	5.214781142389699	5.0287937861480225	5.313005530249758
height	5.072591297785249	4.879661684624914	5.045070281209546
prospect	5.174645087447678	5.0014114985532245	5.177966642601636
pleasant	5.258899582359214	4.842560716886662	4.987385290582026
shade	5.143651974188317	4.856926099458986	4.961874928307592
listen	5.039019140492762	5.077628779613572	5.050448735862193
mighty	5.005882496978619	5.043780740666534	5.081414687637074
country	5.135431475477499	5.030693187507952	5.286203192695046
title	5.247327309001974	4.9876223068683245	5.369053755702078
choose	5.170268974682727	4.9543868688465755	5.224423813207607
village	5.16746327925498	4.908680449797283	5.092957907959075
acquire	5.233695360837578	4.989829426734728	5.31923201712923
rank	5.154154573906557	5.0778909653449125	5.2973970098286935
bow	5.069468361046709	4.97043872294	4.995821799183885
doctor	5.021583039280771	4.988469411962425	5.013678160979319
talent	5.265571726624779	5.038877135234293	5.344722619143562
source	5.1878276756064405	4.991053218266226	5.268976577298134
lead	5.065150633585536	5.040628677666902	5.167173220968642
question	5.067973404947602	5.0596874798136495	5.278351402541138
publish	5.256924973231077	4.956371324195575	5.356323076130753
interest	5.167602970809154	5.054715921715905	5.309214091991292
serve	5.073372636804062	4.973217867646127	5.111022070298792
divine	5.15265760933152	5.0362539175656975	5.262709488733908
put	4.969456807467104	4.924986529655517	4.952705957584898
shadow	5.054252360727394	4.935084612901131	4.996170042048155
practical	5.189547904226304	4.9972730858114405	5.3407701251176825
surface	5.0647108289767715	4.8129496668806375	4.9576337451485815
account	5.112973479462683	4.993618669599676	5.213751917875414
loss	4.964453492932508	5.10000024475628	5.140411101831415
indian	4.987630999729723	5.04695890119071	5.14290650163994
vine	5.146738369666048	4.789637201683083	5.014068953254693
certain	5.057793896170172	5.040301332931723	5.22106166811987
sin	4.884898568300654	5.136562088301241	5.097946350862454
necessity	5.01797070583505	5.093735802325147	5.272173330454108
lose	4.996714379121502	5.062684018062177	5.066420169997343
private	5.123283118091627	5.072226964607427	5.301289593928169
gentleman	5.1739235195745525	4.96477944695378	5.138989584125772
daughter	5.077187120996153	5.058806935148855	5.096705900873316
drive	4.8491746340378885	5.094685395457	4.969002691742772
strange	4.971373394669075	5.055763929895891	4.97866921731291
journey	5.158296576516717	4.940260109202133	5.069125050425851
uncle	5.134364672484706	4.93367437580661	5.022265039313155
species	5.062270891322831	4.9475374514996835	5.141620764862298
think	5.048439006254441	5.034669867816022	5.079882840692774
bed	5.00900891026936	4.834166960486613	4.81876579917936
wind	4.942036297241349	4.960131277085532	4.8892861562536565
bless	5.112868736999693	4.965767740007419	5.021344094593854
destroy	4.894367299628769	5.107253841419069	5.125408467665662
author	5.233246755199661	5.009104174292476	5.314309635929453
sustain	5.057511561541735	5.070720246261954	5.264787458084728
black	4.9683402295499235	4.869692154900178	4.859907449420304
event	5.09097015498707	5.10849685470236	5.2846860579638815
liberty	5.096462050916059	5.132855068391366	5.335514578399015
negro	4.95591120262583	4.962869387543728	4.991177970633659
little	5.1221433715858495	4.901463350259132	5.013966237357388
fortune	5.108136788742769	5.085129786423422	5.18512979060246
touch	5.061479098878875	4.989248250188601	5.027278620270735
kill	4.791343895213285	5.086708048439326	4.917597887485796
feature	5.112871135457994	4.97461784393825	5.106967120733525
happiness	5.144041450569979	5.087761121533061	5.241711736132798
assume	5.090944188404802	5.0490419567015845	5.224513694771042
notion	5.079670650847268	4.998447811705986	5.160338160276961
purchase	5.1960666279301355	4.875852396724931	5.17011556791762
faithful	5.162573982580494	5.079609892718766	5.259383001250767
soldier	4.932175311534392	5.171618867482098	5.1165085421692345
father	5.015721059955589	5.068861112546869	5.0797088665891446
narrow	5.004852833209339	4.911067426167456	5.0093835051143305
great	5.1289812400619095	5.023571906984674	5.2512317992322615
tear	4.927365186207732	5.0172900133108085	4.892466205998893
honorable	5.162812783142109	5.133227301374522	5.384749784625433
previous	5.115024339832299	4.984699991098118	5.215091288800271
good	5.118666717009562	5.000967888735122	5.137746023106929
domestic	5.172195050210484	4.971969349223853	5.205250305568369
glory	5.178713453841446	5.030478106090135	5.1962454925396155
lay	5.006744007433	4.912831833133194	4.966205352121348
occasion	5.089606289877204	5.071670899469402	5.2243122895323655
guard	4.923565756289595	5.125171964722256	5.108371608538864
whole	5.076368348253426	4.969635722109356	5.154821443277199
mouth	4.979526698847241	4.889237966829065	4.8599144703295085
receive	5.1731742665567415	4.990102974246678	5.241985496057554
take	5.028361548183906	4.984346982929799	5.073003295295287
simple	5.18249383429554	4.9168507810001465	5.160086048402208
error	4.989424482623884	5.1178400785838045	5.266834239982635
wisdom	5.120696617965299	5.100593330403505	5.288978927094061
rock	4.966816937982937	4.902464338611281	4.905452245914073
decide	5.079238075061333	5.090893350983962	5.315024670372352
exclaim	4.927344125922959	5.06527347579765	4.915464879865656
assure	5.089731939995785	5.0748086760044755	5.179805162531152
sign	5.053414036111891	4.9944355123347295	5.130415917033143
preserve	5.142351786549534	4.94777944084884	5.181843368705208
commerce	5.145615853389805	4.988516147147888	5.28645350015257
plant	5.125027737763745	4.80498806428368	5.013279237230893
walk	5.142608237325649	4.862127010170412	4.929323906501143
difference	5.094119886850813	4.967617854015671	5.21173090740157
hang	4.961334176496223	4.894843702016641	4.835894500606225
following	5.2646227916800585	4.886005093068684	5.252996718016287
employ	5.141711859667993	4.935683110722752	5.211372969049408
