deal	5.037407831372944	5.033786422982735	5.121875624229035
study	5.270415781527795	4.9253520197766845	5.256600697157833
afford	5.16637221406529	4.967221217143643	5.219769996019385
service	5.169385275519671	5.040875213390783	5.286402922981584
height	5.049503560891494	4.904463603804647	5.044597839935453
prospect	5.15124109117003	5.020091048849371	5.177885075545751
pleasant	5.236812778144815	4.877193638392097	5.003815884712554
shade	5.1145137291865606	4.886492811105222	4.973599478162462
listen	5.005962826432813	5.103621804958962	5.055590122977485
mighty	4.98310526731536	5.057414784214217	5.083606960811477
country	5.103419083150914	5.0298124989728485	5.2633325642479045
title	5.207421864512865	4.977192472500715	5.336673804871135
choose	5.118917187516107	4.977771780145487	5.197166588270764
village	5.131689604222974	4.942118567428482	5.080718455233548
acquire	5.203771802475707	4.9878604087910805	5.2991354447989565
rank	5.111355375254974	5.083155504829797	5.272508428279433
bow	5.031280331428803	5.005930520906434	5.002449792552713
doctor	4.996564411026766	5.021860490521565	5.024758266435742
talent	5.239510338856093	5.035926068243986	5.3326726361811705
source	5.157730876844486	4.983994630061813	5.253920954074954
lead	5.030384581274171	5.061751789383605	5.15041217769158
question	5.031545522705161	5.060938400335804	5.25453143931277
publish	5.22317757600178	4.946683522703871	5.329074916097539
interest	5.137961671003396	5.055332139638064	5.29689261706422
serve	5.032708836588906	5.000151577300178	5.100077007912864
divine	5.1137364536513275	5.032439970513092	5.248876985871282
put	4.929973952112085	4.9731298938656625	4.9591629381768385
shadow	5.028275015888966	4.961218907921145	5.0054158275738825
practical	5.160655986198032	4.989180619125701	5.318980425915844
surface	5.038302065039812	4.842423425740969	4.965563113328984
account	5.0841422333664665	5.007793432338072	5.203938647996437
loss	4.933485040510404	5.1272948946524854	5.144094773498352
indian	4.9331268958577965	5.0729161418669655	5.113254084583746
vine	5.113142346015539	4.8295643672632975	5.017557285364301
certain	5.020822496945661	5.051686428539219	5.202787509225535
sin	4.848586394252427	5.156976326672749	5.10134962141939
necessity	4.977188305336174	5.101235566934472	5.247301983702018
lose	4.96852742921009	5.094651822376515	5.076632911449086
private	5.092558323080369	5.076124677579415	5.281512433391586
gentleman	5.144346571004357	4.992678145230983	5.133506694302907
daughter	5.047473656661221	5.089362248953061	5.100128687512781
drive	4.815170869450289	5.140205081558255	4.973048169823694
strange	4.950133067024178	5.086179352956418	4.993042074873739
journey	5.1316280861194725	4.977669207279019	5.070704762228763
uncle	5.117286686267022	4.9748690495758305	5.0425406501599035
species	5.0251372498861855	4.964162805541362	5.134389113646355
think	5.02510771414276	5.062455506422092	5.088234204996573
bed	4.978852058475659	4.889615639408286	4.838622592609128
wind	4.909626723742038	5.003589887555018	4.9041892272661585
bless	5.08036705859369	4.9982062259841715	5.03739456650085
destroy	4.851032491176972	5.1301595115277845	5.1120474642245926
author	5.202942048254837	5.0008326748805265	5.298543984959004
sustain	5.017900703913764	5.078484224672293	5.247458460420084
black	4.929653454602253	4.920158505494983	4.870663328967634
event	5.0643964950759175	5.109732213592208	5.271116317743579
liberty	5.051811444167021	5.126003096131647	5.308042940238128
negro	4.919609978461639	5.011840719043017	4.986968461289055
little	5.094304814882314	4.938724190564891	5.020709388661283
fortune	5.083971608724667	5.107510446471145	5.18981566369583
touch	5.027432544779123	5.012292782439972	5.031679467267525
kill	4.748655213916932	5.146221678009922	4.921405818720734
feature	5.089620836223005	4.982424756483872	5.106639006405441
happiness	5.117534565866709	5.0940032206129775	5.2414144327116805
assume	5.053844331297086	5.05758060976418	5.210575363854582
notion	5.061488742681661	5.009999906613596	5.160209649079297
purchase	5.161346488467623	4.906264709947572	5.159510448685286
faithful	5.119026909117911	5.091018330089294	5.241033730181733
soldier	4.8889787215983205	5.202171936847143	5.102429544652312
father	4.983096970968704	5.09853089519603	5.080243552591013
narrow	4.980651097113961	4.937692509367895	5.003065499709477
great	5.09846228017325	5.02845401012743	5.236216947898012
tear	4.890765149285006	5.056676073581364	4.913701302059571
honorable	5.124612260238668	5.1327253470159775	5.358592748435601
previous	5.076696835455852	5.002031368519949	5.197294475249787
good	5.086497771186833	5.025546311600441	5.134896081157663
domestic	5.138418215758625	4.9813081776460075	5.194495308150879
glory	5.1499880206847015	5.032989578554357	5.198483370760642
lay	4.965501253440115	4.952787182534951	4.967269759940927
occasion	5.050984096668708	5.086110191287697	5.21008565337218
guard	4.875639583597226	5.161629856833051	5.089491678858256
whole	5.041386936711663	4.984760556681846	5.141743123209353
mouth	4.945531999501079	4.931192993948572	4.872504106898111
receive	5.1265820493919065	5.01012803418693	5.220984718536404
take	4.9876056480021616	5.01908209431078	5.06599217114412
simple	5.152607749699636	4.924804142999228	5.151701021858437
error	4.958445967684526	5.117896228525267	5.254654063454017
wisdom	5.086416476016467	5.099658281618995	5.275824552239346
rock	4.93572395288287	4.942124285803398	4.911871810905901
decide	5.039681903278693	5.096922468670256	5.289433615861359
exclaim	4.900897214342461	5.1098556515542315	4.934666211460631
assure	5.0598441702237285	5.098721460774042	5.1737676358992895
sign	5.01164949091024	5.012707128147073	5.114455083905929
preserve	5.101427490996349	4.9600045725467945	5.168551845775847
commerce	5.108599337268102	4.987974802135387	5.261559762405811
plant	5.08469076697585	4.841612466966942	5.008645553008497
walk	5.122132869761931	4.909142304764925	4.946036003710263
difference	5.068074270412014	4.97335742575796	5.199685370369376
hang	4.932116080650612	4.949834152725806	4.858935588509802
following	5.221345515449717	4.893173315388152	5.229356540902906
employ	5.104943414419398	4.950537436098625	5.190909995341074
