deal	5.0194623904681706	4.9960474631585825	5.105476798103719
study	5.250340443704893	4.885378041037317	5.236576093192657
afford	5.149183091650656	4.931054956627052	5.21510172657224
service	5.15285554959755	5.010329027121925	5.279427395133115
height	5.042386523758677	4.8514579439266265	5.039553932540223
prospect	5.123422930440123	4.983100261171911	5.160388944953766
pleasant	5.2125278135092215	4.826652933961824	4.972334010410776
shade	5.108063789340927	4.822454635478307	4.94667157987726
listen	5.003352894964319	5.065796903725951	5.032908551196296
mighty	4.975413332541418	5.0214548591344546	5.077147627936608
country	5.088649045995811	5.002565581586023	5.266917876745049
title	5.203101400921767	4.954295090832283	5.345511417780745
choose	5.112084083873122	4.944716786640562	5.2047658229586755
village	5.121412648670567	4.89521721372299	5.07739143785426
acquire	5.183958531532064	4.958818848575189	5.291736151910304
rank	5.103669962797933	5.05116150599032	5.268770402845375
bow	5.0354119888942765	4.956973350690621	4.986307594798042
doctor	4.981524431461847	4.978036151419162	4.997426809646007
talent	5.215519380634193	5.004084684869908	5.314038254935726
source	5.139310828930085	4.9555443475899335	5.246916377809154
lead	5.0263618346710555	5.0238924143109775	5.149559591056308
question	5.023870530911985	5.039402900390076	5.26063863238886
publish	5.2198343347499865	4.915754880449384	5.334019076766714
interest	5.120459159226453	5.027839109105144	5.29131721119837
serve	5.027688286062286	4.954657456305089	5.089465064131239
divine	5.1052515786789066	4.999979902392201	5.2401908734962035
put	4.934502372053523	4.923646580933223	4.94986173743148
shadow	5.023793443085897	4.905163040644311	4.988442400069905
practical	5.146902059728721	4.959558397313744	5.319532496548506
surface	5.03469554261165	4.785718401252711	4.955710498954211
account	5.072800578122095	4.969959797072008	5.196556785725864
loss	4.914861153791803	5.086519983944718	5.119975685935807
indian	4.9456802043297055	5.030859448491225	5.120094616792719
vine	5.102481726601168	4.769970821816016	4.998384468785379
certain	5.01383478313185	5.017245559798735	5.202074806088201
sin	4.842153196417118	5.1147174202323535	5.079874349205648
necessity	4.968325910102425	5.074398213278935	5.250649222813244
lose	4.953137199699427	5.052003260581587	5.05114950024891
private	5.073371871023577	5.051063831937349	5.281772830005497
gentleman	5.126462430376282	4.954488007668706	5.1200223115425025
daughter	5.02696253668528	5.045503307851719	5.070499295755076
drive	4.8147675203759555	5.0944696600539645	4.9628050522048985
strange	4.943265310237763	5.036070250569039	4.9645017181993385
journey	5.115111966516136	4.928980753131786	5.049617765012109
uncle	5.088231994959567	4.932624380672805	5.013629030615127
species	5.023424994019659	4.923820162245008	5.133483510873594
think	5.005253497196704	5.0217132311346395	5.062981443661037
bed	4.971424066075536	4.828039067354058	4.817625927801726
wind	4.910675221677655	4.948289258367822	4.884328958066792
bless	5.060831904423397	4.958498042627393	5.007952004102253
destroy	4.852305304130672	5.086575824631126	5.106926997426175
author	5.197508031031888	4.964829908823496	5.287315470535411
sustain	5.011655376761238	5.042041282596639	5.245898470342866
black	4.945796280539629	4.846090008437285	4.854625030919555
event	5.049998389872202	5.075434556988888	5.260024168681615
liberty	5.044372107078162	5.10588650816995	5.311246700924644
negro	4.921343317211537	4.95942000428302	4.98374671973183
little	5.082009761626698	4.8882606186623025	5.000958524303306
fortune	5.058050125637001	5.068702008468308	5.161574535318155
touch	5.028723691239753	4.967498484719221	5.012424861288993
kill	4.751578311697825	5.091864032258399	4.896602603244162
feature	5.085787593303317	4.927836916003946	5.089879324514695
happiness	5.087763722393362	5.065165893918816	5.214218616574023
assume	5.048368625534342	5.018973195370346	5.204148244479476
notion	5.047296922515222	4.9749032511973015	5.151717994929193
purchase	5.138487162258898	4.87492225489415	5.15845490480375
faithful	5.112013866659987	5.05659539743105	5.230418325919916
soldier	4.890351210597139	5.16255126127368	5.089472871481659
father	4.966679906752575	5.0598843441179175	5.057065830688328
narrow	4.977359401784767	4.89046510449574	5.00919605769936
great	5.085083861747008	4.995265420552229	5.232869546661249
tear	4.8893178078330415	5.002755914651145	4.8791102248687555
honorable	5.1061655535189585	5.110211570415032	5.353010551336477
previous	5.067863062630333	4.959184824773505	5.191423575554557
good	5.067132198185019	4.9881578064976955	5.1161498724574255
domestic	5.120474174952022	4.944719709573925	5.182132444070843
glory	5.132487609146391	4.996460720030965	5.1776675705726385
lay	4.976674114750401	4.897779277463069	4.9619538377488475
occasion	5.042211730318294	5.049820976448313	5.2005841587259205
guard	4.887253532120025	5.119418701193969	5.091149759446213
whole	5.039762278831245	4.944142052587167	5.144426444673652
mouth	4.954844621925245	4.873465216754673	4.857605708295773
receive	5.117169774709153	4.978377020330701	5.218057093868749
take	4.98471887362433	4.977835887273063	5.058526032070526
simple	5.147617471115487	4.880699365305161	5.14346960055598
error	4.953451156291064	5.083982745044589	5.24885260455248
wisdom	5.073609778191005	5.0675472421927035	5.2627875780884
rock	4.941739531681455	4.887386937522583	4.9075596731496605
decide	5.0331646963142855	5.072480535783893	5.296361257981453
exclaim	4.895258620766182	5.065571246136763	4.905906229560826
assure	5.04119487913171	5.0692334757064605	5.158686197886616
sign	5.016858475344013	4.97532286482179	5.117390194726282
preserve	5.097197507112121	4.913299768859251	5.157328757672741
commerce	5.096847695251702	4.966274483698079	5.271713319560478
plant	5.082214532881749	4.781999669554982	4.995822024851386
walk	5.105165832436443	4.854748455563103	4.921986785631062
difference	5.051171826774631	4.941594050707071	5.196678621426334
hang	4.937547058538863	4.881261951697231	4.8372810444655565
following	5.2233099168746016	4.8543692050415554	5.231807716354307
employ	5.099538918285502	4.911924561331012	5.194240758298008
