deal	5.06227709085539	4.99025082997815	5.10406329213454
study	5.274530304300224	4.897666950042854	5.23488299134124
afford	5.188760047197898	4.934783430320598	5.215888565287127
service	5.199855584095584	5.000884989646207	5.281634962097789
height	5.085082666546493	4.85447334604769	5.040566468021042
prospect	5.1661246883636025	4.977987074165857	5.159910871493406
pleasant	5.242319869962682	4.819525795256765	4.960108381322023
shade	5.131264991392379	4.825488773303413	4.934629635681289
listen	5.03687622748047	5.0473344836145575	5.024635276844239
mighty	5.016872248857957	5.014976126569141	5.073265922022942
country	5.12528423592654	5.003999661276275	5.266098585552621
title	5.227182175689689	4.953570416309005	5.330737327970449
choose	5.156441358263537	4.936865490584496	5.203435459632028
village	5.159405519525326	4.884027563256807	5.067332192904289
acquire	5.21957068305291	4.966447361056472	5.294581519772634
rank	5.148183345475165	5.04320921845818	5.2702008986490805
bow	5.076884180028232	4.940260599850279	4.974233834816404
doctor	5.025666738923928	4.964723346364128	4.998580653468304
talent	5.251459018284233	5.011110911431532	5.318728687396303
source	5.171451897079292	4.965306434089699	5.247159679968121
lead	5.0672534549033	5.014133562221517	5.146436612324881
question	5.064178524881971	5.03281126367695	5.262082067052076
publish	5.2313220927618485	4.926076097058015	5.320750177156711
interest	5.157071157860202	5.031759146579815	5.293630264043208
serve	5.070042700677266	4.948040382143884	5.0908254536965325
divine	5.137173303333871	5.00582848025477	5.24031945955893
put	4.982342949428786	4.906247676475164	4.9474494266918
shadow	5.053218044891607	4.90420880898492	4.977512623628102
practical	5.1766603394508754	4.971080782490578	5.322115832579252
surface	5.066761513949481	4.792213821977486	4.951519322308872
account	5.108879349012925	4.970340593233921	5.197049345086074
loss	4.9661616780027265	5.083113300492672	5.135099734824694
indian	4.98596083172856	5.0137167476043905	5.115583611438654
vine	5.135289257649382	4.776342668614946	4.9981335591559475
certain	5.0576105885173375	5.016937316114579	5.208325250102013
sin	4.880569359432683	5.113000544705936	5.087633867638996
necessity	5.015795294257112	5.070937878107639	5.261713902693891
lose	5.004032433204507	5.042644893990104	5.05671237729127
private	5.120248511749182	5.045175553358962	5.283703674203744
gentleman	5.17247528531095	4.935838186811213	5.112385346578245
daughter	5.0702976054670135	5.030610295233232	5.0659004560418035
drive	4.871293063963518	5.069504856174864	4.96562161608606
strange	4.9783290975887615	5.025864824372487	4.959770804580811
journey	5.152553466787628	4.915603198381061	5.041071218607232
uncle	5.134136694658576	4.9176762753976515	5.003220763468908
species	5.061936160957766	4.927637525876449	5.136363444671761
think	5.049668190365022	5.013655694733408	5.063902164780317
bed	5.014344302667974	4.816880283302554	4.811131634696744
wind	4.952272651340275	4.932521137184271	4.881523830453176
bless	5.102238723313456	4.944657400098799	5.000008506582117
destroy	4.895010495964449	5.085131203605523	5.116627254251829
author	5.211904757431521	4.97573092107509	5.2794659198397484
sustain	5.05009062820698	5.048254178153736	5.254402513049482
black	4.976954646081627	4.836592674480297	4.842360205695015
event	5.08135714504173	5.081399502258905	5.266880255219074
liberty	5.078449144496458	5.104645214102228	5.314172323800677
negro	4.968425801895531	4.94110626408982	4.9790290547698115
little	5.1201130791697675	4.883615079688054	4.996089922637912
fortune	5.1070642433175095	5.061303175275346	5.165847531575446
touch	5.059000566082712	4.960707490368661	5.003984890350913
kill	4.807926764395231	5.065880757594763	4.905527455055861
feature	5.109865444141319	4.93544208313568	5.08287549193807
happiness	5.130149569825446	5.065551144652023	5.221731979672075
assume	5.087203174052425	5.016563082095139	5.206866798688965
notion	5.0853240353495766	4.973913207444945	5.1488953879203825
purchase	5.189024138201634	4.862249287802674	5.150533799719687
faithful	5.144913949737034	5.051261830216611	5.223570881189439
soldier	4.945641176627262	5.132715705567923	5.092657883482229
father	5.011673848912094	5.044815555313304	5.055257304669078
narrow	5.021335387523453	4.884250871402232	5.002254660790792
great	5.126441384042522	4.999174855944903	5.23873192378699
tear	4.922400317012358	4.992089433453668	4.87428399037899
honorable	5.149732952211051	5.103731671516416	5.356018891461073
previous	5.102359241955422	4.962219784578155	5.196722722367773
good	5.11404057791635	4.978416382097288	5.117591995373031
domestic	5.154172198382056	4.9488392344274175	5.183136052794387
glory	5.1666044452788995	4.995744089202461	5.17300211265637
lay	5.010869346640888	4.890249756778526	4.952386935095711
occasion	5.079947271324731	5.043711879930607	5.2057946189650695
guard	4.936839173350576	5.090657813198807	5.086477453567915
whole	5.077496000702683	4.944999879349876	5.146039674936315
mouth	4.9958991231114975	4.854624644870387	4.8479071831681795
receive	5.160915528469707	4.970699701020695	5.218587515825882
take	5.030385787176408	4.963889683842152	5.057731012073712
simple	5.172796044838035	4.889530221565123	5.137219414634313
error	4.981196890984015	5.092830955025125	5.255977070167876
wisdom	5.111306710399595	5.070456196416936	5.268584580559767
rock	4.980645947745375	4.875924715445413	4.897260001369277
decide	5.072756666702213	5.065775933028576	5.298247831615136
exclaim	4.947136314048677	5.036977692780253	4.9012803009313926
assure	5.093411042864448	5.052112927602725	5.160168406173906
sign	5.05866861524068	4.9656104438662	5.113431308890571
preserve	5.1274707895245175	4.9224181965057845	5.159037907741517
commerce	5.139274230947584	4.958601566031377	5.2683142672164465
plant	5.112138601158504	4.789948922611138	4.994590700630255
walk	5.148788962817103	4.838489031843582	4.910574093817505
difference	5.094065363744724	4.945307296652281	5.20396180122489
hang	4.977013419060697	4.868835927060082	4.824719466519507
following	5.238310800898698	4.860316591139414	5.219521832330851
employ	5.142326720058859	4.912902668206186	5.1952318479489366
