deal	5.008801483384406	5.022168655106855	5.100216337144715
study	5.251337453961958	4.93085300255333	5.2526184785127175
afford	5.160490080299639	4.960874904545676	5.226614583792107
service	5.139892006373377	5.0318150538470325	5.279568109797568
height	5.083418282261841	4.898246835948901	5.071778417159077
prospect	5.139164853292015	5.010287229307088	5.172700974257765
pleasant	5.216740548459738	4.859505170604329	4.980958880459208
shade	5.131532016488645	4.869551481230241	4.9722506480578215
listen	4.981260950490828	5.090153320964122	5.022845852262084
mighty	4.9958977756319864	5.05957482377188	5.092165938796747
country	5.096841522101767	5.038415901703101	5.2773673011528475
title	5.1772488718649745	4.992746374976885	5.342888788455735
choose	5.105429954441087	4.964946749752625	5.205229058901798
village	5.127657946146876	4.924741560909346	5.077552867496058
acquire	5.191805969632465	4.996734120319927	5.309649969756092
rank	5.103586597714074	5.080651780780584	5.279504976929108
bow	5.030017659338055	4.980563514203189	4.986732413880915
doctor	4.961849791244563	4.995253196776288	4.988840313958791
talent	5.214121128393572	5.042770768912623	5.329149232139987
source	5.15842905114153	4.99970921803405	5.268618969232233
lead	5.032005701207749	5.050410901122966	5.156306161691499
question	5.008334913846902	5.063285881476396	5.255961445660214
publish	5.195707938193311	4.962081372268033	5.330714106449698
interest	5.116249333358877	5.056398436552129	5.294724956459709
serve	5.027466615827393	4.981925675492216	5.100258477533302
divine	5.114273582858257	5.045700407805848	5.2619910287028056
put	4.929889215738269	4.935947935755256	4.9471363152399395
shadow	5.04296670440686	4.947660409499143	5.0071050819277865
practical	5.1540086339840006	5.000678160054964	5.336192359012006
surface	5.075612705839914	4.827708552828411	4.985593300958864
account	5.062598381882015	4.999375617997441	5.195958818833996
loss	4.912034396297439	5.110064728802353	5.127811888013498
indian	4.938654557226264	5.056852915567917	5.118357133987551
vine	5.141024361435523	4.807226024585931	5.030076884771623
certain	5.018360932018846	5.045613626705279	5.212036430284224
sin	4.840822864553193	5.153672076167049	5.095799637050586
necessity	4.976663335695516	5.094624861133163	5.26012210669837
lose	4.959645090228483	5.07674278180874	5.061200267628059
private	5.062870053124433	5.069054060064475	5.275492036188653
gentleman	5.098665518001854	4.9674696145267125	5.1027622804769015
daughter	5.003015900558516	5.071401017065133	5.067840019231821
drive	4.827035410150218	5.107666347695951	4.9657067596938385
strange	4.931506001559801	5.07127391878364	4.966236960647664
journey	5.114560023906967	4.957806891760203	5.049462672872332
uncle	5.061010390560097	4.947120779492215	4.994862784759727
species	5.043159042799519	4.957979094153448	5.146362659702991
think	4.989677650381871	5.046408259738167	5.061283637831755
bed	4.986094566148816	4.848663728610729	4.824898005201678
wind	4.939183661883426	4.976391407658968	4.901896046625092
bless	5.057928119727697	4.989551067986607	5.016358989620056
destroy	4.868508692367736	5.1192561390465	5.126807278846849
author	5.177823546613288	5.015195448721249	5.29415063310534
sustain	5.022986299826815	5.0735897919838955	5.263272739536563
black	4.944189012007545	4.88634919791051	4.862380535152837
event	5.049453117421855	5.110613653434441	5.271652207044291
liberty	5.044604062218462	5.133919969245494	5.323100245621533
negro	4.912938713146862	4.980622072783589	4.975710269334327
little	5.077971177075766	4.913634172392369	5.0046331009231695
fortune	5.0528456024588815	5.093308039103406	5.167899060148657
touch	5.019498914760447	4.997104246634259	5.016030251098144
kill	4.7425245415250314	5.110422192073338	4.900589463292251
feature	5.0857339616027115	4.974588151061902	5.103951140018551
happiness	5.097466830467495	5.094426405086758	5.2343305168494485
assume	5.042838614450383	5.047781988909232	5.210012582013377
notion	5.0371061258630405	5.003426113103434	5.1504182010860395
purchase	5.135315362327223	4.894965020226299	5.1507176705521776
faithful	5.088424496096634	5.086071994593088	5.228445998771949
soldier	4.882469395528734	5.178166554954121	5.086757286663385
father	4.946573327328804	5.08272926445606	5.054820131857352
narrow	5.009849365153519	4.921974369681739	5.025299511126992
great	5.094368191638734	5.031390946348738	5.247002976550744
tear	4.888252080661579	5.033368270071519	4.891258708146262
honorable	5.083448397961771	5.134912694139379	5.352267169076452
previous	5.068209027152188	4.985635650074791	5.19898605115405
good	5.056500141875135	5.010212513060376	5.118782407132717
domestic	5.126849130327196	4.973858387446002	5.194477165210603
glory	5.150345563248567	5.045606676821621	5.202135666104837
lay	4.983821745142329	4.924789051617926	4.96921429720089
occasion	5.03532547332269	5.069830488101905	5.200918010916014
guard	4.883084110472239	5.128196846012455	5.0823750698237165
whole	5.052627277732051	4.977364301106359	5.156670908414747
mouth	4.958872925866729	4.902660053414723	4.859834027076733
receive	5.10319045840948	4.99824290844363	5.214679410290914
take	4.976432073201821	4.991318197332966	5.054780693161324
simple	5.150934263546019	4.922110819532311	5.157285476945133
error	4.946799705240624	5.126301159281336	5.263222368321532
wisdom	5.078371764441872	5.11012207871134	5.283873250470267
rock	4.974808607712939	4.923823078388992	4.92582295275879
decide	5.018913654061276	5.09144008261837	5.291891527569988
exclaim	4.874515722756535	5.0791256313432545	4.892270245160466
assure	5.024346467398205	5.084413612015432	5.150318875069129
sign	5.0075525202871285	5.000837802732232	5.114077923927801
preserve	5.110722200446175	4.951965042829218	5.184250275992193
commerce	5.117172566908085	4.995046640073883	5.278676375188813
plant	5.118570220659079	4.824048794061815	5.02967725324435
walk	5.110150961911261	4.878424857820901	4.921407849622213
difference	5.059705283257669	4.97511531323352	5.214071443582753
hang	4.943111839350129	4.909716443455225	4.842696715476496
following	5.206960917175072	4.888189542816424	5.230007175550759
employ	5.110067237068141	4.942816008618488	5.200328832027536
