deal	5.042937151854241	4.999433383580687	5.111244058533927
study	5.273067493975195	4.899463766796783	5.2567714098093585
afford	5.184243644891902	4.9335167947767244	5.232663327747784
service	5.184633016317303	5.012487464415825	5.3001966373631815
height	5.05902711210659	4.858070516056847	5.048145144977333
prospect	5.147734809606908	4.974194478912535	5.170607073319701
pleasant	5.2275668765351515	4.822493770595776	4.979295966754717
shade	5.10942624722772	4.836481294130682	4.957053804463241
listen	5.002987004980627	5.048958127487664	5.031669464319885
mighty	4.988222745236152	5.028120753979538	5.085952917213162
country	5.11957706084185	5.011092746064493	5.280258256160129
title	5.219951132381104	4.972259505370451	5.356638843711369
choose	5.144797962568581	4.9453231164117275	5.212053357926037
village	5.1513183662135535	4.886048830256677	5.08158991022772
acquire	5.220783614404693	4.96849744058645	5.314629996541853
rank	5.127191814909411	5.051585490157157	5.284367871405919
bow	5.033067920761687	4.950939113810507	4.986690953392544
doctor	5.00723919920192	4.9737684982771695	5.007796690731092
talent	5.239613902028934	5.014316492484468	5.331401375088663
source	5.165671070785864	4.969135246999976	5.265568647425697
lead	5.048863833482996	5.013215880770648	5.157551262121916
question	5.055986556696388	5.034917294768786	5.26822868064265
publish	5.2319105385214595	4.936303114008085	5.337160156420826
interest	5.143327011772474	5.028936132595009	5.298855279554705
serve	5.054769484408216	4.959535076654835	5.10530674950069
divine	5.1148991673959125	5.023375691088778	5.261168799863992
put	4.960004863469818	4.920025083256942	4.951913777017595
shadow	5.0247246689806815	4.910785677936337	4.9920900455561705
practical	5.180543498966255	4.975259618915088	5.33786850718833
surface	5.0567282833700595	4.792482395225079	4.961876683864184
account	5.1005711105991	4.970675788910815	5.202260536618907
loss	4.941137131767414	5.083853238410348	5.134621290278944
indian	4.979456101216606	5.019408234572241	5.127254221977313
vine	5.1331507710621365	4.778192722967524	5.011163786246933
certain	5.0477414559313925	5.021549512674221	5.2164857934863935
sin	4.851072802227732	5.134094216613007	5.102421651892816
necessity	5.007734735901253	5.072595662453853	5.267670604816468
lose	4.971872385668847	5.047575148430558	5.063548262475994
private	5.101095109355665	5.049828007113412	5.2916345648363805
gentleman	5.155063290993826	4.939929711245367	5.122709406116723
daughter	5.035148503074995	5.044955732931841	5.08635777470884
drive	4.838887970015562	5.0737195987613095	4.966112367100343
strange	4.944713240108012	5.032706916802786	4.968502259967747
journey	5.13580560003801	4.909995510222955	5.053662479719603
uncle	5.109388743299393	4.922266959960678	5.015407698713845
species	5.055124555911563	4.936871308267807	5.141098270565926
think	5.024073802739983	5.017796936429111	5.070883448988069
bed	4.990837582960948	4.826072645266276	4.824970338936522
wind	4.925325460253686	4.9357023196884215	4.886006608797271
bless	5.069293560422341	4.968679501031488	5.026412101404656
destroy	4.881300731164114	5.1009967301357015	5.127722759059434
author	5.2043607401756535	4.984020183664228	5.296333858802056
sustain	5.032569863642933	5.0534516177284505	5.2594067175710295
black	4.949568275101434	4.85754041452164	4.856002494822578
event	5.068541290467936	5.072332469627392	5.267360154760691
liberty	5.065895606154388	5.114906675703997	5.326965160251952
negro	4.95967155565175	4.953211592912076	4.99425542884711
little	5.104864055902463	4.884511860632354	5.008417509141477
fortune	5.077419289715771	5.065966620752214	5.176662985393107
touch	5.029475495215864	4.965416445790659	5.015257909283923
kill	4.784836204691764	5.073343603593239	4.909631133731352
feature	5.080039229244145	4.9387384177223765	5.092748246639258
happiness	5.108903369213762	5.06947441716049	5.237734804793682
assume	5.068853357129841	5.0208888747681435	5.213456045097764
notion	5.076015643065167	4.980323746847916	5.156745227628924
purchase	5.18024605551245	4.87881123911475	5.174087842262753
faithful	5.119290059046053	5.059730971645175	5.244665780009465
soldier	4.909412030383907	5.141104306148811	5.096530849091612
father	4.979757516046694	5.058061419897942	5.073229230963965
narrow	5.0033216726621745	4.887608864628487	5.016743832109765
great	5.112434991971708	5.001233608856442	5.245130338914978
tear	4.8850487316574664	5.006663684886882	4.889136323830584
honorable	5.130278369684769	5.111872516026665	5.371933987200019
previous	5.098409580079285	4.957754696120655	5.201240697908883
good	5.09851150230902	4.987508364603015	5.132688092756552
domestic	5.152232379688651	4.958100038554344	5.20222839991589
glory	5.133147328033856	5.014619348946969	5.190901816858821
lay	4.984893035976394	4.9015310425075596	4.966354193674365
occasion	5.06887996804894	5.040737692287688	5.206776317923694
guard	4.903652298599081	5.097945410736472	5.0936778445398705
whole	5.064346740311351	4.9507998231811765	5.1508406733052405
mouth	4.9654677288561615	4.864185792416147	4.853719658779517
receive	5.146031937332191	4.974339484823526	5.228766473688165
take	5.0132633559161865	4.967479421549619	5.06450486019816
simple	5.16189409159321	4.900681996134701	5.155672965869414
error	4.967255224505493	5.097593017303207	5.259185157122789
wisdom	5.08858088351434	5.081741288367809	5.282381634367195
rock	4.956119664144766	4.880954841074048	4.909458202122718
decide	5.062551150833862	5.063446133313674	5.301073780628206
exclaim	4.899957375225818	5.042053692755172	4.904110370399856
assure	5.066795790337716	5.048286270011405	5.164282590647858
sign	5.032543820982583	4.973844665356937	5.119934170749781
preserve	5.119439108542568	4.933145259195055	5.177354347819057
commerce	5.138652385165935	4.9672146205022045	5.2824168681101575
plant	5.113531462843052	4.79821637191393	5.014876326691841
walk	5.1205657352833045	4.841952701229216	4.924331774953874
difference	5.089603580474455	4.949981564642197	5.212030661872249
hang	4.937110818294826	4.8848085407026485	4.83735336852881
following	5.239340120709286	4.86046213640109	5.231238097223333
employ	5.138059447313385	4.919898567271651	5.208751230489569
