deal	5.045600278530985	5.021007968364646	5.138223240066865
study	5.2743195535084375	4.9326728185815005	5.294238667214882
afford	5.17981598064099	4.966484616972979	5.258651542898573
service	5.191167438253294	5.029550302061474	5.328710489186651
height	5.074822047633649	4.902146477689741	5.075320407560084
prospect	5.164410054644018	5.007417462275307	5.204924978891291
pleasant	5.234066044715337	4.853696508430618	5.00552649508124
shade	5.131136304913187	4.865481721618752	4.985128699929943
listen	5.026597676829883	5.069434323700762	5.069983830807358
mighty	5.0042699899132606	5.052396682779442	5.109996190875015
country	5.12211809100829	5.044176838596214	5.309629580214526
title	5.222565314190809	4.993031795458834	5.388885264348539
choose	5.144164456025918	4.965034958746271	5.242042936522323
village	5.145840087333631	4.932961879235607	5.10950175380978
acquire	5.220256285514496	5.001650067147835	5.3436838958473
rank	5.1415079574856755	5.082805057370318	5.317978422016693
bow	5.058726415043702	4.969770560271727	5.011665846330017
doctor	5.007380358882961	4.990158769392159	5.036746020149607
talent	5.25139323836029	5.045160898320972	5.3717304310600245
source	5.172487008345723	4.996515948007414	5.292860035393543
lead	5.055750132030926	5.047861601179107	5.18588226241324
question	5.060376787536609	5.057472290310674	5.30561949552694
publish	5.23007745423087	4.970538891417825	5.385431099023438
interest	5.158992319931546	5.0558296525152695	5.3378541183340085
serve	5.054818442574982	4.981415847196757	5.127703910176324
divine	5.133566965221027	5.029664793686188	5.288413418504994
put	4.957819633218226	4.936429228647165	4.970702253669655
shadow	5.051288465771326	4.93823958447409	5.024534922133683
practical	5.1796405458127435	5.004998590641273	5.371162513508506
surface	5.0660485833705815	4.8332163255574025	4.986337668598463
account	5.098009166372003	5.007390037091539	5.240330642576235
loss	4.961864278233539	5.108488539327902	5.170482672525077
indian	4.978236315497279	5.064162051249681	5.15552355391009
vine	5.140035232046457	4.814634635994551	5.040139388159404
certain	5.050638821734695	5.048127035621991	5.247878458022989
sin	4.874744771762935	5.13359717292396	5.124476350817876
necessity	5.01440918517002	5.096004245872002	5.298699401453547
lose	4.9903286381540815	5.0681466150064525	5.091573920291519
private	5.110696408498568	5.0690634703013515	5.326787172268436
gentleman	5.15446080091815	4.968153013096022	5.1567988017858095
daughter	5.057394949818091	5.056775069856909	5.112729996780735
drive	4.847810437066065	5.107177080167658	4.987292165353381
strange	4.964910849406848	5.059137900279041	5.003584421915999
journey	5.142765531435238	4.9564703999710265	5.089471155678069
uncle	5.117708714801664	4.938128788592324	5.04212868784436
species	5.057543713339971	4.966586350410726	5.168407308297807
think	5.036096056911793	5.036154404845057	5.102772213780197
bed	4.993187632041799	4.844677987560177	4.838002619506586
wind	4.944256256922177	4.969468048957743	4.9119388209461805
bless	5.087649415380634	4.963771852680913	5.037761223999898
destroy	4.887763507283332	5.120659380609311	5.14900213540708
author	5.210253522088344	5.016599117331237	5.340971074326949
sustain	5.050665607499141	5.076927646185569	5.29556705871286
black	4.957109774305139	4.88833453638367	4.876977502250698
event	5.0866343452050256	5.115621128959091	5.323289299116002
liberty	5.080331296982204	5.133065173799149	5.359381316783662
negro	4.945012480256095	4.985783542428166	5.003377116279316
little	5.104535857852944	4.915384519554638	5.031569591290304
fortune	5.097684141504075	5.091049511198712	5.209794035005958
touch	5.050764081518759	4.984974595785121	5.046357505556894
kill	4.785650012340211	5.108552393855174	4.931005863528682
feature	5.111834557325372	4.973787540269762	5.138472892805675
happiness	5.133565390304584	5.083618033309224	5.270272795210873
assume	5.084369044852898	5.04872162552331	5.253915325763145
notion	5.072343135334887	5.008108713193149	5.187515860803691
purchase	5.169720497762987	4.894742289015158	5.18331205612026
faithful	5.139583459661501	5.073306178250316	5.275761342368594
soldier	4.932608431705009	5.1725870536973515	5.132952469745491
father	4.9954892321692626	5.06746491470989	5.09563474613406
narrow	5.006987771880268	4.925447653816657	5.032581930605336
great	5.116217113726391	5.03475462413403	5.2768632344258055
tear	4.915037650510358	5.015766920866695	4.911093021147229
honorable	5.147694735011392	5.128083086376324	5.40687740474644
previous	5.09976951902587	4.996695942426721	5.246346785230034
good	5.097587919584301	5.004683799484086	5.152351579584583
domestic	5.153580060272039	4.979242844679244	5.227392646930341
glory	5.163322979943362	5.03454010880047	5.225293151963377
lay	4.994037062232896	4.924383541104257	4.985208157323788
occasion	5.0777460045423	5.074073404764342	5.2515505473014255
guard	4.9211276590440844	5.121999415644802	5.121379739067652
whole	5.066924835519484	4.983001711292468	5.180915462291439
mouth	4.978013161961885	4.897709176184976	4.876964990011554
receive	5.147130704897049	4.996414440524921	5.258325116553234
take	5.012833663507078	4.991243635091103	5.090924190091897
simple	5.165786106337523	4.922461456582839	5.184042663156471
error	4.984852875820623	5.121402146406886	5.3014997600265
wisdom	5.109990853374854	5.0970758254989645	5.315645231779429
rock	4.968686125975231	4.920059482663812	4.928366327935071
decide	5.074125132978209	5.0896470783297465	5.34536027477557
exclaim	4.920904000839187	5.061911889302643	4.930256584155421
assure	5.077242651337165	5.073783659886255	5.198241103809204
sign	5.041561183474914	4.995521739067633	5.155038217269508
preserve	5.121806136631914	4.959448439407634	5.205437073219997
commerce	5.140180315993118	4.998654022512017	5.3078045327791346
plant	5.111620112417655	4.83148998165748	5.033603028586183
walk	5.127406739059218	4.871415367271866	4.947993633622499
difference	5.088655070205091	4.980851127814331	5.241178955395242
hang	4.957112397008025	4.903362929961655	4.858321277130709
following	5.2356057046390925	4.895910144593378	5.277621245014934
employ	5.129237400062479	4.952641625938681	5.23192261113931
