deal	5.03898203785689	4.983345144623928	5.095156022573223
study	5.2661306741958605	4.884512942841709	5.24341286602599
afford	5.155756071310524	4.929084628401114	5.2059557539615495
service	5.164778733721578	4.995007066256487	5.269697301039196
height	5.033170580079128	4.863296195555512	5.018525298432633
prospect	5.126512300115401	4.972352648283007	5.142328731057281
pleasant	5.209261598011149	4.825688619336732	4.9501838440674035
shade	5.086208205000229	4.837257102113085	4.9184028519673495
listen	4.997752146296991	5.036142003945883	5.004928368728777
mighty	4.9702013475029005	5.009886902115696	5.044472212135037
country	5.1033216855561605	4.9987830217938365	5.262331327150925
title	5.214779262478971	4.9499160781764235	5.341888963848805
choose	5.133073103421592	4.93339843818666	5.2002841020421195
village	5.115836964893516	4.897059067286842	5.048390445648259
acquire	5.204803383050134	4.951559046992361	5.296407146668003
rank	5.105516135872734	5.033284017891693	5.251929069344244
bow	5.021306323085218	4.943309201025352	4.949226085423981
doctor	5.009891591507813	4.960605993534594	4.997464853701303
talent	5.230485703162106	4.989981589172662	5.313417264761787
source	5.15314483184929	4.954036896031271	5.248232718524636
lead	5.025370861395991	5.010318523586497	5.126164920702307
question	5.057182329150642	5.014883456392262	5.26539766848236
publish	5.242298286674731	4.919955022523961	5.345285785791682
interest	5.137596415187258	5.013079951046286	5.2917093339299965
serve	5.03558995942475	4.952370913880555	5.078614116821174
divine	5.1099553531377895	4.989271379833916	5.235248166280483
put	4.952288697730528	4.91562233018282	4.9370687941101785
shadow	5.008164893668801	4.907787825495361	4.9585798774608065
practical	5.175650931872659	4.952458168187695	5.333810638338875
surface	5.031958291772889	4.799383573202012	4.938819524830767
account	5.094099156527095	4.965064189487226	5.198483425559388
loss	4.928124160385702	5.077271752204992	5.12009039396679
indian	4.948497614462847	5.024440281083599	5.098160455495924
vine	5.110703281723408	4.785446177246294	4.997702233476007
certain	5.033497676962731	5.004361865931255	5.202236563433524
sin	4.846446622759324	5.104756401227156	5.073102189815376
necessity	4.989860728405058	5.0564025406986355	5.252373233854966
lose	4.959277726664739	5.036863024942288	5.035492424550216
private	5.089799656624571	5.035097151504525	5.275827373144678
gentleman	5.1403220381687715	4.938070827223641	5.105956342695867
daughter	5.027312126026087	5.031760664198621	5.05196009700108
drive	4.813348025772956	5.0774066750491444	4.929114035943272
strange	4.938456261222004	5.021091658696869	4.940361585487608
journey	5.110482183206202	4.927493073882047	5.023338222507301
uncle	5.1128401853678245	4.920316612365445	5.0035417445019075
species	5.039244692132981	4.927244256151186	5.136333606376777
think	5.024428431009703	5.002278569332168	5.054146580895438
bed	4.968074729046421	4.835024329740842	4.790864689414394
wind	4.906403327115472	4.940704004648227	4.854514819247764
bless	5.063265543626962	4.947129514966312	4.989879452440074
destroy	4.8589021718420815	5.0846760222053815	5.098672853733772
author	5.209264127418178	4.962661151320493	5.291662700218009
sustain	5.021871398314677	5.036514443115699	5.2449851665653116
black	4.932197115039023	4.863822323937762	4.824933667112866
event	5.063713557947544	5.062844527529107	5.262454292562546
liberty	5.059493809893284	5.0881313857324075	5.31091624382668
negro	4.928534559293325	4.957635277351887	4.960137689532946
little	5.087009067889739	4.885232166152803	4.983765089044905
fortune	5.063703600674856	5.054595194308183	5.1465525437521515
touch	5.022920290112984	4.953540807244769	4.990210709245757
kill	4.764761880008126	5.077064197401015	4.880383676509087
feature	5.073219718396761	4.9301545210131135	5.069259878410702
happiness	5.09905188247086	5.046135626153792	5.214647263583136
assume	5.059541174713998	5.005522908736294	5.1975084483242275
notion	5.078967358734313	4.958154491443497	5.15164794016462
purchase	5.152778454133798	4.87980501175434	5.148041413315876
faithful	5.110535129509067	5.038244693390778	5.210236812833472
soldier	4.887254410661968	5.133514058276468	5.0568431562848515
father	4.969737616378053	5.0445923097353855	5.037219618987658
narrow	4.963986411770055	4.895844343284358	4.973571773796718
great	5.097200734369155	4.986984609647567	5.226227642288239
tear	4.880801392971602	4.997933326234324	4.857261906453771
honorable	5.119100325752599	5.088076048369442	5.345688192634483
previous	5.087247945235796	4.957288983194128	5.197709094295009
good	5.086264142056661	4.973128301415245	5.108479738301248
domestic	5.1376441646408395	4.944160023793114	5.187137343693445
glory	5.127767323713313	4.990687967037782	5.157892099754314
lay	4.962932862798889	4.904166175255383	4.931254119939083
occasion	5.05642044157241	5.03222680229974	5.197138524212162
guard	4.878725056808241	5.0931136074989	5.053284404465319
whole	5.048181323315674	4.941121669675021	5.133720457189214
mouth	4.951030970338326	4.873402830615816	4.8256801396668765
receive	5.129481282870761	4.966336235342663	5.211738559644779
take	5.000307499678018	4.964792672216284	5.0459835288550785
simple	5.150025763730379	4.880767069168274	5.135771118578188
error	4.97276268593918	5.074528976891232	5.259201217035557
wisdom	5.081249708795351	5.05145031248585	5.2564578420082375
rock	4.923312973604035	4.891965964582092	4.864704327371293
decide	5.059653697534011	5.044353373209604	5.296206577068553
exclaim	4.89481960105164	5.036180471918269	4.872811810387723
assure	5.054549895368552	5.0403710036669525	5.141303497868377
sign	5.0257679862782885	4.959651703666178	5.103520010139533
preserve	5.104048412060142	4.920986825676821	5.1564370999454425
commerce	5.122571877224238	4.96004357376416	5.274633449333032
plant	5.08399084382367	4.800466899413837	4.990348571315955
walk	5.0962480337587355	4.851114632129863	4.887406503516383
difference	5.079694202193149	4.93648279505768	5.210303652346387
hang	4.921606573577496	4.885732106286953	4.799668613175578
following	5.240016427304985	4.855743830250242	5.237459404903186
employ	5.117342389977491	4.912071567651745	5.190190335654979
