deal	5.0923750541601125	4.995080712154462	5.113756702219417
study	5.33192487143934	4.8833989285077335	5.249510668295858
afford	5.2351963881888475	4.92162226932264	5.226332089416353
service	5.238379322933159	5.001400355013038	5.293008296445938
height	5.106584380542317	4.8540965398414455	5.047969688350566
prospect	5.19522388995868	4.971166723876987	5.1683689876264385
pleasant	5.279163887771441	4.819854446220507	4.980001938755113
shade	5.167320093433541	4.827489054141827	4.957699959940672
listen	5.057026082232291	5.0630760452484695	5.046360032640638
mighty	5.037770462199419	5.026738093833341	5.088888302902005
country	5.16803007532924	5.003053765981793	5.276025184466404
title	5.275534791150383	4.959166627012925	5.341271449899519
choose	5.1936237052970124	4.943165061589744	5.211730455233397
village	5.195709513618638	4.888305163227182	5.082693465363319
acquire	5.271020290858715	4.951894833667591	5.303537426574311
rank	5.182285438406236	5.0442940578231905	5.280975662721243
bow	5.087625129336284	4.951640026109861	4.995475894421759
doctor	5.0528570122717955	4.971859015790675	5.014219447010644
talent	5.300668244966301	4.996930276212328	5.324672359153839
source	5.2137229949279975	4.959038090402824	5.257469780792934
lead	5.100980565371034	5.017401065264324	5.164784736441781
question	5.101272387211334	5.03669636618973	5.267666149273825
publish	5.291301160056637	4.928986917009831	5.332025365541588
interest	5.195970927184491	5.027151564488237	5.300069390267759
serve	5.106197133861072	4.955396105333352	5.1070116273633746
divine	5.1737578704523886	5.009237355760997	5.256367317559021
put	5.004812975422559	4.921758180875914	4.960867885055448
shadow	5.077939162715881	4.908732126501964	4.993334527051079
practical	5.232007930250327	4.9583100801624935	5.3268740247844795
surface	5.102258944700769	4.786552231393725	4.9631284318067
account	5.14946661548347	4.970726410118983	5.204034473213149
loss	4.985339344482399	5.091170571199186	5.140610946026491
indian	5.01763937408314	5.029098221459183	5.12768791403713
vine	5.1852642935990385	4.769694075190913	5.012075741253842
certain	5.094963798416167	5.015502532227068	5.2144486121381135
sin	4.902147759981173	5.13458797310505	5.108160986352837
necessity	5.054923390497337	5.0693049948101185	5.268847684993031
lose	5.017207747752479	5.0527239421327685	5.067542293252532
private	5.157514738603607	5.048057415814849	5.293843151409592
gentleman	5.205058750510688	4.938669977473656	5.124674715633805
daughter	5.086314927057691	5.047364583855847	5.088753665116219
drive	4.876390984248213	5.090688756127909	4.978578341757633
strange	4.99510569191391	5.0402845012668855	4.976291330692298
journey	5.184496565330771	4.920472982584608	5.058198671900717
uncle	5.154739208222783	4.925738167879747	5.018104221758045
species	5.100099231060285	4.93139144435878	5.141668767779187
think	5.074278265671808	5.020052178233803	5.07588548632561
bed	5.037897272579348	4.827875088892946	4.834671097484605
wind	4.9656455185716535	4.9447009869981535	4.893915541388062
bless	5.117426179664825	4.967158357970522	5.024040120659337
destroy	4.928085207992191	5.0978021356919845	5.131415628670052
author	5.266051188901848	4.974293343791348	5.291497478639561
sustain	5.087220996920981	5.046850091401807	5.264768214813688
black	4.994330337715571	4.852123218260391	4.85805477302748
event	5.120926549534539	5.079269891270458	5.274168386130929
liberty	5.119477256386323	5.112593213686001	5.3279696805282475
negro	4.992779041360359	4.952193294358068	4.992593317273672
little	5.1551163582152695	4.881436947795136	5.012622390755816
fortune	5.132276627876445	5.063480125895773	5.17815006454402
touch	5.083874065749415	4.968332492998635	5.024105481573118
kill	4.818512799571257	5.09774834548286	4.920130726898088
feature	5.140619944611486	4.9293978298342545	5.0966466201213585
happiness	5.1621182140601345	5.06599153805	5.237320908151843
assume	5.120082507425124	5.0154172235212116	5.213551747885563
notion	5.123812943738316	4.971448383465862	5.154098570045509
purchase	5.226241537690452	4.870188589773842	5.164477344701743
faithful	5.179232703594501	5.056151139620555	5.244959140931555
soldier	4.961415956532774	5.155070707073565	5.108302484568665
father	5.02896016989511	5.062275574593385	5.078632420935841
narrow	5.049029120015109	4.883719282992115	5.018813315841668
great	5.162567729868413	4.995876695415383	5.244368887710651
tear	4.9347098233416355	5.015994876362329	4.902056121725107
honorable	5.188235826736199	5.103514950459573	5.36525797826619
previous	5.144721770598207	4.95911338607797	5.203997736941677
good	5.147382183371569	4.981574541345176	5.129584577463246
domestic	5.203449955746418	4.945830918154664	5.197980328037688
glory	5.194988925298867	5.005685944114637	5.187241713630253
lay	5.038019600783278	4.902124609098667	4.9751645752500195
occasion	5.121351674914991	5.04424646681875	5.214847902090899
guard	4.9537934429173305	5.110763223297949	5.104815713060694
whole	5.1133076255502745	4.945872104785447	5.154443480618334
mouth	5.009223422478582	4.868881304999342	4.861092641920681
receive	5.194034059883938	4.972851989466166	5.229256135719102
take	5.057842135003254	4.972699782749774	5.071484214635195
simple	5.220496620323947	4.883758443590197	5.153076086151889
error	5.022346719684399	5.09481783709792	5.262503137918928
wisdom	5.148839997494741	5.069733671770919	5.2792976380019105
rock	4.999284482404759	4.887671484165114	4.914440355790076
decide	5.1110067139934365	5.064991839002664	5.301652513648753
exclaim	4.946065580266449	5.058300924398143	4.919544438829405
assure	5.116257607343081	5.056391092007379	5.170552686614768
sign	5.083447900044867	4.97296253462158	5.123330214752434
preserve	5.17552043631849	4.920818087064841	5.176862799221944
commerce	5.181920533760862	4.962136893575708	5.274905193203123
plant	5.16493270734762	4.786656388615117	5.0136266598860475
walk	5.1732021221559235	4.844854283026656	4.931467633337699
difference	5.132371774265329	4.944789968950994	5.205226395524798
hang	4.988690862184698	4.882644790196294	4.841858243288015
following	5.291095414593184	4.858236626995445	5.229984862095168
employ	5.187590632002917	4.906425185785357	5.203819066513131
