deal	5.040121355983566	4.9781112669330065	5.0942567774972325
study	5.2728732165563095	4.878501717060806	5.2385417353777886
afford	5.1723393938546955	4.9179292665446805	5.200364238838309
service	5.178966105900628	4.985459448935605	5.269574517353854
height	5.07154697209863	4.843117491844435	5.018922454017769
prospect	5.162323018198279	4.963754626525716	5.154622210709201
pleasant	5.242065822966726	4.821435203159029	4.963687117175696
shade	5.135677303790401	4.8302339960997225	4.942934488111011
listen	5.032034859245176	5.04707466947831	5.033357752105239
mighty	5.020895131024408	5.001795465973617	5.078667280481563
country	5.117943606658272	4.984856675078103	5.2594180458657735
title	5.209796288721159	4.942119636281381	5.330403787110124
choose	5.137321685869299	4.918071185736197	5.183995368972725
village	5.151735443137573	4.87760712661482	5.05095876647805
acquire	5.20709863222798	4.94209261208932	5.286364493860636
rank	5.1329190526842945	5.021891093523678	5.256909061975421
bow	5.058736876843248	4.941817359538954	4.974475581278703
doctor	5.00346146341616	4.956549098747583	4.988910236079596
talent	5.234751664512909	4.9872215400612045	5.309064401802385
source	5.16668583310058	4.952925977818807	5.251028135682224
lead	5.0626787394469766	5.001905633586587	5.141297400723537
question	5.0504615330993285	5.009980857651207	5.250121485923648
publish	5.228509190200373	4.910012920231209	5.319658626581239
interest	5.140810708778449	5.008698738554172	5.282462044186307
serve	5.06016847283873	4.9390223245285005	5.082005269627601
divine	5.137991484226731	4.9954691877372435	5.258366154072405
put	4.9583880324154235	4.900161402318684	4.927025677327468
shadow	5.059444913648968	4.9020138606706345	4.98713778099203
practical	5.17326950572885	4.943677987427409	5.315140362159281
surface	5.062747927372971	4.782704581606765	4.937603380768064
account	5.090151606144869	4.956650002218986	5.180369339742278
loss	4.9403190282638825	5.068737664420399	5.116152663829286
indian	4.978777753134316	5.007663809651873	5.10153695530412
vine	5.12775066221982	4.766023615896471	4.984216235139461
certain	5.042208386899439	4.996228485984089	5.194514783338507
sin	4.878647641109118	5.107251025084504	5.102727759542086
necessity	5.001590649354299	5.047762859034011	5.244234474896716
lose	4.988486060657703	5.032949384588034	5.052660566998026
private	5.094866825475676	5.02672174445275	5.266165872534467
gentleman	5.139585988811824	4.927406009428058	5.09218919526964
daughter	5.04391165218865	5.034606277282454	5.068702010773359
drive	4.855190162765876	5.066142255295129	4.947378138092655
strange	4.974122916200074	5.025033471252605	4.966664149183688
journey	5.157148201885858	4.914754765130093	5.04053755232016
uncle	5.103369502507573	4.916491189586179	4.995080236770619
species	5.03810051614326	4.918115837567966	5.119562735226666
think	5.03248449709424	5.003575584700998	5.060949312100968
bed	5.002268476499744	4.821732912882434	4.799995823205575
wind	4.9541100240282105	4.9319310463139105	4.873964705756442
bless	5.0886439716946805	4.951819043926706	5.019718978450238
destroy	4.889918495805281	5.071541892643106	5.108099371356798
author	5.209981846407223	4.963390668884462	5.286470806627351
sustain	5.041732227940812	5.023932607274562	5.242206602032493
black	4.959875713844826	4.84366673625271	4.827091389215286
event	5.087924253896274	5.053648059034995	5.26059765671366
liberty	5.077128824482517	5.079005471585039	5.311244154008491
negro	4.939607322554664	4.936819825487973	4.9519442861141
little	5.103831592757984	4.875419197860801	4.983914581321081
fortune	5.089056578211957	5.047412320748889	5.160069214072398
touch	5.048952273494027	4.957313636449324	5.008071888789128
kill	4.7902647226974056	5.06395812783436	4.886154711675889
feature	5.104812641501815	4.926088483281677	5.082981089659466
happiness	5.121849263390859	5.049833126748765	5.228701964265509
assume	5.072477407053769	4.999632921414149	5.194045877766802
notion	5.066873115544836	4.953933247884499	5.139323352119429
purchase	5.151057395992241	4.863801298504716	5.13655207730286
faithful	5.141706129727275	5.041099664782027	5.235084407807429
soldier	4.934933625329986	5.125137545368499	5.079608375534149
father	4.991522363036315	5.045081428024161	5.060351718953327
narrow	5.012858135599849	4.876730056088699	4.987745638717887
great	5.115057477507399	4.978277939819826	5.226732497940523
tear	4.917525019900023	4.998962097777062	4.887115936562879
honorable	5.129026546052645	5.082994870190253	5.347237654994969
previous	5.096338576316947	4.940700334581478	5.1779491494030605
good	5.093283589248703	4.966936652100918	5.10959539034434
domestic	5.14329612627455	4.935729441845312	5.178731358443455
glory	5.177808134162704	4.987247162209083	5.194534445411275
lay	5.006802250988015	4.887247764997155	4.947546275703382
occasion	5.0727594998392105	5.025437047212827	5.19147001772554
guard	4.92485935672654	5.08518669994611	5.072918520024701
whole	5.070360758348353	4.925984750990681	5.1296247338924745
mouth	4.977580376236149	4.8597817114636745	4.8302026251682255
receive	5.131395657458096	4.960589104430993	5.201963453329293
take	5.00889326474801	4.9520573736198035	5.038473311913
simple	5.165105004630459	4.8804116935040796	5.139922174582261
error	4.979116426774397	5.0689422356854825	5.250860828640684
wisdom	5.112320624585354	5.052838924198989	5.278867468365758
rock	4.980603554911895	4.876286506058204	4.888052799980729
decide	5.061063628351944	5.036654642441281	5.279919474169395
exclaim	4.91460393865395	5.041408944098973	4.889870786876963
assure	5.066778514767155	5.044467138526387	5.1507890665005
sign	5.044665857256777	4.953011085156419	5.106078288402252
preserve	5.124756372867349	4.909477204441488	5.15577411221225
commerce	5.129771578114875	4.945291060123848	5.260768819213259
plant	5.107132337827005	4.781792059743829	4.9848192787811865
walk	5.135138288876617	4.841481887669095	4.903186255156706
difference	5.070052562241858	4.92381181019891	5.1839005897277755
hang	4.961334359105138	4.873618911956956	4.817478624061318
following	5.236497828076238	4.847197470673581	5.214115644937453
employ	5.123059097933627	4.8956398893547926	5.17490451385118
