deal	5.027427859363155	4.994148480751487	5.091090224240366
study	5.248860574527	4.902488088222329	5.227355136685607
afford	5.15568194506533	4.935552368507777	5.202192956889546
service	5.164846078274503	5.012655353161707	5.276962434346226
height	5.031656885755207	4.87847685930643	5.015896924743469
prospect	5.119304605293172	4.985448109552123	5.141285904486107
pleasant	5.195653264449229	4.839244123802586	4.944831343486894
shade	5.081214741620106	4.852142724973099	4.9206297405741655
listen	4.987403681327506	5.072823383430204	5.01863313160858
mighty	4.963896012653756	5.040497086340369	5.059760668782959
country	5.095281326551274	5.008733483680197	5.2587712964437205
title	5.198450607809955	4.961727957803541	5.332512450424955
choose	5.122728929702606	4.946977997335766	5.19418475990634
village	5.1071781407139385	4.9094025071642005	5.045321848956856
acquire	5.196360798176311	4.9650824930946005	5.289233345748442
rank	5.102818208025276	5.060597037391802	5.264862983376096
bow	5.023627626251792	4.9667662401376305	4.969171006661525
doctor	4.995021052268723	4.969559321775444	4.985936082530739
talent	5.222997669692609	5.011620385809545	5.310905175604129
source	5.142687915822988	4.965110164973325	5.236277263869585
lead	5.0191983975650585	5.032833218141283	5.134956138045207
question	5.05026216140672	5.0291597065889935	5.259384821622645
publish	5.218075599453792	4.92758077613404	5.315461455658893
interest	5.13225004508428	5.027314430234772	5.286122359187875
serve	5.033782067622083	4.962246879609009	5.082097970060192
divine	5.101998922663509	5.019355731712774	5.238706165187779
put	4.9573198891217505	4.910172727508339	4.935017472141154
shadow	5.000889607653521	4.929753254400779	4.963477833540264
practical	5.169209594371037	4.962778551134154	5.3187342252520144
surface	5.041310869393191	4.797673755236007	4.930145438576116
account	5.083690973015174	4.969997081667128	5.183906175939791
loss	4.928297595611575	5.087642067787249	5.121632742910056
indian	4.953642690104313	5.03433591921711	5.109247879162183
vine	5.108062376260622	4.780022412947583	4.9764054608003105
certain	5.029582926054808	5.021664964630443	5.202669183300775
sin	4.834034662031498	5.131853138954595	5.081177413632684
necessity	4.996472808731374	5.06759941683958	5.255841730433196
lose	4.94951076019344	5.058313597620961	5.044242071691645
private	5.0845335187863165	5.049134633975085	5.274231667669207
gentleman	5.134283180862816	4.94608629102646	5.1019868845983165
daughter	4.99717923023159	5.0612637561459355	5.055941880611877
drive	4.811562497566134	5.095384453566889	4.947769113494858
strange	4.915963013495246	5.055847883358872	4.949719254696852
journey	5.097417111646291	4.939647086738926	5.019137954398664
uncle	5.083157000103155	4.926073886197431	4.983547287399325
species	5.0421408668178	4.92720988308094	5.125210920406673
think	5.005129089576715	5.024529987398405	5.052683517748148
bed	4.967843697655287	4.8372987115077155	4.788621862480149
wind	4.907170167813045	4.953613783452537	4.861819166294922
bless	5.0450532425269365	4.970924429228002	4.993636412007718
destroy	4.852618090549248	5.098357072161112	5.105253877893409
author	5.185861861196209	4.9818482853728705	5.2750240706922575
sustain	5.026209673937405	5.048255355920076	5.246341793120709
black	4.930562897348772	4.865194044166853	4.82812157148645
event	5.047914582647475	5.090065321380479	5.255346223037637
liberty	5.053666027109726	5.109334750174561	5.314995387174591
negro	4.926609639830051	4.959188982485194	4.961148380293809
little	5.0804583026708015	4.892443646328186	4.981456349110329
fortune	5.0459967733183175	5.073645379238154	5.149941950084099
touch	5.02034300727956	4.977217600684257	4.999834499672803
kill	4.750659287460661	5.098712535028567	4.888703565471768
feature	5.069152105398089	4.954142419193957	5.075258227606216
happiness	5.0864520229037975	5.073044063032618	5.216252150786355
assume	5.061686056737865	5.023177573588123	5.202738553356217
notion	5.063321346814025	4.97079850591191	5.1413718625484295
purchase	5.1505145820730345	4.867112431252621	5.135373207938583
faithful	5.096595127502445	5.068764509475501	5.220601520921563
soldier	4.884404341029756	5.1685619547124615	5.083206773385925
father	4.951299709598416	5.069626050078445	5.046392910904346
narrow	4.972248022241066	4.904068748142953	4.982077206409598
great	5.093838617899715	5.006314117380089	5.228432526614123
tear	4.874675988680873	5.015102552036476	4.867523842944994
honorable	5.1135319464701565	5.108263283617424	5.353658947235319
previous	5.083417959233651	4.963615628165139	5.18412149054104
good	5.077500653724209	4.983798509684984	5.108762307311069
domestic	5.133775440008638	4.946841925397689	5.179509025833408
glory	5.112352498231819	5.021744660520103	5.163974709997502
lay	4.97128429383109	4.9078298001803065	4.940320396391999
occasion	5.060778442827666	5.046059956757838	5.197883700504668
guard	4.877991098473939	5.11763856445685	5.073440231977418
whole	5.050329308365479	4.952811887563505	5.133730023191238
mouth	4.958898295156658	4.8749493821721135	4.8295172660237204
receive	5.131317380859857	4.973968391728538	5.212659975460889
take	4.998156698541546	4.970426270363418	5.0462148461233385
simple	5.145690052415589	4.897501373270931	5.133036314256597
error	4.95809983297173	5.090206916066623	5.247491482365076
wisdom	5.073296488343792	5.081270597909836	5.2650497815434685
rock	4.927191091465657	4.90409120772713	4.873182865178989
decide	5.055099453730192	5.0631124704519825	5.292960272430651
exclaim	4.883933195463703	5.064404492147893	4.887135425400512
assure	5.0480259337324656	5.063541547688724	5.1511291378538555
sign	5.022961759897082	4.980592204164737	5.107057962181098
preserve	5.102773111504588	4.927946197502775	5.153254423468011
commerce	5.124357499623708	4.9543673854425485	5.261049765329565
plant	5.0830098536698145	4.799223432346927	4.977331411146973
walk	5.088428176277158	4.867563168539625	4.890017522967388
difference	5.077682057575278	4.944646268172525	5.199038846326657
hang	4.916459358229623	4.898075297579974	4.807353564923757
following	5.226687843528322	4.860146661949956	5.2127081130732815
employ	5.118683671657062	4.914523223786316	5.182554071717511
