deal	5.043390442496179	5.019354709178588	5.10748388773505
study	5.269087157652687	4.922762157721973	5.242585390774828
afford	5.174141112818019	4.959957486187619	5.213149300418424
service	5.180422606223413	5.039656235492788	5.292949369381887
height	5.065679382247592	4.881673279616051	5.033561261692595
prospect	5.156679213936863	5.001535726775775	5.159767297454865
pleasant	5.245447072205141	4.85137902366087	4.971093737608056
shade	5.133573925328199	4.8535773180293456	4.938451331601911
listen	5.028010289134733	5.077275865317224	5.039461697437804
mighty	5.000889646759386	5.037110831957138	5.079927546474215
country	5.112553963872763	5.031502969199908	5.26591223328532
title	5.21327748291828	4.990738634122024	5.343525991524368
choose	5.134654000472027	4.969980542882465	5.20302336686081
village	5.142765387240978	4.9248461927536065	5.074413182187128
acquire	5.21198994688587	4.987573714803979	5.293239834537
rank	5.12798018031472	5.078792565293872	5.276256049509938
bow	5.066825929136315	4.970936906904913	4.985962015187743
doctor	5.009542947686027	4.998181158931483	5.0042728998432935
talent	5.239082654504126	5.037476936348646	5.323699821963697
source	5.1649530748211445	4.980935869897042	5.245060272588188
lead	5.053488363161155	5.043217294328478	5.150880799394477
question	5.048918940687425	5.056702578898081	5.257759363923765
publish	5.221631947922811	4.960868090775303	5.3362086646079785
interest	5.140529798034621	5.0548066720681915	5.2898800702660695
serve	5.05815491849228	4.981622365124416	5.096214609256445
divine	5.129111891865532	5.022767099370216	5.244259776684543
put	4.963089390196317	4.936364966189029	4.943521105939592
shadow	5.048287966238286	4.926805636358609	4.978949283205803
practical	5.169331487245839	4.9907774610358455	5.319764024055042
surface	5.064913912191516	4.805928496698657	4.936974662806346
account	5.091288147084307	5.00074317611696	5.198528642204815
loss	4.942306426499047	5.108413656866802	5.131796657464623
indian	4.975563273101905	5.050498735832551	5.121440818982315
vine	5.134251209974614	4.797612969235965	4.9887279780652385
certain	5.041299979466846	5.039932773952271	5.201031558185609
sin	4.862939014714723	5.134743223769572	5.092339569186316
necessity	4.997084092091937	5.092329599834012	5.251363264095276
lose	4.9831435664658725	5.06733921954836	5.058312603470128
private	5.090613080456985	5.080857004676549	5.283697441951472
gentleman	5.153012484722984	4.980951876896566	5.1207807516416874
daughter	5.049271361336507	5.075599930820671	5.0808247176695955
drive	4.844533738184938	5.104685144102232	4.965609069353848
strange	4.967788009224442	5.056603262096246	4.969156788008127
journey	5.147230582673338	4.950894353275657	5.05847546371865
uncle	5.115770932926982	4.955545481726106	5.015300667412229
species	5.046771236816029	4.950230957054195	5.125995866956609
think	5.0351537333980145	5.041125783711702	5.07039152710021
bed	5.001317246320393	4.845740862274699	4.8081936587139245
wind	4.9472220568671705	4.95463775277104	4.8804789172014935
bless	5.09164005909053	4.975759631516186	5.016722542268921
destroy	4.878594835723276	5.110335320586261	5.1133982844198975
author	5.2051100468541485	5.004439874042666	5.2933102633456395
sustain	5.035179840799101	5.067570469438384	5.247435468084867
black	4.966433010737138	4.878656450792979	4.8450968437406114
event	5.069980832991421	5.1026048524148	5.266638901120538
liberty	5.063969839105162	5.129698457719219	5.317210268848194
negro	4.942819654246372	4.9831294097070815	4.98079996592869
little	5.110697347074805	4.912040612575597	4.999107199779134
fortune	5.088341785174482	5.091879821705654	5.173968476991358
touch	5.0531782370026415	4.98408591271796	5.00888863678243
kill	4.781657378031093	5.1074465009153025	4.915106926391357
feature	5.106677644616887	4.962332059112533	5.079875254409375
happiness	5.1191323650382365	5.0848976993990505	5.223238971522648
assume	5.075296022231583	5.043439768718405	5.201301882699439
notion	5.069740595793462	4.998374496550998	5.147615579780309
purchase	5.165440791763906	4.90094089203425	5.15156034389454
faithful	5.134265895206051	5.082246732748004	5.241925866794842
soldier	4.920688362264232	5.182772557681258	5.111932633566494
father	4.9930514929598	5.080125210998261	5.066753777153332
narrow	5.003585003317442	4.909995379424034	4.991707928857782
great	5.111784460262979	5.021884267244885	5.235871302420164
tear	4.915570103595673	5.018754384862808	4.881665642860969
honorable	5.1303918910034065	5.1378881986290255	5.363469782724449
previous	5.089765242484694	4.987894007984689	5.191075838355677
good	5.100138951930841	5.009473171703231	5.122703093006298
domestic	5.149607655665362	4.975702823409107	5.181498735673813
glory	5.159896650774577	5.021098469571261	5.187691181277078
lay	4.999268329782266	4.914969857414634	4.950177019539091
occasion	5.068394956576231	5.072581945452356	5.2064394004960866
guard	4.91028786080064	5.134459585667019	5.097463243216951
whole	5.06120227345659	4.969510931887043	5.137719343963551
mouth	4.988112229706704	4.886049621046431	4.847230187225748
receive	5.142583086188108	5.002741743531828	5.219796344740634
take	5.01080608823865	4.994313874554823	5.055735356594698
simple	5.167443363444752	4.912199990340217	5.137303212869396
error	4.964952423013429	5.1113335671258895	5.250844536358602
wisdom	5.1024240426657865	5.090783858322688	5.2745526142734045
rock	4.97068630272816	4.899746750161203	4.897491164008766
decide	5.054224584234637	5.0903827453456385	5.292669047659095
exclaim	4.924908824609895	5.074191305023018	4.911883272352099
assure	5.076068782681597	5.083494061399798	5.167545929143149
sign	5.04052067752603	4.99292751217382	5.11456168838898
preserve	5.124774727064033	4.9450091021172184	5.158369899645981
commerce	5.1322856993133135	4.985786052920614	5.264600821416291
plant	5.111807684054424	4.811980406870084	4.986939283857817
walk	5.133644590613952	4.875033470123799	4.917581365524231
difference	5.075675828497058	4.970778032768189	5.1925840464498005
hang	4.96041289117426	4.901429422697406	4.82665003463976
following	5.234710715400448	4.889057391809393	5.227684362350948
employ	5.125440743007119	4.941631723347108	5.19313076531204
