deal	5.068456123335984	4.987122683702697	5.133439014296307
study	5.2966601706290435	4.8898001699630465	5.269385763184365
afford	5.202983321494634	4.9353419953078355	5.2450765845296194
service	5.20012378886682	5.0061623053221025	5.317996198815072
height	5.093454807281591	4.861841869696481	5.060559601313213
prospect	5.1839554966420796	4.976301783209965	5.19447813787732
pleasant	5.266640886613571	4.817902229139936	4.997846382502203
shade	5.158815492112075	4.821004629342378	4.9662914492932915
listen	5.050796838637944	5.034110936686564	5.061105652755343
mighty	5.025303884583389	5.0162748034923	5.110216169257793
country	5.1395045211376	5.007983185690774	5.300219364345019
title	5.23615584628271	4.954686724652602	5.365755929818309
choose	5.159506091274192	4.932812110893949	5.231270383931437
village	5.16883439739576	4.892983490812743	5.096459749635043
acquire	5.2345478762442195	4.9645648659401305	5.326262349709562
rank	5.147633981093224	5.04861413280937	5.30105473503782
bow	5.078095320703475	4.938014008500242	5.006114591654758
doctor	5.031693202754877	4.955446905535188	5.026841797045445
talent	5.264508865512458	5.007365229260306	5.349690860229219
source	5.194410461777247	4.964966117550319	5.283480229399613
lead	5.077334326493157	5.015372394127418	5.17618899262538
question	5.080584992184256	5.019834396471367	5.290292463727757
publish	5.259758200565218	4.926226635980998	5.365714348902361
interest	5.170452400430488	5.024309084215659	5.325193837928239
serve	5.078098703995203	4.95129912731429	5.121021889479141
divine	5.152864619966265	4.994898767965435	5.275030487229306
put	4.983306611120885	4.908603696085192	4.969956023333894
shadow	5.077595346471549	4.89325253078664	5.007843716979803
practical	5.2006404444693715	4.966589942855769	5.356029585770417
surface	5.095164505358833	4.790324515345997	4.975222890507464
account	5.12163081523617	4.973033902340823	5.228266884276456
loss	4.964701597536974	5.080892040738341	5.160298530023712
indian	4.9967501266522385	5.025375805624859	5.146570056456418
vine	5.156391476261283	4.76861450542364	5.015624230330257
certain	5.066667230061111	5.011313018990797	5.234019580426234
sin	4.886310997211931	5.0996909863824476	5.1151969627268405
necessity	5.02792202650708	5.063348114877704	5.286513393199616
lose	5.001999190004422	5.0393870125412965	5.084129042920429
private	5.123883385236007	5.042262073860619	5.315202582116778
gentleman	5.173707755067255	4.93706845706529	5.140813129019643
daughter	5.061642936702481	5.02263480662449	5.0896161542697484
drive	4.862151117907426	5.080889806318241	4.988306822092615
strange	4.987628757817494	5.016662365586161	4.990099084137433
journey	5.169765565132217	4.921161850830164	5.078032942094826
uncle	5.133088512664969	4.909356051806633	5.032011305872882
species	5.069381689666898	4.934845361226932	5.160826786758341
think	5.0566083802943425	5.001612212678377	5.093050459914351
bed	5.027270600665247	4.806562646562938	4.83037092671933
wind	4.9681635981796015	4.937310616202939	4.912086514308567
bless	5.101112931325937	4.937054777331606	5.033674959997395
destroy	4.901341782759293	5.0869051355446375	5.142730538592636
author	5.235261054348533	4.974219340385066	5.318195527116182
sustain	5.066079940252555	5.041753048669446	5.2832294774695425
black	4.986641759065854	4.845835089429312	4.863882756120691
event	5.105357320175018	5.070151395062847	5.3025583624722605
liberty	5.093652735874022	5.0985528590672855	5.351517298522649
negro	4.960902079466483	4.956314038544664	4.998127696548365
little	5.131327597329846	4.878202001297789	5.022102243908278
fortune	5.101820710701663	5.062573748417717	5.1947783403886465
touch	5.075133942855127	4.9500952548241095	5.038066575149295
kill	4.79021590397078	5.073827307825538	4.921196482702552
feature	5.136923808427654	4.925197156723811	5.114305186221486
happiness	5.140354822254424	5.051073679467682	5.2529177692766815
assume	5.102926596418837	5.010484265003559	5.235597957408169
notion	5.096874615759771	4.966024457390283	5.176184357971039
purchase	5.182329370000865	4.872330341795353	5.173225985925459
faithful	5.15422159547548	5.042927925391715	5.263520465382475
soldier	4.935236257629149	5.146691724911067	5.126159405198328
father	5.006776359813983	5.032117812563442	5.0803643076673275
narrow	5.0345378624052195	4.888158979226483	5.024672678397138
great	5.138962495664265	4.998610529845402	5.268651198887612
tear	4.934615133010168	4.98122142661879	4.907021431891856
honorable	5.15438155784179	5.099748272454291	5.388592442668626
previous	5.125854518209249	4.9565330848067175	5.227916099146581
good	5.117818436476149	4.978032632592442	5.148460637704819
domestic	5.172496852812081	4.946808865019602	5.216629148141334
glory	5.180797026781111	4.997301258607263	5.21623132966592
lay	5.024958969263425	4.887619709207517	4.979978408056533
occasion	5.100280000293396	5.040577781918646	5.240591921872785
guard	4.931104538723705	5.0975972307268025	5.115435926195634
whole	5.091780294091155	4.948843799572848	5.176111174001031
mouth	5.007470508664451	4.865507077027105	4.8752461220627925
receive	5.163581328311197	4.971760482027269	5.249033256748239
take	5.035590347594947	4.961224659069289	5.084378954903659
simple	5.1922670268352755	4.882394776677135	5.167819241715091
error	5.00209355415107	5.081394156958638	5.283931653898075
wisdom	5.123781327683435	5.06319949755069	5.302685068631443
rock	4.996183076516638	4.881281197813517	4.923783772633619
decide	5.090551448197304	5.050882936928174	5.325735591405473
exclaim	4.937145988608091	5.03391079010505	4.92501850899342
assure	5.096621996208291	5.04470651056751	5.188389791377114
sign	5.063595285340318	4.958503342190255	5.144098699047305
preserve	5.149770830730525	4.9223507300907094	5.193709760822806
commerce	5.155772183677681	4.971621185743374	5.304985595794285
plant	5.13245913479153	4.786111788144411	5.013360355909949
walk	5.156640685869631	4.833422065162204	4.934347334523981
difference	5.1028720941371635	4.942601684490386	5.225932754027598
hang	4.980466815097915	4.8636075923494815	4.84617628106657
following	5.267857863014822	4.8578465735637835	5.262723258686725
employ	5.150290449715475	4.92269585408926	5.225033986759639
