deal	5.0391262634229435	5.007981866799739	5.106619100267162
study	5.283046532117785	4.904228030286882	5.2387820911729275
afford	5.178053157276353	4.937291806101927	5.214653515673141
service	5.179761037616847	5.012447696161191	5.284724018000776
height	5.050971823976756	4.859815550836179	5.026285705092145
prospect	5.140981760537927	4.980529188801237	5.1540810951247416
pleasant	5.222543771762856	4.833109056872752	4.97302159066439
shade	5.118309013421764	4.829135534541836	4.938571191904137
listen	5.002752131234769	5.063834048375737	5.011506602810382
mighty	4.984843168472102	5.02409654588042	5.065952862113277
country	5.113171926397264	5.008563565695589	5.263477486844789
title	5.221982521737351	4.96684986939914	5.332175311931307
choose	5.129885743990521	4.949061864926039	5.19815186362467
village	5.132597598043353	4.907316910249952	5.077390009597937
acquire	5.214774246743397	4.966174187456773	5.287837996798803
rank	5.125215859303788	5.051041043977361	5.260986180121081
bow	5.03356614087529	4.949728436145563	4.965999609732001
doctor	5.001608423604505	4.990358518673816	5.003833150443272
talent	5.247057641443893	5.014208147339332	5.312439700905067
source	5.166525856095323	4.962937561681996	5.239502586413747
lead	5.038046628224741	5.025111569086763	5.132389690587203
question	5.0474324059111595	5.0407572584184885	5.244410297460773
publish	5.241834076328161	4.939429544423237	5.327103605400841
interest	5.1426516278065035	5.030202393093484	5.283817598381314
serve	5.045333457164744	4.962108156493984	5.090543333823056
divine	5.129559202116453	5.005117773778688	5.228547828465512
put	4.941800896816185	4.92634721137423	4.947288454928787
shadow	5.028972119192032	4.90948194563112	4.968634121095102
practical	5.182529599562837	4.971378458520752	5.3139671650151366
surface	5.046585762726152	4.788483926380168	4.943817886854007
account	5.094352470661038	4.983275144037261	5.195430458656317
loss	4.931673545788455	5.089398128936364	5.122674378358396
indian	4.955810843505171	5.0311243452048755	5.10660197365073
vine	5.122726544619316	4.774908494460669	4.9964101346937495
certain	5.037183888291598	5.02209611001861	5.19481853859894
sin	4.856267622589532	5.128123943892229	5.074904125309618
necessity	4.994136638991152	5.071341093990583	5.241300326712268
lose	4.963714614053707	5.0531010983912	5.0444171898929655
private	5.096095244429828	5.056242983303389	5.278657171720902
gentleman	5.144746511381404	4.9632463432548946	5.1212247595210645
daughter	5.031631908468228	5.057453605800073	5.064569604904429
drive	4.8149754233852144	5.091271579994464	4.952100620833493
strange	4.945412634692619	5.046707012399001	4.954240732053043
journey	5.124274549996978	4.935272845931591	5.046336713324512
uncle	5.095713507333253	4.94601542157611	5.012925140898747
species	5.0418270548413116	4.931045186753141	5.133012693737939
think	5.018989834885114	5.03132464118512	5.057517608795368
bed	4.979527642234753	4.836145730232742	4.818820219307883
wind	4.910119881131816	4.943617908729165	4.869216895550472
bless	5.066597192347818	4.962023375618542	5.00438049796729
destroy	4.868919957016541	5.093678811679881	5.103637946568291
author	5.219941063425462	4.986027535104548	5.278627026687608
sustain	5.032297376853602	5.041745534670956	5.236380482858888
black	4.946888020019207	4.860492472593332	4.852336628411284
event	5.067488304469331	5.082728269739978	5.249545038852549
liberty	5.059497502483594	5.104623664069222	5.296537153191466
negro	4.935782393653429	4.975675644997492	4.990944080019611
little	5.09517239915221	4.898163099812174	4.999447661103957
fortune	5.074323476521157	5.074342187870985	5.163149768214249
touch	5.031470374459839	4.967720119983066	4.993443399519524
kill	4.753864175767137	5.101708577560673	4.89650867992833
feature	5.096376321019416	4.936283189607016	5.074111897177101
happiness	5.108508556399797	5.064824719581298	5.207967237412841
assume	5.0666422145019085	5.018693759402067	5.191917986839881
notion	5.068588053961496	4.9906207757576535	5.143788974737348
purchase	5.16033481875873	4.8826301598474	5.167198905052116
faithful	5.12734330861028	5.059440749861359	5.216738388159583
soldier	4.893849037862293	5.1573308780282785	5.079116202383275
father	4.974051371924472	5.066282288890912	5.050588453771048
narrow	4.987826753779179	4.894935734545257	4.994222739393761
great	5.109055968011057	5.000475221710407	5.228650326686214
tear	4.886140948945424	5.003007818476229	4.869226766368621
honorable	5.130511616724507	5.110038651970223	5.3441378112784115
previous	5.089750608079596	4.967488582483473	5.188227801918811
good	5.0877144922923545	4.995229527102457	5.118303371653093
domestic	5.149086852654042	4.950193260468638	5.18759277900992
glory	5.147324654582917	4.997857264103813	5.169757775836473
lay	4.979504184693703	4.8980980997598	4.949661141457368
occasion	5.062205505405128	5.051191373575391	5.196317184423054
guard	4.887017430859728	5.113205604108231	5.0705504462809765
whole	5.056708657311256	4.950227913189547	5.139429857499432
mouth	4.952800374570738	4.87605260075634	4.845689815647801
receive	5.134561820292012	4.978064833110971	5.21437867078145
take	4.996612766303336	4.979511774927575	5.05406005679201
simple	5.169334830468495	4.893549223308807	5.136065693427127
error	4.973212906435722	5.098412557194344	5.234479006345254
wisdom	5.098554717351753	5.073123286425064	5.2527096251905
rock	4.940442525441808	4.887992721994249	4.887805818706637
decide	5.051257143375774	5.071236315283148	5.274193597859176
exclaim	4.89012510302989	5.06390514451409	4.89174762998993
assure	5.052429752789544	5.066581609117561	5.143397559288899
sign	5.027792895584074	4.97770780196812	5.1030608995860405
preserve	5.120113430806712	4.920541862220545	5.156616682655492
commerce	5.123532011081264	4.958783612864404	5.2655320713056355
plant	5.103216095918535	4.791369590993827	4.99504620779466
walk	5.1121759298152405	4.861621282949872	4.917514639980213
difference	5.0767266839511835	4.952437908302351	5.194267187469277
hang	4.936007120138472	4.888384748616759	4.827227248798731
following	5.241892992360842	4.864327874808297	5.220786757358832
employ	5.130238220658928	4.920903775622045	5.197582697078577
