deal	5.045332709555557	5.0179454563534565	5.133744556041389
study	5.275084132858012	4.905645801454818	5.25931056391766
afford	5.185836551929459	4.94649923483436	5.237485473476672
service	5.185139048437973	5.020233635251653	5.298856046199224
height	5.06730909061635	4.901229359541342	5.0792115163643565
prospect	5.1573253517743245	4.995275166981823	5.18586283788226
pleasant	5.224339568467863	4.849580389205396	4.99577533475539
shade	5.119838564407778	4.862409043444496	4.974408049861748
listen	5.010038256876427	5.089996808014708	5.055798935903636
mighty	4.9990993040027405	5.056862228042205	5.11069474524157
country	5.132492501473431	5.016647071106321	5.293705831320393
title	5.227659319634838	4.9743858691029175	5.364507564554414
choose	5.147813193107666	4.960331913916062	5.228660884225936
village	5.143023955403886	4.924641020733348	5.101862603419965
acquire	5.226229333828388	4.969827593291082	5.315877381268673
rank	5.139431446952067	5.065924033323556	5.293983024898416
bow	5.039957048406898	4.994661327415449	5.009171554637548
doctor	5.001634624428698	5.004212414606999	5.027886712837766
talent	5.2478430681103205	5.015075667497269	5.336312595007828
source	5.1762923260773235	4.975935604088268	5.273238887818182
lead	5.055232114500908	5.040662057161055	5.169344706794919
question	5.069457094037935	5.046035022149736	5.287839485740201
publish	5.238803182029495	4.9496749496386965	5.356728072935071
interest	5.159289784432978	5.034303664565186	5.313456095865225
serve	5.054175455090986	4.979156640400195	5.116125262547577
divine	5.134375861271301	5.022462869302883	5.265563142230795
put	4.956212223670602	4.955203742607703	4.982230386679221
shadow	5.037881202193683	4.942673992211239	5.016466684562532
practical	5.193137447042745	4.97031084493247	5.346603054857162
surface	5.062574196557497	4.8288566727506215	4.995983613132791
account	5.101455157276992	4.993987593421874	5.224784516817192
loss	4.946605926849695	5.1107289254268835	5.155862488236232
indian	4.973823376036509	5.057926194478446	5.148209650681617
vine	5.131504696790796	4.8036551638117215	5.0341799597642085
certain	5.055898990660097	5.03390488077149	5.2319141579526445
sin	4.865762129756828	5.144581894917283	5.11118108354889
necessity	5.018404113737309	5.080536744685473	5.277280590975442
lose	4.97689611816115	5.077546770484679	5.081752854901018
private	5.112744745933382	5.055828240064243	5.299435584224061
gentleman	5.148370004814198	4.967533520973405	5.139090912576223
daughter	5.036821487081151	5.071424795430234	5.086538927391454
drive	4.836436158570999	5.126915094835986	4.993748579285192
strange	4.949436915456965	5.072557562151293	4.993265050507204
journey	5.122554664500826	4.9592391590867235	5.071475033400151
uncle	5.100676570707719	4.95493779389828	5.032631519134067
species	5.058842720712506	4.956886966268128	5.17101254964315
think	5.025945210881333	5.043089487293729	5.0899899923937975
bed	4.98146552144685	4.86957376358469	4.84467550382772
wind	4.9263435993322	4.989709875083869	4.92230208113783
bless	5.071708307414204	4.987233467855127	5.032123099438692
destroy	4.888611043457822	5.115983015652499	5.140013989192321
author	5.212417660273536	4.992208249885754	5.308735614589884
sustain	5.056106687076304	5.060119441585184	5.275816952010036
black	4.950288597617197	4.906306772376459	4.889495554300118
event	5.084380419608769	5.093287608376319	5.288321338713209
liberty	5.08747034023633	5.111804204292651	5.333927513801717
negro	4.943086861668909	4.992780119002834	5.012314506834656
little	5.097960278127298	4.914954999766592	5.026382807281316
fortune	5.0807517609502675	5.084413825054948	5.183199344478767
touch	5.039844781300046	4.997210546149365	5.037601373111063
kill	4.762871886373694	5.1346440084650595	4.933305336679546
feature	5.107647846074251	4.963836397469602	5.120301773971044
happiness	5.124904709819072	5.07004673598006	5.237282478513837
assume	5.087164143303708	5.035635824425909	5.234084924440992
notion	5.081216051799774	4.991398333155014	5.180890932193582
purchase	5.167927013867113	4.893996652197181	5.178644679605613
faithful	5.13024562768156	5.06917464819685	5.242861598742042
soldier	4.909151679892012	5.186727013011349	5.116536904278202
father	4.981459892142815	5.083068098852106	5.076150144689416
narrow	5.007375226131115	4.922382852377046	5.035877394998769
great	5.12095080915988	5.0178399415553265	5.262537995710162
tear	4.894856310789034	5.045425562493799	4.91008381353058
honorable	5.144374907653574	5.109868629434077	5.368278710367365
previous	5.105494817650855	4.980580826778463	5.221873784493813
good	5.095133425637581	4.999626128215833	5.1396248104193045
domestic	5.161272429555403	4.953971767693635	5.207531745287328
glory	5.153313107544526	5.028236299784662	5.210095578182853
lay	4.992552562937568	4.934958978381351	4.988305533398548
occasion	5.077311682807754	5.0600561657544905	5.227498008127982
guard	4.906160072472074	5.139976664738054	5.10844318806383
whole	5.0754110480104435	4.972999910724256	5.1783062353359295
mouth	4.9623354683852785	4.924932011247769	4.892798544441115
receive	5.147940043269186	4.995273563634206	5.240624400495108
take	5.011991634443301	4.999767262400068	5.085109200118879
simple	5.1717178551530845	4.906352770484138	5.1682660640797655
error	4.98939364462049	5.102783424452912	5.278124196645043
wisdom	5.105804966612484	5.081724333498311	5.287379210576607
rock	4.954238352571619	4.937045044669944	4.9397772358531515
decide	5.079285099010899	5.074297167050102	5.319842358235039
exclaim	4.895494918072489	5.102252908985072	4.93024377186724
assure	5.064685758553496	5.080329005323755	5.177306762821098
sign	5.039655678963461	5.005405223277379	5.145265153658692
preserve	5.129580135216293	4.94236439304731	5.186793897588402
commerce	5.148606127401516	4.978531128423025	5.301937730575039
plant	5.111380463740125	4.817556901224275	5.0297242688568105
walk	5.112166041052242	4.88588589959264	4.942984903144919
difference	5.0987586032981325	4.957868707441168	5.23316426107194
hang	4.937478072004176	4.931159479470285	4.8639847850849085
following	5.241775760005939	4.8814466797447995	5.253623528383871
employ	5.1376208886583905	4.937609742134877	5.224314136067928
