deal	5.043325131110147	5.022570198479509	5.1173663985981435
study	5.260788605221404	4.946112896678393	5.269075677110819
afford	5.16730587664447	4.977655227374875	5.242406111148713
service	5.169304237688518	5.043237054958633	5.299007170786715
height	5.03858535412893	4.904210996697398	5.05218675733247
prospect	5.153940737937406	5.017910044305562	5.190891004775362
pleasant	5.233529717820586	4.853416098114603	4.989222957021092
shade	5.1022278271412365	4.87388498414642	4.962825477214872
listen	5.016547570245855	5.090559123872694	5.051390633670453
mighty	4.988608185515432	5.06554023594663	5.096585967509639
country	5.103445629076338	5.053113336579966	5.291682284805461
title	5.19257592615996	5.007405008418359	5.356036524495056
choose	5.120533700491688	4.9696963607665845	5.2125215225475205
village	5.13506056430166	4.928611408399462	5.089987833538316
acquire	5.200465180978813	5.012213237818912	5.32142164754114
rank	5.106678139153571	5.097437520793254	5.287903218633475
bow	5.035748275764106	4.982876273465316	4.986195931551119
doctor	5.009793946539934	4.985699141967813	5.003538105573479
talent	5.230246194622053	5.059128509905052	5.345236714672429
source	5.153778459718593	5.014547027443956	5.280362551177169
lead	5.040688536609646	5.063805547282246	5.172383333902643
question	5.042080699223582	5.068918222113198	5.276890734417062
publish	5.21080825080423	4.979181530493669	5.349818257277002
interest	5.137859385277822	5.070281303248468	5.316050486400469
serve	5.040144911507029	4.987872915454793	5.106370135365907
divine	5.105287872349278	5.060382909432254	5.269349248533007
put	4.950698999114152	4.928280163603335	4.944779241251284
shadow	5.0243432571857936	4.953424011815693	5.006737524759582
practical	5.156492409969586	5.017387916996255	5.347058625498683
surface	5.04156704259397	4.828525293353302	4.968536090428758
account	5.090187277524528	5.008684089909143	5.2157063287087775
loss	4.949976933349886	5.113654632142432	5.150944706879427
indian	4.958071409798469	5.064623763655536	5.136308566639251
vine	5.111785708020817	4.809891292811181	5.019425787394021
certain	5.028903173679426	5.057383209499839	5.224272049481401
sin	4.858575671402619	5.1567389223117654	5.1106829095710875
necessity	4.988749526696953	5.1095952458986424	5.274980779835074
lose	4.979942062560016	5.079126170693288	5.077473467340205
private	5.087662107731753	5.082739792858676	5.296600400842794
gentleman	5.14335237457072	4.965826333501342	5.11930277548193
daughter	5.0432865085917244	5.069750068447236	5.0859812262257265
drive	4.838451797974786	5.108997943821317	4.973013388914264
strange	4.958948300840277	5.069600322835897	4.985845353571
journey	5.145286299808001	4.959907208843801	5.077277458759439
uncle	5.122588062290528	4.933972098054514	5.01629873062202
species	5.024629546680596	4.965176729292848	5.145259600884637
think	5.037285039718262	5.044508527519655	5.085575012866981
bed	4.988256796447529	4.837792117994312	4.81440647538313
wind	4.9279531723782535	4.97056837954756	4.898619902336145
bless	5.076062474542232	4.980567331717694	5.0228823061487855
destroy	4.864589408364792	5.131175570585131	5.133882308658232
author	5.194367863331377	5.033215936715928	5.316067464725994
sustain	5.022921491200761	5.092897617183704	5.2718005563907715
black	4.933349513942712	4.87780504455405	4.841276322393782
event	5.070446472212224	5.129194655913417	5.298694081820635
liberty	5.051616163759041	5.153511741806092	5.3369226405443975
negro	4.9430158483448094	4.9718420276671305	4.981915989516609
little	5.105183395089559	4.912225337545876	5.013330680813945
fortune	5.090375061381294	5.099465317765041	5.191016998510982
touch	5.034038113604782	5.001073587135088	5.027005362009167
kill	4.785893246647594	5.101261449121158	4.91717275941028
feature	5.081777206333343	4.98742957492379	5.107147402235786
happiness	5.113174851419822	5.10592402720485	5.253482881302723
assume	5.054208287925848	5.061406669626615	5.2207558120918325
notion	5.067076335396763	5.0082916757724325	5.164008188312852
purchase	5.159926506551858	4.893282420431718	5.16215589106397
faithful	5.125886187322836	5.098998116769141	5.257816372250762
soldier	4.90676633203262	5.186104381275371	5.10867225555856
father	4.990520742595928	5.081434114759167	5.075846941761249
narrow	4.984892186639804	4.929436352325966	5.016420804577316
great	5.099250459618623	5.045447454669925	5.2569851791769695
tear	4.904692603180578	5.02663315802652	4.895658057514913
honorable	5.123176316227629	5.148835153493374	5.37711834377096
previous	5.083170152420181	4.999799031577286	5.215229164617427
good	5.096183253144415	5.01097128063597	5.1352487240091245
domestic	5.135346536277427	4.985201841066667	5.204750964580063
glory	5.1381145796893115	5.055492560999815	5.208779686613227
lay	4.979568819919268	4.930224535432931	4.967345571154246
occasion	5.060850922081492	5.082671220238699	5.224090410894776
guard	4.896075896093613	5.140275972865708	5.102537457191551
whole	5.0467703434228985	4.986204745138216	5.157945877172649
mouth	4.963159318353103	4.888436817709066	4.849739045308683
receive	5.130930889786047	5.007510332491513	5.23293391700275
take	5.004812132376415	4.992407511728088	5.066410671405887
simple	5.143617350707792	4.935751450749958	5.16074332833141
error	4.9658962875658474	5.138971617983719	5.2816508063405525
wisdom	5.085094518552539	5.124036791478006	5.297814464952301
rock	4.948125237158572	4.922126920648611	4.915829635427492
decide	5.049980723184733	5.102746410113736	5.3144091839915655
exclaim	4.917479393193807	5.067848450000797	4.906930065978089
assure	5.071840623578939	5.0899822975572215	5.180739728426595
sign	5.021773668055015	5.006100176569779	5.125635873134444
preserve	5.099079444231724	4.97064965385025	5.182541255697843
commerce	5.11052004989241	5.004013674366044	5.2871569728696866
plant	5.084630207760227	4.828377961103099	5.015027076330404
walk	5.120128051095547	4.872457957830607	4.924274991727728
difference	5.065441305174624	4.980862305103771	5.215215173521219
hang	4.93791560669907	4.903668868984379	4.831788677384779
following	5.214147832686737	4.90398487184552	5.2448675289577595
employ	5.1109113505913095	4.952819175830731	5.20698765686916
