deal	5.03824897905835	5.001655226212782	5.0850396568287675
study	5.27793992513482	4.899338467681447	5.235400807585446
afford	5.17537392044347	4.938607500241788	5.199787141337194
service	5.168893322762899	5.015818677377007	5.261612824240933
height	5.046766105898035	4.8514264782464105	4.992927423180345
prospect	5.146169948337585	4.9834640272560415	5.1416987865187345
pleasant	5.226685218220217	4.8238066491508444	4.952628938980752
shade	5.114130891067642	4.828793617222994	4.919776439174101
listen	5.019735134157946	5.062805564487808	5.019328988925448
mighty	4.980484027786579	5.029411985091679	5.044177848151239
country	5.10222284848138	5.022578557641084	5.250998870237471
title	5.2004118592947055	4.984610502981533	5.325338480174176
choose	5.119237722668936	4.947137375141748	5.16907510852229
village	5.124622068509843	4.8957719478528805	5.03827869612731
acquire	5.210865319710453	4.968537752490894	5.281269835211122
rank	5.110586207437289	5.055544201412555	5.239959973815116
bow	5.033440634669112	4.947894337219018	4.9413411634283655
doctor	5.013970297288486	4.966811533321572	4.98603520648567
talent	5.238088677270034	5.01602184768919	5.305960466446818
source	5.167723998234098	4.98094462688634	5.247563587924317
lead	5.045145153306173	5.023665335306526	5.125686717673516
question	5.055755470012921	5.047877040834318	5.251587844488998
publish	5.222955958240112	4.955014308020611	5.326258143683507
interest	5.143765155678028	5.042209574197667	5.28351827137945
serve	5.044006831534581	4.958211327494222	5.06540189140626
divine	5.130264730507369	5.023094640438837	5.239482227656741
put	4.9528264928951895	4.9103073963926125	4.908966850473476
shadow	5.034173443250646	4.908834459642497	4.9572212120673935
practical	5.180348677188042	4.977901114918991	5.316996200021855
surface	5.053483129277392	4.782752468962926	4.917053847183856
account	5.0957228509601515	4.987047259698547	5.183997432122571
loss	4.940682830345525	5.095061108339147	5.109804938114
indian	4.953887044006165	5.040600207764371	5.084830747162902
vine	5.119050904341689	4.765445526762761	4.962749085120376
certain	5.044789967013351	5.025649448723183	5.187119969557566
sin	4.863080406244459	5.133557663851109	5.079916518351447
necessity	5.005228532411064	5.077297715792465	5.240339802851709
lose	4.974036791934118	5.052755228352942	5.0305190111347775
private	5.0934651760052025	5.058589077660953	5.268628516866453
gentleman	5.142546763568829	4.943175320234971	5.09218276650129
daughter	5.030004278133824	5.04610805489433	5.0521466920231255
drive	4.826992720054475	5.082042344259134	4.922698504682799
strange	4.959816627643655	5.040368086786925	4.949447781517305
journey	5.129318164534777	4.930323880592936	5.026063558257684
uncle	5.098441744285022	4.927051978155461	4.986444141794405
species	5.042035724372319	4.939582526940062	5.110883957911357
think	5.029487074018648	5.024488500065147	5.05000513566448
bed	4.9916974187520795	4.811204392613068	4.783245646407176
wind	4.926060825752501	4.935706313285982	4.847605490945796
bless	5.067182998805954	4.9644260355234335	4.989536869457576
destroy	4.86623906064504	5.10255501985703	5.087779723026205
author	5.208559351224684	5.001615917877085	5.2878351364981295
sustain	5.033317543813628	5.054571662828755	5.2300609779019185
black	4.93868683269809	4.8483424362866945	4.802875207721367
event	5.074864094438831	5.092684353893737	5.255436214244554
liberty	5.053307543820484	5.127049312139848	5.302175465869739
negro	4.935397547219921	4.951356422151335	4.943430020294481
little	5.100232645477312	4.882545053227425	4.974217673756431
fortune	5.071465975449295	5.071825479268392	5.144309520875046
touch	5.043171708136836	4.968489652921452	4.991422145621076
kill	4.7582802562430855	5.086968075718543	4.859584224908308
feature	5.0995664416432795	4.936977167284578	5.066714626326011
happiness	5.116483753916061	5.075044421902268	5.217942442894617
assume	5.074784093121052	5.0236787792955715	5.185107992077775
notion	5.072788831699359	4.981206049058222	5.131420415624129
purchase	5.154336347290731	4.8781103237842185	5.129775749547141
faithful	5.121394007984558	5.070160299003661	5.219399544365545
soldier	4.893222371658542	5.154053161728596	5.051500733066508
father	4.9784730419653345	5.060229593976961	5.041235549557225
narrow	4.995593221760455	4.879743872460066	4.966986727837486
great	5.106861552185487	5.010343127816496	5.217402228228243
tear	4.899148198106459	5.003597970982843	4.861716720636179
honorable	5.121278671042178	5.123822902752698	5.3440405549826
previous	5.0984835660213745	4.966886348715092	5.178691540038756
good	5.09063824991621	4.989210477008943	5.10059085999231
domestic	5.148193028731932	4.9566602205492165	5.178119821776656
glory	5.1326189701764315	5.019293135682473	5.156872620168725
lay	4.9853864800027825	4.894539538059708	4.921345491787619
occasion	5.074331804033146	5.053809279988167	5.193141230978743
guard	4.8938837599747185	5.10405011821947	5.048680107852242
whole	5.0578267133461265	4.952062727764634	5.116024980774425
mouth	4.962584410976798	4.863967651342219	4.812411885052982
receive	5.138010480226698	4.985237987699144	5.202239072064811
take	5.007440440805612	4.970605280464845	5.031293462795041
simple	5.168824677627533	4.894322568924012	5.128928792708826
error	4.979811613147362	5.107453969734952	5.2497136745737665
wisdom	5.098389869541452	5.0857375895524735	5.260214409618838
rock	4.944000248061633	4.8819246676971755	4.858228394330771
decide	5.059499418336895	5.073970108315042	5.277293576807491
exclaim	4.907062254484032	5.048357500277451	4.874471802157563
assure	5.066451978930349	5.06685840157076	5.142377584736971
sign	5.034395940932859	4.977356595159359	5.08874902874963
preserve	5.115060882446614	4.931028346328662	5.1418834978691885
commerce	5.119279435167854	4.978450488751077	5.252282539301893
plant	5.096218625278126	4.784832104364789	4.963781227623312
walk	5.119747017068449	4.83654550458117	4.88531683718636
difference	5.081235129759963	4.952724142695466	5.183501667635071
hang	4.936937018980969	4.8701046053486365	4.7856453241580335
following	5.235191117624072	4.878296985542804	5.216948422633297
employ	5.12644685470518	4.917066536181784	5.1694881543096125
