deal	5.066508995956953	5.015747034778878	5.098859374224275
study	5.307329716991978	4.9128879174339035	5.250933417067811
afford	5.215527750289225	4.946431972002132	5.2203053604849154
service	5.201425995753589	5.022004830864953	5.275410442271427
height	5.096172114734989	4.884656331042358	5.0467710424338454
prospect	5.198018156703689	4.996196418321078	5.1738298746807985
pleasant	5.273390994839397	4.8463292024412485	4.983516115767639
shade	5.168233488483289	4.858878107691928	4.964342430116748
listen	5.058507241402619	5.0781056025935865	5.037021670966332
mighty	5.026192888823776	5.055457398569582	5.082255224211455
country	5.1459872412928345	5.024459808378931	5.270110598465353
title	5.238856771935494	4.9811772700958725	5.337973096631566
choose	5.1548671894047375	4.962181543874454	5.19164446775741
village	5.173299247583266	4.910899642564931	5.077507989258359
acquire	5.2452760898331565	4.980074244903444	5.300889874672372
rank	5.1558097385826995	5.072562357169048	5.271197966710106
bow	5.070222261622196	4.976360571641299	4.977859913562767
doctor	5.028731131656096	4.987603169523507	4.994979705290304
talent	5.279966615975552	5.029142013347818	5.32579616668803
source	5.210724780575809	4.981816655686707	5.263067837939421
lead	5.08366468461302	5.03836852974318	5.15182392109131
question	5.081548075583908	5.050141384073911	5.255120531728576
publish	5.262842597839915	4.9448253573407746	5.332679116417048
interest	5.183745067617695	5.0428539999102835	5.293377900010876
serve	5.072999352303208	4.9766002970435546	5.086305122323974
divine	5.159123737717653	5.037628395337027	5.251298983003402
put	4.971226682097947	4.937248367402968	4.932366479068792
shadow	5.082246195135365	4.940070627524884	5.001206670407878
practical	5.209736635240708	4.985783572477821	5.326908577139871
surface	5.097336671228669	4.815992338888069	4.965319792632961
account	5.129196793620925	4.985787461032775	5.195221908473394
loss	4.976873193079295	5.099200167892433	5.126962915669481
indian	4.993522112039362	5.046004948416907	5.115549302255187
vine	5.16471183091728	4.798289235238367	5.014072925665369
certain	5.075698854651602	5.036790920493475	5.203154574583596
sin	4.8858962481531405	5.148944896163625	5.088613437491121
necessity	5.033309592993361	5.086238822091155	5.251987617974033
lose	5.01137337830491	5.068500956125619	5.057354844683186
private	5.1305397102089945	5.061485061702617	5.276016002252486
gentleman	5.173402989481609	4.959660097876275	5.108709117162144
daughter	5.0614101927951	5.059556204404531	5.070249224332629
drive	4.867346675325196	5.103943513672351	4.9598422230533705
strange	4.998238661302583	5.059663278682874	4.973040824546881
journey	5.1767381012999225	4.940909895655915	5.061191582184903
uncle	5.128368797817981	4.940428508544565	5.006190663162282
species	5.081508675917973	4.950902189958252	5.13327713190416
think	5.058890547292502	5.037619016948999	5.063838633028866
bed	5.01582041862408	4.844988490295589	4.8155121409307515
wind	4.97407429968208	4.968505054850758	4.895275732046444
bless	5.097726864761096	4.985379918575863	5.012233679349975
destroy	4.905223638995016	5.114743230792628	5.111922003765484
author	5.248073969156915	4.997352115033746	5.29589519063787
sustain	5.071517685906181	5.064335098411801	5.250839028171594
black	4.973307843707418	4.878013693205945	4.844589103499294
event	5.1223184029396025	5.09435691599111	5.276091570627535
liberty	5.096459604646773	5.125309593203627	5.312516093934525
negro	4.955452903018232	4.971505986200458	4.969434511485683
little	5.129545023761406	4.905002867199096	4.998207038351957
fortune	5.11371376440162	5.084618879207829	5.169969764595652
touch	5.079726188687799	4.988029850304242	5.013676971801436
kill	4.790515496695668	5.106687301709086	4.897042108415627
feature	5.1454413322170955	4.959041448072558	5.09937270599281
happiness	5.155100192705115	5.082512621129251	5.23118567616165
assume	5.110283312164734	5.0361841700599435	5.204779464459831
notion	5.094637247453951	4.997953858984515	5.143282267006616
purchase	5.177373927191314	4.884964939629154	5.144354479087935
faithful	5.1554101676118504	5.074762871952083	5.2309992763133994
soldier	4.940824716026628	5.174137068111804	5.090731930319544
father	5.004188661915551	5.0730441817085135	5.056214650819439
narrow	5.031680312864828	4.912059056530587	5.007185414165197
great	5.145589841992892	5.019629069000092	5.23693919733102
tear	4.934125690891679	5.025499876415395	4.887700696318629
honorable	5.160062561266395	5.124011219878496	5.353256629528809
previous	5.133201437801623	4.9702228875249	5.195955227146284
good	5.117809704754921	5.003385973094113	5.114428536019306
domestic	5.181920070276695	4.961350208861212	5.186835016518369
glory	5.188271694470023	5.040670122779922	5.1956584574314375
lay	5.0141642679913465	4.918752024012757	4.954174982390432
occasion	5.111849756253382	5.058770314305616	5.205103997671247
guard	4.931177017064374	5.124584382176565	5.081436312645744
whole	5.094884189254887	4.967693774257681	5.142203808740547
mouth	5.000124560331882	4.893969478644441	4.852958297216603
receive	5.168999340689302	4.984989620671163	5.209860785601891
take	5.033614429951517	4.984213518399006	5.049003860006472
simple	5.196959152551688	4.912941634204507	5.144308781818125
error	5.011869003668493	5.112516160122058	5.257143633323415
wisdom	5.13283662799768	5.101557650162581	5.276105333960815
rock	4.991997298285199	4.91475897964828	4.911455281299225
decide	5.093946543187976	5.081275189763447	5.291132608852388
exclaim	4.939012088422754	5.071199530611858	4.901977139907762
assure	5.100416919939458	5.072217569770905	5.155931691615147
sign	5.06286406576688	4.995673503661923	5.109481531760682
preserve	5.151359735796254	4.942273079826767	5.163419045753
commerce	5.16257180884226	4.98076266605588	5.273998792489368
plant	5.137411129946232	4.814088303080653	5.007868054830644
walk	5.155440773001942	4.8717435888171865	4.923240203384498
difference	5.10869553970208	4.96434577141876	5.196765592764885
hang	4.973129339825783	4.910616708190093	4.831751756866856
following	5.274688964307796	4.873581967213189	5.229575383070607
employ	5.1531444599295355	4.930777537278044	5.1896376079325375
