deal	5.076073617281519	4.99426792514957	5.136586604273284
study	5.308840326131672	4.895220019388555	5.276298401648977
afford	5.214371375370496	4.935345417736211	5.247392467977652
service	5.218715425503757	5.007902837508185	5.317156092524107
height	5.069656831379775	4.8706297038220026	5.05971098465272
prospect	5.169959984517929	4.980319656764763	5.179706752477885
pleasant	5.231272998349914	4.829559619535798	4.984083671021801
shade	5.118854000336281	4.8411421632238625	4.959629786832441
listen	5.017226603148175	5.063264762324586	5.045541802793833
mighty	5.007822300112776	5.022044977273478	5.091913475905769
country	5.158074553337791	5.004477291787248	5.297609321583499
title	5.25939231224267	4.958419042552654	5.3761433913492604
choose	5.164593194136921	4.941036285053183	5.22862921183615
village	5.153818832305859	4.896298498589522	5.0876144204105245
acquire	5.256978289749327	4.957691492893272	5.3300464971321055
rank	5.155516703909882	5.046833727392915	5.298547973036057
bow	5.045940881750162	4.963688480368209	5.004542108777715
doctor	5.025821260973274	4.980579911097463	5.031459591478442
talent	5.281203342171189	5.003077406404809	5.3503742306727995
source	5.211449785059219	4.961431556949536	5.2779868366412614
lead	5.071257953881157	5.0202117751519575	5.170178134740565
question	5.091807793942684	5.037726753120248	5.292766264938103
publish	5.280334990603214	4.936848652330792	5.371963085741431
interest	5.1924126264867665	5.029674169252074	5.325561015835754
serve	5.078843262934941	4.958942483657484	5.123813472908844
divine	5.162740836543734	5.005434740983894	5.269702418412282
put	4.976274164692981	4.926554853397789	4.977884659706902
shadow	5.038363120178794	4.916441669788979	4.997734881423416
practical	5.229140721069171	4.966722699687473	5.360670118460409
surface	5.067631443550787	4.805126761440673	4.9750847002202905
account	5.141086252511087	4.976729175572676	5.233890637165475
loss	4.9820537767965325	5.0856250257265	5.158529104611405
indian	4.992498063379929	5.02732366310313	5.139912313837623
vine	5.1402724454828785	4.783062925785126	5.023298260208765
certain	5.081333888627441	5.015736826649543	5.233383797901714
sin	4.897072402811276	5.113466585596634	5.111462034783311
necessity	5.046965456022699	5.071139789323843	5.286449296737464
lose	4.998784202124264	5.046453981828723	5.077195214539687
private	5.145123905869168	5.050085366737561	5.316017705545354
gentleman	5.169621057660469	4.950345775383927	5.147306087081248
daughter	5.051946730988002	5.042266715666637	5.0904215909053
drive	4.845855949050436	5.086235880535337	4.9771625598158735
strange	4.957997624955824	5.0360810988703575	4.9751669500517375
journey	5.141653349687228	4.929146854513926	5.065527623329165
uncle	5.126392328959846	4.926121749162686	5.034194231983692
species	5.0918957105901805	4.93481158627089	5.165656752623984
think	5.049054412663946	5.016197780498889	5.087465925602936
bed	4.983672423341157	4.839977543033445	4.829509903434287
wind	4.925010714624071	4.9523220857855	4.891912159953502
bless	5.093751143012808	4.956295156121326	5.029389332818541
destroy	4.912260879710051	5.086825464387349	5.136386563323604
author	5.252770657556848	4.978259507382387	5.323846822721672
sustain	5.078083481342669	5.05075547121365	5.282389802838307
black	4.951922735197699	4.8708116400690535	4.8715117078881605
event	5.107960221763655	5.079384495724205	5.292058176426634
liberty	5.113399230548607	5.1030060809855255	5.344793727867267
negro	4.967061335014041	4.957898082927476	5.004658490786631
little	5.117193286669198	4.890143594035902	5.024046857196256
fortune	5.1083351744169265	5.058057302604013	5.190761153598801
touch	5.050291287335634	4.973694909726841	5.03288241138721
kill	4.7804728178522415	5.078943206607564	4.915904793682249
feature	5.104767122581289	4.948162276424344	5.110086113289694
happiness	5.151367143549139	5.0583058187624355	5.245933303190533
assume	5.100326705727908	5.024860076930416	5.235392843299956
notion	5.111522877233777	4.971208383516124	5.183480451934463
purchase	5.208154790180993	4.871984224106526	5.188410785621663
faithful	5.155476927575654	5.054089984619017	5.256557366139401
soldier	4.917893307281025	5.153765523257474	5.108777992540279
father	4.999423238933223	5.053621431443987	5.07930315042466
narrow	5.008551808878786	4.898101646388354	5.020836575551956
great	5.148780426422791	4.999618662976889	5.267281860465127
tear	4.906568778244196	5.0109303721939975	4.898849251781459
honorable	5.174767263329441	5.102384829438157	5.388514459062469
previous	5.127612256857154	4.97075550728977	5.22799867954134
good	5.125944577447475	4.97895483142895	5.148185608290914
domestic	5.189738091057788	4.952070462496628	5.219023214732844
glory	5.167909433220339	4.9984011501774965	5.19779116786977
lay	4.997088005462812	4.910865500953746	4.982553186949098
occasion	5.101760234579373	5.051679301416846	5.23408593449345
guard	4.914407779261148	5.113042668850627	5.104652896320059
whole	5.091521251241416	4.955863396983381	5.173137581374928
mouth	4.966249946458777	4.885422383876567	4.870055516394364
receive	5.1797874924828	4.980013865232861	5.25298701658592
take	5.033222006871273	4.976366705269403	5.08809099245163
simple	5.192599248296482	4.895249855136565	5.17269002726214
error	5.024862981927567	5.0881646363962645	5.285623550550025
wisdom	5.1338746621111735	5.063204006896295	5.293633391627142
rock	4.951978198616468	4.897244246610138	4.910574687679532
decide	5.095748480845128	5.067374589710115	5.323998245421592
exclaim	4.907039881257485	5.061101816164976	4.919411232586512
assure	5.0921492316692785	5.058508784929781	5.184971655821365
sign	5.0563556248599255	4.978960989022865	5.141324316400261
preserve	5.154751039496532	4.928212498626774	5.197564512049705
commerce	5.177461569927778	4.96868856477975	5.303617572057562
plant	5.120400015154095	4.79634749267381	5.021144708200867
walk	5.115522451665123	4.855788331854395	4.930326924174929
difference	5.129537975040545	4.9436895918424035	5.235258874726807
hang	4.937043340256143	4.892272298764374	4.845219913100824
following	5.272144435841111	4.875500331567281	5.2653416421999655
employ	5.170374376773668	4.92084619466796	5.230260996939225
