deal	5.046805964274295	5.020469014578242	5.119907621525755
study	5.27203989140826	4.912991242189248	5.258660402289443
afford	5.180787548943737	4.949459074358789	5.236369792379857
service	5.184201939647134	5.029438035242381	5.294257416381472
height	5.079052984567143	4.874551871238893	5.061982076152702
prospect	5.162882586544463	4.994501817860532	5.185414631939658
pleasant	5.238775250678765	4.848027778282974	4.985463883443474
shade	5.134207429732477	4.847464870242028	4.962185739108607
listen	5.015725038077331	5.081341620179148	5.037558030656372
mighty	5.010995357410572	5.044961955087945	5.097306046590999
country	5.124687213332665	5.0176294996270725	5.287162881673454
title	5.221115120853721	4.973119162547749	5.360882696744071
choose	5.1437277590443236	4.968815361090547	5.218115892235421
village	5.14634568115582	4.911895072380823	5.080123253561008
acquire	5.2183957177720135	4.9766515939114	5.318369012380018
rank	5.128335752972266	5.063998095974781	5.277897649146192
bow	5.053946471185509	4.974370445840476	4.9873066874215075
doctor	4.996930243498617	5.002950399313577	5.0064341231916965
talent	5.242199345923848	5.026323994273011	5.334032290011283
source	5.177039319075687	4.973503420621928	5.277619543718406
lead	5.051093425608956	5.039161152440853	5.160998028069509
question	5.055273435028081	5.055450040908974	5.283033079380963
publish	5.2353621572454125	4.946298738096802	5.349775692945547
interest	5.1523954274565265	5.040053205109099	5.314660371737845
serve	5.054517350701773	4.982699837689487	5.10475345896867
divine	5.133869181253	5.026670028597957	5.267457528522155
put	4.964763509148951	4.9503527299418	4.962435067398052
shadow	5.054125691313163	4.929686819201378	5.010227669025215
practical	5.181440880830764	4.9839084761005115	5.349385172581196
surface	5.082744777825769	4.809352513211426	4.986843273207862
account	5.0976800002423355	4.991556248175849	5.215498429500861
loss	4.951048498435505	5.102399517839743	5.14994948122382
indian	4.978363843647852	5.044390149527881	5.128679298058108
vine	5.153996143380512	4.790961573648873	5.026410172739759
certain	5.048293122165577	5.03685485151983	5.228720928513506
sin	4.863833563020248	5.144209774124549	5.103817554300457
necessity	5.006603236294557	5.087692266063712	5.276312661403196
lose	4.984297280486659	5.070465692766163	5.074901480654402
private	5.0983467260354445	5.066059372377196	5.295187772957637
gentleman	5.141177263403396	4.969962552833772	5.118679372749372
daughter	5.031625628124005	5.062675317209855	5.071404802115398
drive	4.845524894563732	5.106148060938644	4.97137654509166
strange	4.958849648072725	5.059692431983725	4.981011980547389
journey	5.1439266379141175	4.946420177099232	5.063613881426388
uncle	5.109150597408663	4.9539159863204105	5.0192762950348575
species	5.064946139786641	4.940101469679285	5.158035263196135
think	5.031274432975418	5.047917250661051	5.082890526666264
bed	4.998054246970274	4.853859381445318	4.826726905554619
wind	4.953381917087746	4.963969052236779	4.9054117477947745
bless	5.090919979396486	4.980455192905473	5.022944780378513
destroy	4.883387048778636	5.111725261139088	5.128817388079808
author	5.206742985778055	4.9933213455791	5.303828658657864
sustain	5.045807439987708	5.0626614658857765	5.272696771075685
black	4.962765690461351	4.8778057587744925	4.859128005417362
event	5.078466910829917	5.093218400256903	5.287801107124492
liberty	5.072285939012793	5.121442509176765	5.329146659160793
negro	4.942601923774929	4.978923947128974	4.986907852168967
little	5.1058609838992615	4.912290500077101	5.014793127204169
fortune	5.08257595441415	5.082958134636727	5.180005317614661
touch	5.047308608355842	4.987567048401483	5.02588299375717
kill	4.784099928813104	5.1147646384294285	4.909123852807413
feature	5.102951783633646	4.953178368336349	5.110077096910057
happiness	5.1204050893983775	5.077245632893441	5.242914392028595
assume	5.072172624083744	5.03872012185937	5.223683494136624
notion	5.071779596080432	5.001697603327727	5.170221748643105
purchase	5.1754117468793375	4.887620213026969	5.1721663438935375
faithful	5.127963729405414	5.077587337772647	5.240670203548791
soldier	4.916123587458103	5.175416442817143	5.089913051943402
father	4.982227415659973	5.078795730081342	5.065629611210448
narrow	5.011210611789758	4.907361901023938	5.0253187196501266
great	5.120013079095523	5.015982425550826	5.256435593679608
tear	4.91388739832226	5.0238407985155655	4.895209343609653
honorable	5.130565762235839	5.1264028907856405	5.369003256431398
previous	5.095434052233251	4.980797937691438	5.214754368995219
good	5.09674150206656	5.011447819308678	5.1332165731683865
domestic	5.149954814475038	4.961710253803306	5.201870655072112
glory	5.169145966057845	5.020848701886075	5.202606963634566
lay	5.000134547708387	4.9215694221242225	4.973145071219002
occasion	5.0685625048998295	5.065225386586455	5.216025275533409
guard	4.905579810495413	5.129397989218676	5.0871006934923955
whole	5.072765606518003	4.967156687028494	5.166434987598283
mouth	4.98709276320373	4.895556525596246	4.8690819892945365
receive	5.145466622644172	4.993182654427631	5.232896053171531
take	5.01140067345665	4.997284450441949	5.070850951155576
simple	5.167458616474233	4.910157266961978	5.1631443532809485
error	4.976847693900345	5.108096637273402	5.277974629239476
wisdom	5.104821366403812	5.092955106137222	5.290324932276277
rock	4.981751608976107	4.907243001216134	4.923519049967307
decide	5.0628299699088615	5.087503299262322	5.3159013486034
exclaim	4.911425144244214	5.0791952070448305	4.907185568028665
assure	5.070209555523214	5.082294433741517	5.171565747164953
sign	5.04377402095456	4.997276938544056	5.133864517580068
preserve	5.12598748060562	4.943475460096964	5.181464846948788
commerce	5.1495948565992995	4.970315299931878	5.295252582663843
plant	5.126012837951826	4.806525675746813	5.019119496237338
walk	5.124948030462582	4.876631467333493	4.924515503992067
difference	5.091616731617893	4.959234802841759	5.227489264188803
hang	4.959176198658465	4.909924366578993	4.845430741027127
following	5.243059438528266	4.879165050292312	5.246805756003732
employ	5.133926244309614	4.933323294039425	5.212092408790341
