deal	5.017846401321127	4.9981486481491375	5.100741599668227
study	5.23918368633504	4.8988115401139325	5.246436810982159
afford	5.1546121139578975	4.932059931058091	5.225349770094439
service	5.153532672623363	5.007197309766153	5.297825793301278
height	5.068221302482608	4.837697718008084	5.037441947859498
prospect	5.147911623691496	4.969970223554784	5.170332990643495
pleasant	5.217704217394931	4.822381535092361	4.967285876681526
shade	5.118796660227139	4.824640611723979	4.9395089175089035
listen	5.006418935765383	5.060829051265953	5.024972029977633
mighty	4.996566862151594	5.012906671288325	5.074733484486758
country	5.099562939396969	4.998996416564786	5.276262233379091
title	5.199925973241696	4.950921232332971	5.347991207301044
choose	5.122875198556597	4.937084277188913	5.215621142931563
village	5.118918877193466	4.8848256281635525	5.0727189794752725
acquire	5.18392870789028	4.957987296388228	5.302128347763608
rank	5.105227632953646	5.040227800473646	5.274219828123125
bow	5.040294297475183	4.9448960471976084	4.972868409634593
doctor	4.9771042013705005	4.986657017967759	4.997017285852285
talent	5.206156145484556	5.006608569723973	5.322592166537044
source	5.155155814836717	4.962320238565026	5.259343348999077
lead	5.032422790474142	5.016182960843761	5.14964758556819
question	5.037873237763329	5.03737683461498	5.267791347092218
publish	5.208867388452664	4.928741638458689	5.3448298242627335
interest	5.1267087937206135	5.0251394530702225	5.2998200281470575
serve	5.030554020450869	4.960212208236847	5.097070129903254
divine	5.120412968656781	5.015361457637947	5.253503175010171
put	4.937665567811733	4.921210862230804	4.94494684423218
shadow	5.045882508791806	4.901942222286777	4.981549395939847
practical	5.151233210951115	4.971199674069343	5.334573880125784
surface	5.058748997593282	4.780132459417856	4.950774173901893
account	5.070735681736991	4.973007548341003	5.2007934952169075
loss	4.928615654691837	5.083283199664907	5.133514571425579
indian	4.945102182649235	5.019215420378796	5.117205482062773
vine	5.1213853193862695	4.763423101652584	5.005945940011623
certain	5.023113605582084	5.018291032458373	5.208155361476736
sin	4.856042920292128	5.132927184774378	5.091884027041824
necessity	4.982641887470717	5.074261680827955	5.265542737786863
lose	4.969647773879679	5.045806460561821	5.056614076141621
private	5.077699546871731	5.050198355670385	5.292080365575778
gentleman	5.116097397316165	4.947830930724872	5.113170057891182
daughter	5.02643449419806	5.043566775347603	5.070992524642909
drive	4.829862135281528	5.076516826012838	4.958595670501831
strange	4.946748172699372	5.037052850902125	4.953452588193207
journey	5.120427108422602	4.917341997992249	5.053910544224426
uncle	5.088643750114283	4.925507139631836	5.007992557954373
species	5.030010539710388	4.925798963623869	5.136494039892032
think	5.013335527386513	5.021748711691738	5.0629991006049595
bed	4.981982735383491	4.828920698026878	4.809530769428024
wind	4.93919178699935	4.932870706551681	4.882907252049237
bless	5.080860080259207	4.960197870873828	5.014575000408174
destroy	4.865565417163709	5.092084091379681	5.120273961903253
author	5.182771494541794	4.978888214144706	5.29239151121932
sustain	5.026679209829257	5.04212776041291	5.259811690695932
black	4.942154982677093	4.84763556450574	4.8376361057484285
event	5.0612118677747	5.07318157591241	5.271430601473203
liberty	5.060569373083717	5.101705061032436	5.3278212947487855
negro	4.910395294504461	4.955291893779687	4.974720583147932
little	5.078107813402949	4.8861951927133775	4.992109647008204
fortune	5.0619470645815765	5.0584199692880985	5.167950636627037
touch	5.035312686199476	4.964293074566843	5.0017011531515605
kill	4.757024247712787	5.0795549184460995	4.89789094129095
feature	5.089987010811116	4.927723889430777	5.075613930881059
happiness	5.107855940726409	5.065938911193198	5.232286325211187
assume	5.054592912465686	5.017555141099451	5.204879579920223
notion	5.043148886651289	4.9794810354255725	5.143234632700644
purchase	5.140260434120849	4.868746274266921	5.163975975946186
faithful	5.11211202720052	5.058553990634934	5.24120053694365
soldier	4.894027961339901	5.1438182719138	5.092862165711653
father	4.972375830200219	5.058925957056909	5.057400118249001
narrow	4.99604452398354	4.878993506382239	4.997492201541173
great	5.0934832928230716	4.99499631416839	5.238373657672475
tear	4.903533361345793	5.004807739572775	4.8767089555896606
honorable	5.109834354781197	5.106966756195599	5.370093615973333
previous	5.076746800277572	4.9608029272786265	5.204372528513807
good	5.069455166699756	4.988636194270184	5.1202347610256185
domestic	5.123538858122984	4.953515968050906	5.193902505653386
glory	5.15415590221039	4.992616963707843	5.187316572570847
lay	4.98491706418261	4.892367223365558	4.953323966477872
occasion	5.044036144205105	5.050506197676479	5.209177880738449
guard	4.893880762483842	5.104222885870887	5.0939403586904
whole	5.05139750008963	4.941695878074394	5.14529251698808
mouth	4.961937226643321	4.861570208582552	4.838475168666041
receive	5.11988936918993	4.9761084126095305	5.228190515995589
take	4.989362931093385	4.972906867813067	5.0592383618301655
simple	5.143285848009989	4.8937603908068095	5.13939339363697
error	4.961747623135604	5.094689328576476	5.259996459358953
wisdom	5.08279434175594	5.07635859788418	5.27638028720872
rock	4.966198825165	4.872509104577374	4.899564353063376
decide	5.04601854286781	5.063221730344873	5.303837034333491
exclaim	4.8972049414387495	5.0535472440796925	4.888938145987929
assure	5.048400900729101	5.059678773873258	5.160049467865244
sign	5.024959343648533	4.973898251318843	5.114679743627263
preserve	5.103865398645566	4.9237111593801925	5.1689979929257195
commerce	5.116666623420238	4.958306865539643	5.286018379544463
plant	5.094455196581882	4.7818372992729685	5.000526888035948
walk	5.106874196875035	4.846435168215469	4.908908351087034
difference	5.063417883550375	4.942742639274483	5.2009169475944175
hang	4.9458158630832285	4.876207841946522	4.8209136196663644
following	5.222802543576549	4.859607052155884	5.239609257785804
employ	5.094525230764307	4.91524379766282	5.200411827283307
