deal	5.036541415033813	5.004479413644088	5.12204296575001
study	5.264346937854632	4.913225179874265	5.265520170825253
afford	5.16705745171597	4.950782331706569	5.238381067127107
service	5.180804967360776	5.01068589059545	5.306962757787093
height	5.061104493492909	4.865745846631531	5.050230488558405
prospect	5.148145489203232	4.995765283383458	5.1855000100124
pleasant	5.2312139374546245	4.841120556572573	4.990221057256938
shade	5.112709686451994	4.853040646818613	4.961251879652206
listen	5.016340547118934	5.0735201440703035	5.060397833310736
mighty	4.996933975899552	5.032462428063649	5.09605740703374
country	5.112087814792518	5.017932411188151	5.289382649455337
title	5.2255177670632085	4.967657487502597	5.36975260696957
choose	5.143966847970052	4.940384558484361	5.226456473040458
village	5.155206358283222	4.900555798680492	5.096612498497112
acquire	5.203594307548116	4.976136149640389	5.3162594273565755
rank	5.122971079371814	5.059445083921779	5.291081314360756
bow	5.049854361566872	4.958265155134845	5.000753198807216
doctor	4.994848305913452	4.981966111595541	5.015581661178927
talent	5.227155298521824	5.0268440265485195	5.337986017195157
source	5.154547755420749	4.9864469217961505	5.275092569085461
lead	5.043835077038162	5.035407361136214	5.174346659245545
question	5.052967126268655	5.047245617547318	5.288887906304856
publish	5.237251997009382	4.941652311716687	5.356255662972684
interest	5.136565648658935	5.044010793291541	5.314549289031133
serve	5.0419686937440416	4.964257080282391	5.108264123703433
divine	5.116350611104142	5.027797550954877	5.273386960047911
put	4.9490753898136965	4.923311088899237	4.958238875237919
shadow	5.0372175036736575	4.928909888377887	5.008592968391216
practical	5.164491132584737	4.9850985777929395	5.3454294781508755
surface	5.049838764443228	4.808634548225599	4.964220348471773
account	5.092406470669328	4.985179562434186	5.2168142772472414
loss	4.93868865885965	5.086708154119664	5.14255086662138
indian	4.9842579038007475	5.032813784454947	5.145233749816927
vine	5.125260713909194	4.783002981937694	5.012578884968838
certain	5.035417480721989	5.032093172001577	5.227883965921173
sin	4.852080643526278	5.1275005309930695	5.110061472667437
necessity	4.99347895137796	5.084049494265789	5.279185510820179
lose	4.973715561806855	5.056484753081549	5.074844534148062
private	5.091694860188749	5.0592988114739255	5.305401329995988
gentleman	5.14627140848155	4.954070861760386	5.137498940667144
daughter	5.037806752797041	5.046137258382833	5.092349604855617
drive	4.840413908301259	5.087099268710085	4.980684251272762
strange	4.951822721845167	5.053348297357371	4.987235365157538
journey	5.149746507900152	4.932495301198991	5.075843164774839
uncle	5.107317850025448	4.927169077625599	5.027559321719368
species	5.041271233528197	4.941554470570612	5.148831116713134
think	5.023865362518065	5.028456314359892	5.087333163047579
bed	4.9876300051308515	4.8349366527587705	4.827966257156305
wind	4.934063513437757	4.955595288839689	4.901722570928999
bless	5.0794220555844305	4.958138878741826	5.031955396925886
destroy	4.868893264111921	5.098563623700228	5.128774978157358
author	5.205949459836396	4.998224172972392	5.313867556597687
sustain	5.025844986903342	5.058955247754121	5.267517007571681
black	4.951686986025102	4.863602879871669	4.859267091211309
event	5.071879236272985	5.096320590049995	5.290551355301365
liberty	5.067407610123165	5.116499227313417	5.340076609083662
negro	4.949947164770348	4.955458885555085	4.9982493835346515
little	5.095808496693027	4.8975948023568305	5.013575333147186
fortune	5.074463508977202	5.072528069097638	5.182492836698145
touch	5.032981844633755	4.983734173297181	5.030138618845257
kill	4.789949443347739	5.071495963891834	4.918807100704602
feature	5.08319548441279	4.963545394229626	5.105492742763615
happiness	5.101872499066902	5.082735297588956	5.246578971211444
assume	5.063381858744888	5.037664439153797	5.227540603608571
notion	5.0656003423192395	4.9901863364120285	5.170231818155962
purchase	5.1706145456346695	4.871083998628742	5.1768107548922275
faithful	5.127277710336127	5.065828962392893	5.2595123397818035
soldier	4.920374746497518	5.151679709754506	5.115309233802031
father	4.984845060771994	5.055754210304714	5.08220990070544
narrow	4.994281303811052	4.90552201703447	5.021500477143651
great	5.104168326854913	5.012913577819794	5.255010804061442
tear	4.890344054407954	5.01354972832138	4.8949017108532615
honorable	5.12497622824911	5.115992495135704	5.380460494065174
previous	5.092935494424641	4.975552547110799	5.217917388569326
good	5.087009296144504	4.992381169201163	5.138507020047218
domestic	5.131206658798609	4.968374440554934	5.204293801797316
glory	5.150711847831092	5.017212441570955	5.203308873505943
lay	4.98987955227414	4.907929042269188	4.973364361639737
occasion	5.061601306777997	5.064176887996654	5.227538714468537
guard	4.91216581353055	5.1124895120534175	5.11584158552302
whole	5.055713707954033	4.961816792645028	5.159507358836264
mouth	4.970569750968733	4.881466943770044	4.8646398697422875
receive	5.138339589859564	4.982330904721432	5.242123742650324
take	5.0065314998611115	4.9781323147658565	5.077225193414172
simple	5.15168604387192	4.911074937712013	5.163493894629118
error	4.961420509938142	5.107506866101977	5.274269741826383
wisdom	5.0853078959342675	5.088616912697231	5.2938550387723895
rock	4.9674355724251	4.8956810633961645	4.919776085750005
decide	5.0617395630649	5.078415168065192	5.324295871398941
exclaim	4.910937078270364	5.057373199452549	4.922669930796941
assure	5.06946266175107	5.067537432509105	5.189172664834429
sign	5.039134934889517	4.982130226198437	5.140425555309376
preserve	5.104404631124975	4.941123923050447	5.176815471400182
commerce	5.128810122196969	4.979185280626134	5.2942346173804715
plant	5.099855909500029	4.800054225673299	5.01006124754545
walk	5.126996473564571	4.858684133009452	4.9377152907617035
difference	5.073127069259527	4.956023289111169	5.217437189045642
hang	4.945792646791228	4.8895486069095435	4.843483361954937
following	5.242818221406014	4.875054217178397	5.255030865489352
employ	5.119942305065731	4.926891182017322	5.211445795144824
