deal	5.097658790347462	4.984746460717633	5.1130616668325475
study	5.334443887865307	4.881545957104748	5.2589633500598305
afford	5.242182442195555	4.919898373108693	5.233604131463892
service	5.244923352568028	4.990049462302104	5.299868970819924
height	5.103076785757176	4.855319931058243	5.042483577288112
prospect	5.204547321455636	4.966235415925318	5.171435329015116
pleasant	5.275456298558065	4.826184849747716	4.9784179225579575
shade	5.169891275643348	4.834707092826401	4.954979685750243
listen	5.059325026050685	5.044463509960461	5.0236158388818986
mighty	5.035210357575721	5.011632881693846	5.078136752998503
country	5.1766828998189265	4.990329649296714	5.288315344544584
title	5.283962431274964	4.942263750294444	5.361488966743508
choose	5.194125673511197	4.924845118821706	5.212682509331517
village	5.185512578969195	4.885634642783206	5.075807307096354
acquire	5.273809187244496	4.945977094495643	5.316613578086492
rank	5.1823219755862135	5.038983053728401	5.289996806775895
bow	5.083355396972571	4.951814405652398	4.9793172547827975
doctor	5.057241677765747	4.965180456683819	5.001425465706081
talent	5.300172589564865	4.995800803965948	5.341559637804045
source	5.226009166372257	4.947485070656684	5.26495301818965
lead	5.103216533611777	5.005869003054617	5.153839285458031
question	5.117505224590733	5.0124619417157845	5.270780784332257
publish	5.299398002703311	4.911451789558462	5.349341303083724
interest	5.210509292528059	5.009868358259094	5.307749890792391
serve	5.11309263881609	4.950962389438158	5.108600014129097
divine	5.184031919617915	4.993069819606494	5.256032935526449
put	5.0097739141757005	4.9148829639861935	4.951590917901297
shadow	5.084463390015105	4.905429556309405	4.98670075508621
practical	5.243842139470162	4.950704038927355	5.346089188599
surface	5.102591158141913	4.790965580015258	4.960019026440349
account	5.159531511034172	4.9604758516950245	5.208933510449755
loss	4.999714848699466	5.0679507785506	5.131256166467958
indian	5.017274330799687	5.01634639079104	5.123571294925801
vine	5.183076177013577	4.767079147239409	5.011590512578116
certain	5.10631901153535	5.0021230641463585	5.217680037954956
sin	4.914944578377401	5.100855063969053	5.085553803700171
necessity	5.066999230386255	5.050029750591133	5.267018498130694
lose	5.027254615523874	5.034951629008594	5.055300762929982
private	5.170387723585798	5.030948840293556	5.297074389079476
gentleman	5.204084937814064	4.9409148558209965	5.128591345701242
daughter	5.0951420517018144	5.027574403367498	5.072859788486621
drive	4.8777843929420905	5.074336885162948	4.954807483970897
strange	5.0063480887258685	5.027822710578064	4.9642280301958355
journey	5.1788767447128485	4.915015118282125	5.04504853652723
uncle	5.158242016117713	4.915371298399136	5.007868322851574
species	5.106105557579857	4.921102869861294	5.146511981419682
think	5.083196283183769	5.004461385732647	5.068532176219942
bed	5.033183074021319	4.8236518093816425	4.803838119765372
wind	4.966749263862283	4.9375227400099035	4.875553927301593
bless	5.123581901890947	4.944349968101142	5.006125407894712
destroy	4.937042726306136	5.0755636745156965	5.124140706267349
author	5.273764650343306	4.96334915442503	5.3059587869675475
sustain	5.098282030714962	5.029988439917401	5.2655391197127095
black	4.998333535154741	4.863445060699489	4.85551631820059
event	5.135050587490418	5.0583301197648955	5.274438049684768
liberty	5.128030158890032	5.08605704890183	5.331080066741984
negro	4.9890888150173485	4.946596473652357	4.9796954318772535
little	5.153207742962512	4.883740282247661	5.006602657079905
fortune	5.140432235413944	5.050371808584655	5.177534103153177
touch	5.088666003500011	4.959920234397574	5.010803856450494
kill	4.816962220824656	5.068610806202198	4.89170098378671
feature	5.152045603268023	4.9362796208443624	5.102935738153058
happiness	5.178750284783509	5.043547737604835	5.233788167524463
assume	5.133472906646147	5.0107571209392265	5.223387340684817
notion	5.128677411421663	4.9668534186879745	5.164606183807927
purchase	5.2282244860046125	4.85665717105621	5.165234917624095
faithful	5.187992322968187	5.035863661854638	5.239081363476148
soldier	4.960919996931228	5.138390072732505	5.09542319989994
father	5.034491425051317	5.038277570020042	5.055880994695282
narrow	5.047765799525704	4.884073912149703	5.005706939613244
great	5.168326088920882	4.9875970059874195	5.249816923635875
tear	4.9435160032044845	4.995555852601878	4.873160857368873
honorable	5.199892987863266	5.086988316356021	5.376889085964114
previous	5.155961649227426	4.946867380027335	5.204680084072916
good	5.151801109911351	4.974920795935724	5.131500965742648
domestic	5.217300273689581	4.938735030012787	5.209678130538573
glory	5.196736317257412	4.99687544824942	5.1961792155246735
lay	5.0383698546215285	4.893599006459637	4.958014447172732
occasion	5.128552460564342	5.033898743809002	5.214656481233347
guard	4.959523978441088	5.0899685245125985	5.0851527723031325
whole	5.1199301484253965	4.937582399060361	5.156711033262153
mouth	5.002883878581995	4.876315224803454	4.847307385396854
receive	5.201945721821169	4.960755006760009	5.229240031444767
take	5.064866775907232	4.960415808726791	5.060463868277109
simple	5.225582891002229	4.88348562771944	5.159349398457741
error	5.041638707802507	5.069851596597296	5.2660620710628745
wisdom	5.156624650652636	5.056980701591965	5.285245755083506
rock	4.990096412089039	4.881613430816892	4.891712438257709
decide	5.125077273902458	5.041763259063175	5.30497307787807
exclaim	4.945399915067162	5.045922467396869	4.889210132852478
assure	5.120973747707857	5.042095580753339	5.161045953520398
sign	5.087989557653279	4.963554001474977	5.116358246295141
preserve	5.184698455331587	4.91929565091997	5.185272430131306
commerce	5.194343693503843	4.949411232072554	5.292815357548614
plant	5.158834332784838	4.784334328321186	5.010084484189567
walk	5.162715305149531	4.848306967837216	4.912529973071342
difference	5.143107201605853	4.934970698104192	5.217532054954393
hang	4.993128449051273	4.883908786471518	4.828454292642682
following	5.300917310219558	4.8479312109822805	5.2394552445419285
employ	5.191223096527358	4.904236227423169	5.211396725933122
