deal	5.038340830647435	5.002099666674115	5.095078450761373
study	5.263409174300776	4.900413044943636	5.229607790158556
afford	5.177710634574047	4.940359385019572	5.206654386976183
service	5.174002865698213	5.014880124997505	5.283568033387792
height	5.061753689308256	4.858280541003673	5.023275810082398
prospect	5.150042751054248	4.982651328331703	5.150034014463319
pleasant	5.230334397202553	4.82731947974224	4.955659779260395
shade	5.114208791482615	4.829997357775465	4.922868671708387
listen	5.000742278870681	5.064852569066304	5.0204486756220215
mighty	4.9936316393524125	5.020053122946129	5.065692403764008
country	5.1204266608075555	5.0076467316318665	5.262490327380491
title	5.213151837000415	4.9625431630860595	5.339267682688707
choose	5.131718714443746	4.944490284254456	5.198094155048026
village	5.147680638472011	4.89666293052084	5.063684126305026
acquire	5.213036782576406	4.96086865920835	5.286669354490257
rank	5.116956537646644	5.050484537964532	5.2657822991635035
bow	5.032459258829459	4.957654497911373	4.972456905823066
doctor	4.991115972487109	4.9835201190994285	4.988588014491468
talent	5.229809709414739	5.0084698953886795	5.308413465862784
source	5.170946188183819	4.963989159614005	5.23880412467337
lead	5.04746634423439	5.025995967898188	5.140298868103854
question	5.049303717407894	5.03962564597084	5.250706781363653
publish	5.224406948455932	4.940276201475342	5.323501187050761
interest	5.144786077899782	5.0329862985286855	5.282427222380952
serve	5.043982499565867	4.962608870910906	5.084407544256695
divine	5.115556163626096	5.006450917127178	5.230753338695705
put	4.951767082732721	4.9242052359864985	4.933705085989078
shadow	5.029358054041369	4.909789244340826	4.963977990278021
practical	5.1736584797542315	4.970326168556574	5.310655830369895
surface	5.059886928142992	4.7886881875364296	4.925395842759975
account	5.094590998440161	4.984347930018771	5.1869916161299185
loss	4.935748932851867	5.08919549397445	5.114495474138481
indian	4.974129005718123	5.029356210761255	5.113082914354842
vine	5.124951249728462	4.771211359892594	4.9711474863893566
certain	5.039816231386693	5.018864752163658	5.190864925571156
sin	4.847292005777676	5.118660391767727	5.071143441435786
necessity	5.00231074820188	5.072160815682745	5.243266197302374
lose	4.970135588015133	5.051860802859785	5.043287914241064
private	5.098031420543466	5.05634315036704	5.277691233831955
gentleman	5.136547938185785	4.957675790155558	5.111780833995862
daughter	5.026372974111719	5.04668640598205	5.0652862236057725
drive	4.839000087061328	5.087650148751574	4.952875530825832
strange	4.9442969022593655	5.038500250585632	4.946579141788323
journey	5.135584596546856	4.936687254684765	5.042144413039165
uncle	5.102187022932743	4.934883469882729	5.00249036970994
species	5.058143751355069	4.926879796919055	5.116391183184858
think	5.015978260528563	5.0241478863011775	5.052683679610914
bed	4.988510182637036	4.830794081518766	4.794042945935487
wind	4.933282560266006	4.943148091078991	4.863508232793709
bless	5.068099201639948	4.957518709696094	4.999091855949819
destroy	4.875580060267993	5.087616224208395	5.098908165904183
author	5.197970499286217	4.984564928131783	5.277986541737316
sustain	5.032751007030223	5.0470397220787575	5.237496679454584
black	4.9444973193865405	4.857576962936771	4.832877407125512
event	5.06376914142881	5.084220606194319	5.2497810050003215
liberty	5.06378863964521	5.105183622709409	5.312201136332005
negro	4.947697869429687	4.958638633819944	4.970493806133778
little	5.096700914349504	4.891830245301929	4.985807848749711
fortune	5.073911261648257	5.068467239620824	5.158080905943233
touch	5.027600237379777	4.971290303050143	4.99485610078224
kill	4.762390469426476	5.087935494114748	4.887620428147657
feature	5.08573441316248	4.938278374512127	5.070328572677262
happiness	5.1081282815592255	5.064074997228372	5.2098173337268365
assume	5.063437488193054	5.022031279067817	5.19402521605895
notion	5.065491326574985	4.978423937139487	5.13646113909287
purchase	5.181639347385469	4.8735446616783555	5.152335043862657
faithful	5.116532595911098	5.0627369975384475	5.227795590050189
soldier	4.902050842919668	5.155486100372758	5.090622727575981
father	4.970407080292516	5.058526335968941	5.051311976945603
narrow	5.0091441530493315	4.891019765663664	4.98971739447356
great	5.109142943811896	5.003212479778495	5.2265474652727955
tear	4.8883796554465935	5.004281542005726	4.862583622628766
honorable	5.118813316782422	5.11126834999441	5.352256371290532
previous	5.087923199096486	4.971954326961685	5.182594452618877
good	5.088824150385967	4.988872833585204	5.112087016284667
domestic	5.151097222898724	4.95174209501114	5.176993864598924
glory	5.142451607852101	4.999539031997381	5.172333350931154
lay	4.989135809394636	4.903444179415254	4.945157616861515
occasion	5.060274200944777	5.055694490344018	5.192603223610616
guard	4.902002857135202	5.11511695073454	5.083333295596626
whole	5.064498914443909	4.950558826221749	5.131791122312287
mouth	4.970666053054623	4.873002314299794	4.837698762199859
receive	5.137534607778637	4.982893724270831	5.212742469490471
take	5.0033446684950125	4.9808156788675	5.048848831006912
simple	5.1588381009764515	4.89059463059407	5.127496037476556
error	4.964592861431507	5.092824631007668	5.23432432445277
wisdom	5.086567921017703	5.070143293449838	5.258064888315494
rock	4.963623938904486	4.885788185951364	4.883404501141607
decide	5.052734287248413	5.069124550417035	5.28293271032827
exclaim	4.893860589512316	5.060381658674412	4.891182867366239
assure	5.05685425284744	5.0677416468133485	5.152369854845943
sign	5.02635066253665	4.978438252274185	5.102927921420525
preserve	5.112011421387903	4.92802990056673	5.150291972479116
commerce	5.149355906903628	4.964579776255638	5.2645057713311605
plant	5.1043505785464065	4.784932380593694	4.972115830647984
walk	5.1183727823146175	4.856439309364839	4.904588495746478
difference	5.080439448298635	4.946054003460301	5.185480700678079
hang	4.934566994002008	4.885246350520619	4.808887721473276
following	5.228463057163208	4.876489222147668	5.217626532367031
employ	5.1364018875423	4.919742714240977	5.185851621731115
