deal	5.053568592983013	5.007274946136699	5.111879745921311
study	5.289431281523436	4.904228291003288	5.25704462418915
afford	5.200008271266218	4.938285433039273	5.224594885643598
service	5.201570647871395	5.007944414589679	5.289666652588318
height	5.073129412268527	4.876654904964744	5.036551420023439
prospect	5.1632392826934135	4.984333629409971	5.161097790835384
pleasant	5.221916663041125	4.844557714583545	4.971559043156601
shade	5.117912939123855	4.855795392428831	4.945667494777638
listen	5.009459541271124	5.063712567574293	5.025598022117512
mighty	5.001573457589162	5.04296124022294	5.0754223767170075
country	5.1417651024614015	5.014738440318868	5.276489026106257
title	5.241230343318946	4.964974693271719	5.35174579632856
choose	5.15999627054782	4.949876986925387	5.210292702209854
village	5.144287491057599	4.901803829078955	5.065711695108835
acquire	5.237351722795484	4.97093388232069	5.309015149653549
rank	5.145921086622464	5.058164029409658	5.274400687895476
bow	5.0398495050823255	4.970361125701494	4.976394164656148
doctor	5.0045570362637735	4.978385089716907	5.0029830303966305
talent	5.258990993792813	5.016226215949342	5.331180349365533
source	5.189467382933486	4.971210159395664	5.263526360069392
lead	5.065508141115686	5.026167498948526	5.148032854227172
question	5.081862689822277	5.031620412812857	5.269204228008295
publish	5.262356601737061	4.931835118855906	5.349858180370916
interest	5.172943126646327	5.027471437187254	5.302163430536261
serve	5.072803444752814	4.969560412388221	5.101451673275344
divine	5.1431151098478765	5.019750329222522	5.255617339513256
put	4.973384106876035	4.933077182607513	4.9534427762788
shadow	5.0409498296837505	4.927262722202608	4.982650030047277
practical	5.206981576692973	4.972635658348781	5.340080907973878
surface	5.070905102604811	4.8151703308638005	4.959150456135271
account	5.12119693054789	4.974013993829531	5.207106187716034
loss	4.96279563441312	5.083409254875022	5.129124429993588
indian	4.9879243380435785	5.033278846433891	5.117466802650701
vine	5.142645464082926	4.8002353214080475	5.009607381746296
certain	5.070134459944234	5.022003711201266	5.213637493549769
sin	4.871917522284422	5.130011197302212	5.088904666323196
necessity	5.035807423462728	5.068715050313024	5.262159662371899
lose	4.988059935632717	5.057014172879891	5.055163662221219
private	5.128325976275222	5.0416135578212815	5.2868984110399095
gentleman	5.152416794243506	4.948476688479316	5.116353444905811
daughter	5.034729552737262	5.046163810719431	5.0635263623842235
drive	4.843118087469597	5.0938096027344715	4.948622808308701
strange	4.952790226586542	5.046023071255095	4.959086231870199
journey	5.1389274365749325	4.928837021893557	5.043201170389817
uncle	5.1036022858356125	4.9311849195752595	5.010301264979774
species	5.075463680334777	4.942617864275816	5.146389258880472
think	5.034519236365156	5.027600983414575	5.068785490063652
bed	4.983811974442183	4.8422224493026125	4.805306515321695
wind	4.928669497983201	4.9616663784887365	4.87436632956719
bless	5.071787459904785	4.975881280140171	5.012165466731675
destroy	4.900590813486743	5.106509113032799	5.116296609067631
author	5.230404974575597	4.985181689722764	5.304681550646558
sustain	5.067712185625356	5.052941733437218	5.2581617748912794
black	4.951269709275317	4.877898206988606	4.845836664474741
event	5.103251306665444	5.073564112204422	5.271614800599073
liberty	5.095796708196913	5.115060158698012	5.325522466750127
negro	4.94702307694824	4.961930151920957	4.973018723750877
little	5.1039755416077295	4.902956655191025	5.002009074154176
fortune	5.09255607808955	5.07085608197341	5.164927585265507
touch	5.043422399291747	4.979927377819439	5.013775959070973
kill	4.779779965560055	5.095323378043312	4.893738335903633
feature	5.1049360923800435	4.949010923628498	5.089696740386102
happiness	5.133227905519223	5.068452247641996	5.23064655000616
assume	5.094131677099852	5.022762772483468	5.211001930041146
notion	5.08750918619051	4.987932029827666	5.162263071569778
purchase	5.184981815344877	4.878149105291153	5.159320427009748
faithful	5.138921206770534	5.059247016239602	5.233639289938703
soldier	4.920226172470612	5.158080702692553	5.082927291645331
father	4.980869378490976	5.059230452244504	5.051670030325491
narrow	5.011631239377149	4.9041578424787495	4.9966706135345165
great	5.135946188779432	5.008534626702413	5.245269052857895
tear	4.895859807853275	5.02190674345831	4.877928511246805
honorable	5.156446685146903	5.10418611862344	5.361847139653675
previous	5.122814009917124	4.958207262450758	5.202224828824067
good	5.104644818731178	4.9967249892088805	5.12650841659938
domestic	5.169243255396598	4.960121326825191	5.2006676448758205
glory	5.1605466783574085	5.0265931486783115	5.188639368837539
lay	4.999540664092186	4.918871452229894	4.956020402322379
occasion	5.091030669185212	5.045045338822177	5.209368820853571
guard	4.917134965282065	5.109376928043365	5.076586578096029
whole	5.088328894936983	4.959489130225407	5.151923974137665
mouth	4.964832115018087	4.890221353539723	4.84717193816245
receive	5.163255657083754	4.974825551505058	5.225396122123563
take	5.026552598696287	4.976210323961546	5.061388773662587
simple	5.1783885685412905	4.906517544935822	5.155487359345933
error	5.005068631965664	5.09253985698167	5.263046741477975
wisdom	5.116348150699885	5.083247048536605	5.278284690557916
rock	4.957443130484733	4.907700200830444	4.891703136732153
decide	5.092234061887288	5.059320258558729	5.30087758538679
exclaim	4.895631041403905	5.060394291524742	4.891350698791103
assure	5.078643950784205	5.059028251492824	5.160044036174219
sign	5.051808655456733	4.977484270543465	5.117794969686207
preserve	5.148878529819934	4.94157252800087	5.18060110793572
commerce	5.164932914134331	4.973107964798209	5.283925527952135
plant	5.118890588632588	4.81912247270816	5.007527681864475
walk	5.111460909989302	4.862523424132617	4.907897865821626
difference	5.109410122940383	4.9524402430003125	5.214601807053646
hang	4.9404598435302525	4.904518636927728	4.822780025216941
following	5.262933471434745	4.86397156196684	5.245100232436861
employ	5.155938419812184	4.9235287933010685	5.205559179074496
