deal	5.044264411944066	5.030848004758915	5.112781469470891
study	5.26741838987026	4.928772543068971	5.2518230309937906
afford	5.164981542231917	4.970531398958985	5.21689629361743
service	5.174312386342454	5.040338447744131	5.283685358995965
height	5.04958125244043	4.906363204708495	5.042804535868578
prospect	5.150625229615362	5.019963582114485	5.171504731372026
pleasant	5.2375731548881825	4.865506702349144	4.9914254011093195
shade	5.124976102992358	4.877314070692045	4.962960790971456
listen	5.024963406920768	5.095803577975485	5.0484162520611795
mighty	5.004128503245648	5.0629277333166876	5.085634575886279
country	5.1108529766012545	5.041481248383763	5.26852138086328
title	5.214258168480851	4.995230334306767	5.337757683766908
choose	5.128381176705128	4.978529463423908	5.196841675133503
village	5.132568508947761	4.933240850084388	5.0745224585194775
acquire	5.201831278823479	4.996238929873249	5.300749694927182
rank	5.126390622894914	5.0841033526808515	5.275921790462549
bow	5.056263177970007	4.9961018757632525	5.001329950897269
doctor	4.998756929339284	5.009323322326013	5.008637279156682
talent	5.236851240722592	5.0405811173709365	5.3250848205053884
source	5.160956414620145	5.00426777932386	5.255160658821763
lead	5.048658663446384	5.058993451871218	5.157023439369618
question	5.0457692039703925	5.06691735244408	5.256829400904736
publish	5.2223809767975755	4.967386546341471	5.325586742591889
interest	5.1388619650901655	5.065348175524096	5.294084243560667
serve	5.0483436152033985	4.994034743189625	5.097114703698877
divine	5.134059352746611	5.045673142535144	5.252645490209737
put	4.947652324391861	4.958806139785383	4.948570300484989
shadow	5.044084988708296	4.955459784559092	4.998563376000301
practical	5.165038573804026	4.9998710488502525	5.3227894564084774
surface	5.045866414253497	4.837688244508738	4.960365695858641
account	5.082523978583196	5.012954767049954	5.194939684041558
loss	4.925909743135076	5.1264399877405795	5.127181178574994
indian	4.953020628483874	5.064737756011485	5.11396541562548
vine	5.112183971190217	4.816549650368342	5.005684638668929
certain	5.028854635747982	5.053735868897851	5.200546591181559
sin	4.868577592818017	5.158076916622563	5.096060368374089
necessity	4.986248910371015	5.104359864641146	5.247775274935201
lose	4.973549340532514	5.090637655036814	5.062856764461243
private	5.092547785208204	5.084390322263844	5.277753448582336
gentleman	5.1461255447145575	4.978415719459191	5.122760537592148
daughter	5.047148088071497	5.081527177229546	5.087050731019111
drive	4.831716622598617	5.127752579915797	4.967951193156447
strange	4.960964620663477	5.077654887420878	4.980022999199403
journey	5.1276411056855	4.969725201289875	5.059914457058854
uncle	5.111584540943534	4.966477534320907	5.022822881965937
species	5.022670978613865	4.972119934474615	5.127571629230019
think	5.031660065358314	5.056137601944882	5.0750313913888405
bed	4.986449587662815	4.871366690608018	4.82385624530016
wind	4.925649654938485	4.9925686752341365	4.897961408543234
bless	5.094513849872117	4.995452106573548	5.027045213822291
destroy	4.865413704959279	5.1309656670074615	5.1094610349721465
author	5.208484174126222	5.013915513588058	5.29299010864687
sustain	5.029248662769074	5.0852525899817955	5.250021333799325
black	4.948314522988348	4.8988904860374065	4.856691677355552
event	5.066617730808356	5.1165588086081915	5.264775664419356
liberty	5.072490402391649	5.13853820021536	5.315789852159823
negro	4.925311912316695	4.991427769170166	4.977917066858988
little	5.100389035614249	4.925576692080178	5.011783094465162
fortune	5.082573233386642	5.104581560671749	5.1782677032351225
touch	5.047391068165397	5.009181698407372	5.0273158167269445
kill	4.762405748921191	5.124268503403309	4.904320166312931
feature	5.100238893388508	4.981528165833592	5.103341555378443
happiness	5.120767671174563	5.09906127665877	5.232625241090611
assume	5.063318391436843	5.057292191829103	5.207622484505842
notion	5.0710398628492515	5.008613217134395	5.154743618423018
purchase	5.147987643420915	4.910127487972501	5.149136106662007
faithful	5.138829845706819	5.092859699209558	5.245114065756955
soldier	4.910419029225653	5.187093906127029	5.097711626526227
father	4.9944916409225675	5.091118726087577	5.072925587799929
narrow	4.992517586544456	4.9338073161916975	5.0087219442592055
great	5.10674107438492	5.036210446734326	5.2378582859083656
tear	4.909915767746052	5.049600149598077	4.901159800677983
honorable	5.132403105911112	5.138021745857373	5.357627539808718
previous	5.0738001294256065	5.002676882248248	5.189661897670779
good	5.096106215652245	5.018251930606033	5.128381470773571
domestic	5.139460381029903	4.984373250407798	5.190748287123697
glory	5.165232846485991	5.045467523502559	5.1952572886061255
lay	4.98864198033525	4.944716784122326	4.966738867162025
occasion	5.058598542852336	5.081775584700103	5.203930832575251
guard	4.901241398367693	5.147934998078824	5.091919890374826
whole	5.053002606112213	4.987481866733806	5.1418670350568965
mouth	4.9641632394963535	4.917728822279212	4.861704094423923
receive	5.130356239413169	5.013460344972436	5.218774595947597
take	5.000980273747758	5.011363004810198	5.060639038360202
simple	5.16367417813495	4.926477437860655	5.1512593004011284
error	4.9683195522538295	5.128972967197608	5.2527995207382645
wisdom	5.103696230854116	5.10744146409502	5.278694174908495
rock	4.954939629471305	4.935969909888736	4.911337702081931
decide	5.051845494567038	5.098907607012058	5.289581290487961
exclaim	4.916731349195923	5.093946361306951	4.920156053386273
assure	5.068106067044537	5.093191641918249	5.166622976933007
sign	5.031193267164799	5.0132419389468215	5.115385881895628
preserve	5.114755135041502	4.964936023767979	5.168307393467343
commerce	5.113750016579951	5.00206423305383	5.267167015273611
plant	5.09327669750237	4.830062208328729	5.0038088949629556
walk	5.124213484660603	4.890468138149037	4.931498762949474
difference	5.069137792097832	4.979561313709741	5.197467319877689
hang	4.948383873363414	4.930718777687086	4.844136622202739
following	5.228658584362748	4.9020381043590655	5.227659045463208
employ	5.105254764631556	4.954401358218079	5.189980063994568
