deal	5.05537953238589	5.007100133806403	5.111028297693239
study	5.280186213446247	4.896466177662464	5.252091262516765
afford	5.1873583616530645	4.93233648203706	5.222409886966607
service	5.191697441362337	5.0067510161972075	5.2931199208680555
height	5.104826211416588	4.8598995867376775	5.042529518318444
prospect	5.17563794738936	4.984298765958666	5.170307784415239
pleasant	5.259051306524767	4.8291006853494665	4.966827524378797
shade	5.161178002269142	4.834663715778127	4.947842149307091
listen	5.046708610904211	5.07282638001552	5.043003027151681
mighty	5.034579989490001	5.0358459539373	5.087761745662838
country	5.126442917003496	5.006000922414125	5.279423473254675
title	5.217741240814532	4.961818754661205	5.351211980399561
choose	5.149602387531176	4.937873280048973	5.203734616174148
village	5.172605386980323	4.884145595159279	5.064720280680786
acquire	5.217821643936361	4.967818381392516	5.309432763970967
rank	5.141723267896459	5.06052694804245	5.2820608228381705
bow	5.0864413010104546	4.967092616242082	4.987999891458297
doctor	5.028085508466195	4.981001472294167	5.005588819723554
talent	5.243980137205202	5.019892481492176	5.332282137405886
source	5.177938084255109	4.964575110308019	5.265916448214379
lead	5.068039717625472	5.0292498638522165	5.155418415551084
question	5.05834746483735	5.036335360520152	5.274137976130104
publish	5.235922264318013	4.914825885843429	5.336691944277706
interest	5.150647221501522	5.031377742851268	5.306375987978495
serve	5.066662512541856	4.963747363463179	5.097177659890413
divine	5.14559777519183	5.017450424898126	5.267580253704736
put	4.979251733776148	4.9237257024975225	4.945963571635256
shadow	5.076964829135073	4.919800227499086	4.993309732280253
practical	5.173358780333282	4.969651620612047	5.336742775261338
surface	5.093882173285485	4.788918706509555	4.955670574449954
account	5.103742668274547	4.972288421104098	5.202951718995957
loss	4.967375509485225	5.090422711795746	5.14491538461856
indian	4.989920844760217	5.027805457380551	5.123440259767504
vine	5.161478690553796	4.766699670011633	5.002732862958988
certain	5.050071713432295	5.024816210356952	5.217383329763124
sin	4.892444634219517	5.137828779557665	5.113336952496964
necessity	5.011434054693307	5.074629232049438	5.272794298662573
lose	5.005241361397739	5.062980521502601	5.068426151114149
private	5.104100284266376	5.050725936351222	5.291960432669228
gentleman	5.157411180079179	4.954245326775854	5.113740766379665
daughter	5.075524789888249	5.054383761131879	5.082406014360332
drive	4.874035403524238	5.098967792875236	4.965833031368852
strange	4.98518588063598	5.054976725554987	4.973914381268115
journey	5.167601056626794	4.9237880866425545	5.048115638579261
uncle	5.133788715319135	4.934705683285944	5.0096706036563035
species	5.062070881492674	4.926981645665086	5.144221138375972
think	5.047260444405322	5.034357690490753	5.075444371148755
bed	5.038934324162448	4.8190831739466	4.804942081055826
wind	4.978364322184526	4.9507766592052285	4.887227637556088
bless	5.114335418074672	4.966390733130144	5.020825950247593
destroy	4.904269348622869	5.099949701313491	5.127903923575418
author	5.21255005401093	4.981942238803633	5.3000267558663285
sustain	5.058256406750525	5.0473462836806275	5.267239513665716
black	4.990238294054866	4.856990219114787	4.839661954378087
event	5.091687738441936	5.080271902039781	5.279976793858016
liberty	5.084465132187159	5.111848043181613	5.335205485922352
negro	4.968465833701847	4.957872896804081	4.974991597769762
little	5.123503158759421	4.895407779109291	4.999038968497432
fortune	5.1023773716859235	5.083390195255008	5.179150901427387
touch	5.069446188539409	4.979221022489067	5.019892527370403
kill	4.812395144663535	5.096501445340421	4.904145129993127
feature	5.125866905980011	4.94730261491637	5.098885992368531
happiness	5.134326466078557	5.076343748510966	5.245420292663392
assume	5.084201258298615	5.02884959560791	5.218645501243324
notion	5.071277346312098	4.994285136754715	5.1577197802520125
purchase	5.181379270718833	4.860361612868486	5.157909900486226
faithful	5.148160018862355	5.0654899150383965	5.246464749056245
soldier	4.943988279614289	5.168480712285812	5.101962295041879
father	5.018847754253388	5.067042376761485	5.072221384153646
narrow	5.0331830369208586	4.894324740699124	5.00377973045384
great	5.124513316380793	5.002898696249688	5.245693104932204
tear	4.949431676018443	5.0122090209014525	4.893917748497752
honorable	5.136158527111831	5.116915665574671	5.373046836047414
previous	5.11143328954811	4.951782953240542	5.201237783810531
good	5.1040377171001	4.998840465315839	5.126770063302297
domestic	5.156439550675907	4.949801122964597	5.199159956422066
glory	5.182569968257249	5.016769399217403	5.199153629775054
lay	5.030564345220261	4.897977038978033	4.958355718174011
occasion	5.079704079083891	5.049226563051015	5.214068331186066
guard	4.93592668969043	5.117356791442434	5.094204633252049
whole	5.083415442407614	4.94728784652349	5.148714225087493
mouth	5.01109113803603	4.875995630737992	4.8479478293372695
receive	5.15162234445697	4.970144144642724	5.226147161389027
take	5.027847788618658	4.973270035173072	5.0593414286813365
simple	5.175767141774263	4.897419709466376	5.152238114508917
error	4.983214546234252	5.10084419687103	5.273257955394254
wisdom	5.109312540199414	5.091655962436766	5.291711508625791
rock	5.012028866202994	4.886304227023318	4.9005496982828385
decide	5.066963317804471	5.0685163663766835	5.307025094867482
exclaim	4.949485100791774	5.071782048238711	4.907882771644688
assure	5.080759767198423	5.07242297070247	5.1699201233922345
sign	5.055115608076805	4.978660148445745	5.123716498504435
preserve	5.136970195446634	4.924870148882863	5.172456049576578
commerce	5.138743828995014	4.957107127846098	5.2844025867719
plant	5.138497780360952	4.783169105912895	4.999638215656535
walk	5.159450576535055	4.855954223350733	4.909420728298908
difference	5.084062320770205	4.949495660208908	5.211519429021189
hang	4.990725131899403	4.892860602602665	4.82570513991645
following	5.246960774341673	4.8474452069622345	5.23036420331504
employ	5.13808376867255	4.91025803158867	5.199658978297285
