deal	5.057504819159821	4.997869418618474	5.1044414858083185
study	5.287597253764095	4.887407511879722	5.238209865466001
afford	5.197805218745247	4.9195624436201735	5.212095925966008
service	5.1951142493007	5.00271289260634	5.279830907286456
height	5.089609903659869	4.846006882270566	5.0329511006251195
prospect	5.176947523479809	4.968543661752239	5.1626026365297095
pleasant	5.257126884990229	4.816388968532329	4.975287123681645
shade	5.143986581427246	4.819035427249727	4.941303800287901
listen	5.022860286258268	5.063773885082619	5.033708148421602
mighty	5.01013345731504	5.02011315792463	5.077722077726484
country	5.132608974957176	4.996322525816027	5.260241867232223
title	5.2166513545198825	4.963851423293898	5.328787403608407
choose	5.153530228748276	4.938429825596138	5.196101926457573
village	5.162412406232948	4.888270520639348	5.074544062026004
acquire	5.229010015753638	4.9490893501334945	5.287000534537894
rank	5.13107868840882	5.04838823209985	5.2613930494070305
bow	5.063468646540873	4.954502066825429	4.979758108450032
doctor	5.027125513513926	4.97860080564963	5.005288785339446
talent	5.24325972127657	5.003465985357919	5.305881608056652
source	5.183248802930122	4.947389191360071	5.242321879466684
lead	5.065247605115449	5.014232250043908	5.1471926519396565
question	5.067759510627044	5.032261512925084	5.252418793442126
publish	5.229098680359833	4.934697988076177	5.318865088314541
interest	5.161865634979869	5.021249138473492	5.28164017584635
serve	5.072855208741593	4.947011976803112	5.0888071181296874
divine	5.136933137757159	5.001617796837249	5.238531849164806
put	4.981210630708201	4.9134238384449995	4.944518462827904
shadow	5.060587262109726	4.902776121000272	4.984298616478939
practical	5.190804895998118	4.954605577160099	5.312234327364044
surface	5.095233174723315	4.767489528032715	4.9465406522711035
account	5.111336934196371	4.969980498444335	5.1914510072646465
loss	4.971697835754207	5.078289020568853	5.1287319172517645
indian	4.98022679498344	5.018819928681848	5.112198388854294
vine	5.167593093910375	4.75100993837673	4.9951713487827245
certain	5.060046372998207	5.009436248501729	5.199871465589314
sin	4.879785340166872	5.120816556683894	5.090661854115187
necessity	5.023395364745454	5.05678608707529	5.247994400084865
lose	5.000979462235879	5.044481493037573	5.05873524097629
private	5.112855738747124	5.049203192820989	5.277363114401603
gentleman	5.161650656315813	4.952423993352182	5.115257875411416
daughter	5.059665021438821	5.053897642944944	5.0760169546660885
drive	4.856476208256374	5.083551146206165	4.966151580990003
strange	4.9696111805214525	5.0422523389925376	4.9709786926602595
journey	5.157328326531051	4.91959763761356	5.056729230254384
uncle	5.135117826573122	4.936353610625559	5.017861437587029
species	5.068764835117709	4.914360520863176	5.1239713020567805
think	5.048956861728791	5.021362385123307	5.068929251950707
bed	5.026394741113554	4.816316221774506	4.817533092718839
wind	4.958700844690766	4.929490434583186	4.884891313627154
bless	5.105153527785332	4.95626388038222	5.017490055121012
destroy	4.892607471858694	5.08184933806329	5.106950116499064
author	5.205087921928933	4.979525151527047	5.275592321877152
sustain	5.054619389280354	5.036384475051491	5.237915321981695
black	4.971526305040244	4.852012193074776	4.840257077296925
event	5.0875447768762445	5.075684581861163	5.261011593157598
liberty	5.076185492945072	5.101751940358439	5.302850742184543
negro	4.967237906252153	4.952944244666925	4.984192914243728
little	5.12878577979656	4.880549449821107	5.0008711916322675
fortune	5.0993668644310555	5.065794761147676	5.166780737487571
touch	5.0576076705728745	4.963617439802345	5.007909093876335
kill	4.794504412597199	5.0862115185107815	4.907745705030603
feature	5.111807541936214	4.936030718480514	5.078831151332781
happiness	5.1407026219906164	5.054509531636934	5.220672803508189
assume	5.0821056128610005	5.016336005587091	5.193888194939867
notion	5.086379906947302	4.976993825851962	5.144853840753033
purchase	5.192786799718135	4.86421747331236	5.154031719964887
faithful	5.136958503291224	5.057953006745109	5.228936595522043
soldier	4.918347492429045	5.156633104288626	5.094388693338405
father	5.0073701642052795	5.061829626545381	5.066750356837341
narrow	5.03002368969952	4.875075220989863	5.0028192322848835
great	5.124164911080399	4.991348885956338	5.228064061584358
tear	4.927948283765694	5.000226667414697	4.883369550981707
honorable	5.1362074567480525	5.1085307093078125	5.346779628562924
previous	5.113328203259984	4.954997982624251	5.189689800999556
good	5.113867464825032	4.98006863691016	5.119667815535022
domestic	5.170580927169323	4.93568205472432	5.178738111443704
glory	5.159165111600797	5.000076643467491	5.176784684408474
lay	5.013138383808287	4.8899230552862925	4.952787734276477
occasion	5.0801866899645685	5.040295885043722	5.197524263006455
guard	4.9154815226574105	5.108637701462712	5.086839320153197
whole	5.083741161327571	4.937481878306083	5.1369443579039205
mouth	4.990436953130301	4.864615566990835	4.847038929490983
receive	5.157865212289333	4.970336182723782	5.214495071546238
take	5.029737430822635	4.968276213841686	5.057557725931226
simple	5.18055465221601	4.881176813508277	5.13530768841819
error	4.985767941319054	5.08681159448009	5.243880387671934
wisdom	5.105719965358426	5.0655552721912285	5.262867352546839
rock	4.984239694680618	4.873209495204584	4.899470259520575
decide	5.071508674885468	5.064400259521983	5.28540108367973
exclaim	4.926007476913384	5.065120745593748	4.910676066405887
assure	5.082265269094535	5.058637731636343	5.159345670991198
sign	5.0515509268784875	4.974804986080848	5.115779885966304
preserve	5.1375757173982	4.910209690069326	5.151518543293326
commerce	5.1502872597304625	4.946039022369217	5.257571883382609
plant	5.138801920732455	4.766735467836267	4.991290880071551
walk	5.146800413625597	4.847836189687284	4.923805311662439
difference	5.108877465197027	4.935148578703813	5.194345798325437
hang	4.970516601433769	4.882570620034735	4.830414792306677
following	5.247854166548741	4.858489329707013	5.221471681792678
employ	5.14602891958666	4.9025322771471895	5.186645889518596
