deal	5.028704359576473	5.013272221331369	5.1109532246757725
study	5.263512505981666	4.907201575823569	5.250138657063762
afford	5.168471142826875	4.943349915410405	5.2229113246557475
service	5.173448159755316	5.0248108353102	5.291792511092785
height	5.059844958110797	4.875588514624966	5.034388795302783
prospect	5.1281613785804785	4.988672377348021	5.156336250297256
pleasant	5.190934274412539	4.832896898444787	4.93941877946943
shade	5.0941141104012075	4.831765313409795	4.912716951354102
listen	4.9864169178201605	5.070639597197889	5.006330803552697
mighty	4.973920603402809	5.038303052912226	5.069326070594189
country	5.1076433198563285	5.020179354151208	5.28317136117251
title	5.21666911775626	4.9862568093932245	5.366093664711667
choose	5.130888791147578	4.966621870066907	5.213769336344028
village	5.110320635406152	4.907610615601983	5.049889296919584
acquire	5.211428612048835	4.976404182319984	5.318854044691349
rank	5.12447965860341	5.068697161098903	5.282636223296359
bow	5.029038178874677	4.968474651551694	4.961415663801183
doctor	4.987411981431976	4.981878490206731	4.988010648015524
talent	5.2342401389561	5.027436575281592	5.338715714525996
source	5.154785071701697	4.974036342171376	5.264496537338874
lead	5.0360982247432595	5.034768427170673	5.148089085298424
question	5.055221146330937	5.0539875315233065	5.285289311853331
publish	5.230545601687851	4.955037127143509	5.353165970232813
interest	5.140201362565297	5.042400306485753	5.309539657261679
serve	5.046970389236876	4.967127187142404	5.093726104390665
divine	5.116241428990011	5.019571897065004	5.253442253414935
put	4.954025409527876	4.933473517615422	4.947195640716076
shadow	5.019228888932016	4.916082957086463	4.965205349317119
practical	5.181708890655756	4.983859625890954	5.3554731147046875
surface	5.050902534961183	4.798937535867059	4.94676681228267
account	5.0895481439651045	4.989481551999313	5.2086161554828685
loss	4.93422209096148	5.091725575114463	5.129764437438294
indian	4.958251577224049	5.042611969501471	5.116987541542821
vine	5.123060231348699	4.782686781366246	4.9952203304761005
certain	5.043811322121369	5.030032772398503	5.2209065709416
sin	4.848022761345826	5.12498610199445	5.085725230233875
necessity	5.008087713093227	5.078195204210058	5.275178977546324
lose	4.96319229966005	5.057815135146258	5.050024094106341
private	5.096190799901571	5.062804348612409	5.294262915353033
gentleman	5.132861404879374	4.964509589477022	5.111377238831559
daughter	5.01473672930246	5.047500626877849	5.047767973953336
drive	4.8220696740658395	5.094054884222875	4.9469997937352135
strange	4.9301444650590405	5.039076117079041	4.938342540863846
journey	5.102326721323259	4.939832550930055	5.025715437334135
uncle	5.079644776680557	4.945137180422501	4.996704636223047
species	5.049085903434692	4.939226458499291	5.144108385187969
think	5.012189920332191	5.032079996001404	5.062881383658727
bed	4.961997750546915	4.825550765850032	4.773719611082718
wind	4.9110977329483285	4.949779632533668	4.859141836644836
bless	5.047581813937472	4.969862006844157	4.992225574891771
destroy	4.871714222029425	5.093215512136992	5.113731054450687
author	5.200712932144439	4.998175251405568	5.3033632874512255
sustain	5.03841558324942	5.056351738748804	5.264847663545046
black	4.9403977810751405	4.86377468903894	4.821663579191906
event	5.064992332584971	5.08899485386896	5.272065566991645
liberty	5.064633676785914	5.122841290325303	5.335888512019148
negro	4.92564707567178	4.969150756699112	4.96909001925434
little	5.079821336471103	4.898801360027071	4.9864464591310025
fortune	5.061745457584406	5.076201371328695	5.164173883746038
touch	5.024987984315372	4.977342199023859	4.997256950637005
kill	4.760787643502817	5.100814431947426	4.890093056417589
feature	5.08449938365331	4.940825979714345	5.0731946582577425
happiness	5.101153513852824	5.068057406522981	5.226735824755013
assume	5.072270627313281	5.028809342151244	5.212702498985966
notion	5.069708440045602	4.995632730865702	5.172957733286447
purchase	5.153373051216159	4.883165565031957	5.156747296694551
faithful	5.107041179153956	5.072990581491622	5.2285754026055
soldier	4.90238061872994	5.168272771032701	5.081557311827905
father	4.958061354398606	5.061110329684125	5.039928956058681
narrow	4.988634677245423	4.89736773688298	4.991640200331608
great	5.105590643959903	5.015811931472692	5.249249048448384
tear	4.874738535499869	5.001657878346745	4.848600884064188
honorable	5.127550112661035	5.125141554306388	5.376116392052062
previous	5.090407582566198	4.9715518794039655	5.199348484359011
good	5.0797360156522	4.999075755852786	5.124746322329194
domestic	5.138947337606237	4.949096970960688	5.18908635656798
glory	5.128805537969947	5.020189390378123	5.178697235839129
lay	4.974989893822661	4.906127412001705	4.938375667626502
occasion	5.060742878461285	5.057308672131744	5.207372544663832
guard	4.899255406872735	5.119738014278427	5.076305961062363
whole	5.0580428814472755	4.961693210720469	5.149612803019353
mouth	4.950874714301386	4.886272234655982	4.829161242806357
receive	5.135720368522689	4.989700818166755	5.225542726856311
take	5.001483461365412	4.984842553784804	5.05733564237876
simple	5.155650702264294	4.8977838786822305	5.1430373083128025
error	4.976644777694598	5.104215603486946	5.277162054148812
wisdom	5.088925644397331	5.086072733219051	5.2837409566367475
rock	4.936990139877484	4.8979914681446735	4.877131988362264
decide	5.064940290170901	5.087846120609259	5.3202625582144565
exclaim	4.8847113762724	5.065906408800541	4.876739455779502
assure	5.053766541826144	5.076241638844326	5.161680107573373
sign	5.031415620977399	4.990197269872397	5.115072424056653
preserve	5.119007010290865	4.929580917277019	5.169146025055696
commerce	5.134137544462275	4.975389032539057	5.2934705415040195
plant	5.097425232791114	4.79702089439898	4.991342730950188
walk	5.090888616709488	4.861554352206096	4.8845469875862175
difference	5.088450160645042	4.9606590640452275	5.227771132771221
hang	4.929078943131787	4.889769285110599	4.799030260974833
following	5.231024618846011	4.883881355866283	5.236740139658942
employ	5.129472888497741	4.929621133730613	5.207068298383296
