deal	5.085960687263635	5.0216392464111514	5.117081237150127
study	5.318276889960642	4.91521632363113	5.25185845137815
afford	5.216421190816608	4.960301302822979	5.232124617054398
service	5.217918113167012	5.025870020854592	5.2938207471782315
height	5.066232806592784	4.9122021332997035	5.052471754507944
prospect	5.184043323786075	5.015923447820799	5.1814535359745735
pleasant	5.252259693128128	4.879937562837283	4.984128842854742
shade	5.124068325869169	4.883996548868919	4.953503564415852
listen	5.040480242294577	5.0909042100957915	5.03835242548496
mighty	5.0152872862928985	5.07144396828583	5.094853722048182
country	5.156464162068166	5.027184401086275	5.284361777300433
title	5.268696024862764	4.961796877514769	5.345479724185205
choose	5.173649186729018	4.966723455572633	5.21438735696705
village	5.165512985728116	4.948059683119446	5.092415461782624
acquire	5.253830065194741	4.978580407840627	5.310087943666935
rank	5.153308073343032	5.072885616008302	5.279606424819331
bow	5.046588163621757	4.996779840978269	4.9807231065359945
doctor	5.040237936884327	5.001015062936986	5.005551208840259
talent	5.286708027445528	5.024283095517744	5.330915016475475
source	5.21166688712287	4.981407470624468	5.265921482168924
lead	5.073181478815237	5.054802073375404	5.160451528493348
question	5.108970379322119	5.042474443435168	5.276307816972194
publish	5.297117891499881	4.938252938922591	5.344121855506123
interest	5.199218584862618	5.03796512267631	5.307633873622763
serve	5.075518150756257	4.988004254530218	5.102745967475621
divine	5.161592500426193	5.024199029690965	5.2503549114914545
put	4.981110697873115	4.957096100984568	4.960404959091139
shadow	5.050333242192122	4.9565770749925315	4.997761529731211
practical	5.230552789455805	4.978708383994103	5.340080553029531
surface	5.069341923757934	4.843640334052968	4.974129793078798
account	5.14910312255926	4.990982490332721	5.211630807175282
loss	4.983327423717173	5.098505585025269	5.143275024278743
indian	4.9959059645204995	5.062223209913526	5.1373200454247225
vine	5.142584374509989	4.819031765048614	5.018320022628313
certain	5.084783325392355	5.036700607273833	5.220620457064035
sin	4.889682304663882	5.134002388455878	5.090924001662133
necessity	5.044592691105201	5.083466008400063	5.273953966614146
lose	5.005342732058341	5.0776624647948205	5.069382016408517
private	5.1483504765740955	5.060911946146673	5.295168465964159
gentleman	5.187359335929561	4.972172689609788	5.121812743606451
daughter	5.057226379660161	5.062402476323372	5.065952924927918
drive	4.849775860883791	5.132573263373438	4.979696617994075
strange	4.979876924651359	5.0735078023374305	4.974446705921408
journey	5.162461899961307	4.975059208588057	5.067208661786882
uncle	5.143404655499732	4.955738706105261	5.016117860862862
species	5.085365556208988	4.954364957602737	5.151193650344129
think	5.067333958819715	5.043340766585477	5.075908365113947
bed	4.996572240717213	4.883052522520978	4.822403333651459
wind	4.935888338463688	5.004353258812896	4.9039383394294465
bless	5.09708489948046	4.9884614913943865	5.013495750460401
destroy	4.899817433766675	5.117762914133073	5.1264538752819995
author	5.265376402746117	4.985861477443543	5.294587173004659
sustain	5.0717204062081915	5.06386505023743	5.264055384117117
black	4.950218050698988	4.909863727694905	4.8511612476103885
event	5.124698246240961	5.0965512531814845	5.286336702034056
liberty	5.109857352935337	5.117669998627886	5.328779873483028
negro	4.967432203442677	4.998865518055998	4.993662053454796
little	5.128059887748859	4.927438726607044	5.009637077842693
fortune	5.114988893650067	5.085946759208406	5.174084937470271
touch	5.0619915250270155	4.998111263294851	5.015503491878133
kill	4.793318021426407	5.122220515231978	4.919373190140958
feature	5.116098302706935	4.970647812861932	5.0931912345081525
happiness	5.156187292269175	5.075637389821324	5.235111844496939
assume	5.105479498949772	5.039347997953547	5.2162052908003655
notion	5.122531185207995	4.995668003477073	5.162759673455764
purchase	5.205932855056623	4.89221217173562	5.165271310212996
faithful	5.159568962916097	5.072196416986414	5.232815227123606
soldier	4.924318265057491	5.1925957326325545	5.1086705838811755
father	5.00385253428849	5.076297321985378	5.058569312520514
narrow	5.007749572740028	4.943139602565521	5.0186350938947815
great	5.152512875981404	5.024794491872364	5.250654487872757
tear	4.908795046958451	5.037787528768489	4.886710174397606
honorable	5.175723777686318	5.108708883027078	5.361291415490182
previous	5.139140944419796	4.9851719165775865	5.2131760889035546
good	5.131010993391397	5.009966129934252	5.128365018951941
domestic	5.188703210971834	4.967534027467587	5.1983978172630385
glory	5.175155119625019	5.039435924506032	5.19330107005758
lay	4.999612620908198	4.944503933003685	4.965503803771976
occasion	5.114955390600768	5.068182639944372	5.220333692589454
guard	4.9150019199789385	5.145821931824462	5.097783058499998
whole	5.098012741462363	4.984055476076997	5.164529531083514
mouth	4.976369415252991	4.930487784066255	4.865012269325207
receive	5.1801003911135926	4.991659999708044	5.227536529451899
take	5.040810380931567	5.001629722115526	5.070459267579316
simple	5.196930024570594	4.916692178124702	5.149745932961555
error	5.0258728133462345	5.092991551941289	5.264094414433866
wisdom	5.1329661937242195	5.0881047923871865	5.276785974839224
rock	4.957545195824337	4.9526206707856915	4.91990372401521
decide	5.112842200761613	5.0758725120821495	5.3130859217302815
exclaim	4.923460156691167	5.09391925890294	4.90995643734058
assure	5.1047088181063485	5.079881581663319	5.170013968950981
sign	5.066938138984181	5.0026765810338665	5.125206160739868
preserve	5.145806762078938	4.95047160099168	5.172248331350963
commerce	5.17478835864116	4.985182415476524	5.293191686082862
plant	5.116260632090035	4.834748396690726	5.0113784110195665
walk	5.134065489010403	4.907595411522996	4.92529170676772
difference	5.130975779770837	4.957945129150034	5.2157567334452235
hang	4.945016930375934	4.936688909150868	4.833494662869714
following	5.289120982167568	4.8822846418045796	5.241506672312641
employ	5.165347031795516	4.9449137210561815	5.210832161583303
