deal	5.014935264212378	5.0167040139202985	5.084815196778577
study	5.232551106153492	4.914180555921263	5.214488191208549
afford	5.139342248440062	4.947219463788917	5.190113690330479
service	5.156525823844607	5.030632608172026	5.270133742726068
height	5.043353284418729	4.8678340857870035	5.011280970137442
prospect	5.124141210623229	4.9940499521112365	5.134399319425307
pleasant	5.200811626906342	4.857344825937079	4.9452186086402
shade	5.09954424439936	4.853390703219428	4.918537569164525
listen	4.999200181629424	5.078622169901318	5.005455270756847
mighty	4.988920990963058	5.0305925366382755	5.052871802020409
country	5.088987046720301	5.012214562595766	5.2440348897603055
title	5.189651650164596	4.972175238482834	5.325448084010853
choose	5.117345409032714	4.957709394968597	5.18326186636242
village	5.119223512088045	4.913380247606515	5.046678741566563
acquire	5.179257412978051	4.971437862001665	5.274705486419535
rank	5.106590710618615	5.066967506728127	5.25304233614825
bow	5.038971534545443	4.979775855177443	4.966402542336166
doctor	4.977296190815302	5.004742930693771	4.980534341244926
talent	5.204350466911274	5.026755989996462	5.296426076514135
source	5.130723914580515	4.963539904785134	5.218411333976798
lead	5.026541885518374	5.02929033006817	5.1171607544147655
question	5.0244804458477805	5.0376655538881465	5.232205072168579
publish	5.197504300381441	4.941094477681596	5.305740589981147
interest	5.111277519311209	5.037815365660293	5.266433163583457
serve	5.031912449086391	4.973718860084847	5.0721239075127444
divine	5.0989312587996904	5.014367254816625	5.2133183238629535
put	4.941482105851616	4.937934192740456	4.929222793435624
shadow	5.022380289907867	4.921967309093839	4.955962148203529
practical	5.134584229645407	4.971329500575412	5.291959126679837
surface	5.0369703423295995	4.796278499977164	4.926789693854179
account	5.060329564892415	4.9850393541244	5.1694654923163865
loss	4.922230668203575	5.094108050464821	5.108080623094278
indian	4.9601546341123885	5.02697732018363	5.096535959437457
vine	5.104929244034292	4.787592849707394	4.977183636100376
certain	5.011217085165466	5.020974179318136	5.175163905129534
sin	4.846832326318032	5.129167754152506	5.061912748764767
necessity	4.974018461391892	5.069983391439305	5.226614112690857
lose	4.958099808482642	5.061254914017103	5.030741209988405
private	5.069375860453901	5.0673560829179625	5.260803175450635
gentleman	5.118299164537867	4.983413755028521	5.10167730852852
daughter	5.021973822524517	5.077849659314952	5.056150763779654
drive	4.828682622126042	5.096450407633915	4.936460303289473
strange	4.934365553415701	5.054261504664718	4.935276290860579
journey	5.116283931658486	4.94387619041467	5.022562841813549
uncle	5.084435943090091	4.962449893553592	4.996389949082065
species	5.01607310065794	4.932673165476434	5.1088943133200395
think	5.003245579921664	5.03892164456523	5.041389351188421
bed	4.976499800247888	4.853883248017275	4.790629235457312
wind	4.920630162657855	4.954313793852348	4.8566766195820845
bless	5.065137222381163	4.983541048371106	4.993385229301925
destroy	4.861403474046203	5.09447623768349	5.086755955180255
author	5.169526040899932	4.98962251261528	5.256796068848059
sustain	5.0157597375201055	5.050137743594311	5.224218425858697
black	4.9408777818593315	4.879229170208432	4.829046116830948
event	5.046778841947832	5.078785194806374	5.2303787748060095
liberty	5.049420778759743	5.110642661979576	5.290496678485242
negro	4.920656442423165	4.9762320201895385	4.960177039463934
little	5.075568737475408	4.911670118817272	4.977899843413977
fortune	5.05989827303289	5.088758098230179	5.14960939548176
touch	5.021140147983973	4.982669112854409	4.986283814192111
kill	4.7772910197835285	5.096077736326601	4.885776988801017
feature	5.072321269288036	4.952768164872785	5.060584730226805
happiness	5.085806239774656	5.075254716921591	5.194877796633652
assume	5.044092578249959	5.031509977680528	5.179511612442602
notion	5.035636219552864	4.990702556136199	5.123546072136853
purchase	5.140251919995551	4.89327129225947	5.145336276064701
faithful	5.10896223884559	5.076034168952294	5.210541705513043
soldier	4.911303097495627	5.169437443994854	5.074703161996423
father	4.973479925905682	5.0811304645552635	5.044231222368292
narrow	4.980389100725811	4.898676307895534	4.975387811733673
great	5.083418389807097	5.0059077849111056	5.208242748501651
tear	4.897052897733973	5.021790464349323	4.863591855331084
honorable	5.109109052459008	5.125557483364902	5.340973516434815
previous	5.062550458180418	4.971335942841618	5.164246800537961
good	5.066694390535868	5.008103495070326	5.100393255372639
domestic	5.109734708244592	4.96592733320146	5.161639426335699
glory	5.140897531860435	5.015337601969027	5.160018806430101
lay	4.983483671130445	4.914235237267529	4.93638047480597
occasion	5.03757703373787	5.059675169593922	5.174479216533183
guard	4.89487869743191	5.125226222122102	5.063728024617732
whole	5.037940952561689	4.953466203666838	5.114700029523883
mouth	4.963098688547872	4.88975547560884	4.835706170863977
receive	5.111675090615703	4.992309531414372	5.199027018718134
take	4.988753003733583	4.9884061221392	5.0360754251474305
simple	5.126831628186218	4.904551665186665	5.112877250119985
error	4.944005117842174	5.090260822458475	5.220100792476917
wisdom	5.074509923253418	5.0791829426583	5.242145283005108
rock	4.955365092318579	4.894706065594993	4.87667296662769
decide	5.034321077582009	5.068870505209262	5.266752506952159
exclaim	4.90004940666653	5.081831045149831	4.885207817309088
assure	5.043707677609154	5.076592747859362	5.136534501152474
sign	5.016092326946993	4.98452044716313	5.090692003609437
preserve	5.094570126292529	4.934501211875031	5.13806551456795
commerce	5.103053838884836	4.964319615736008	5.249802421720999
plant	5.082680110133946	4.801958764905339	4.973494557335005
walk	5.101461114997422	4.884355916600458	4.893109186123102
difference	5.046016512407739	4.95022496801937	5.174652757275062
hang	4.938401442162812	4.9109226794475225	4.812295436811668
following	5.200030314736679	4.873334764844604	5.196900365861926
employ	5.095274204857603	4.92667606245847	5.1719309868263865
