deal	5.070739472298768	4.992410732610596	5.121891462856467
study	5.300286966171675	4.89487696198088	5.266695915590641
afford	5.214492243584989	4.928058957578445	5.243157597078733
service	5.218981788615115	4.997828428766263	5.30777497910513
height	5.1016719363406535	4.854579615488908	5.05876844969037
prospect	5.187144660986333	4.9656890280722665	5.182775694172295
pleasant	5.244538797139924	4.83686162063782	4.990295762040709
shade	5.151977956998158	4.838273866857525	4.968991347493903
listen	5.0440976256203225	5.0376371449466015	5.039159174322713
mighty	5.0322376206310375	5.007860449958842	5.089711266912981
country	5.156260790964245	4.993017871817148	5.287643300176649
title	5.262183726866792	4.944099290656175	5.3557388409267
choose	5.167876042146761	4.929682124738888	5.21207803780648
village	5.170424074929298	4.889492643733713	5.088211233340478
acquire	5.2514163670425456	4.9539215739232825	5.3220122509836765
rank	5.171734433418266	5.035180382102522	5.293128976703159
bow	5.076736090135418	4.948928066250232	4.999221643125501
doctor	5.026677409112617	4.970504945587036	5.017328979837032
talent	5.278411639807038	5.001315617127677	5.343062455192156
source	5.208863185282272	4.947843226195097	5.270108657862512
lead	5.087765325087184	5.0031732725868805	5.164791868767385
question	5.0895453336274175	5.009246149280523	5.2698996872056325
publish	5.266463077453911	4.921986890031339	5.3447124859068245
interest	5.185840247599672	5.011294664439766	5.315842523141832
serve	5.08434700434087	4.956967369403808	5.11294900476222
divine	5.168654566093071	4.988091757019786	5.260975469011042
put	4.981434910025596	4.9238287275364625	4.9594501525395245
shadow	5.074380907939926	4.89887295522852	5.000648371947033
practical	5.213411646199252	4.955236381556678	5.345872752260633
surface	5.089675712823449	4.797364212334866	4.97601522484571
account	5.131509739428831	4.96699950785815	5.218532104127794
loss	4.9897382426252115	5.064618623105385	5.15520651219609
indian	5.013131317604286	5.010490268962357	5.13147898623642
vine	5.158607373073604	4.783718707731996	5.027047941185287
certain	5.083012197750557	5.000666938471417	5.223452787842533
sin	4.90779918937648	5.09049140565924	5.102732968243764
necessity	5.046789646969787	5.046030782841896	5.276035584309638
lose	5.016978626728161	5.031595000602367	5.076246401039482
private	5.139475180475797	5.032185747212413	5.3017384952877205
gentleman	5.1736247714201795	4.945262944362967	5.133383973704533
daughter	5.081069916562075	5.024122448559841	5.091597116918353
drive	4.875666383600337	5.066899440504443	4.975628846669045
strange	4.9885248067664945	5.02006281144346	4.978466041669397
journey	5.165872727670824	4.918865181046856	5.067861958640019
uncle	5.128410580451294	4.926619364987915	5.023490056654293
species	5.090370617111204	4.9237117239451145	5.157161895763225
think	5.056108506650546	5.0062447214090495	5.078270834824004
bed	5.011406067226184	4.831837473366339	4.830498613895028
wind	4.965761579857176	4.932877105595846	4.899484200145584
bless	5.106124137428697	4.948059971492855	5.023941081542257
destroy	4.927647860185463	5.0722916237679465	5.135204290538621
author	5.247366233389589	4.9687756554125215	5.306567239403324
sustain	5.081751330636218	5.029134790552133	5.272672986700348
black	4.98287783823326	4.8680980037037145	4.867801302638955
event	5.115761142826279	5.053969444353487	5.283656649482895
liberty	5.111162785698026	5.082506955506724	5.330501274916584
negro	4.977447698802366	4.948238365333551	4.999631284264506
little	5.1266974904299865	4.89266398839124	5.022127033666928
fortune	5.126178283280047	5.052050332940409	5.193953836288975
touch	5.0728897784137414	4.956155926191603	5.024950202955868
kill	4.811230685241769	5.06594691626647	4.910923833459098
feature	5.1338376459628225	4.930700391062137	5.108187653774225
happiness	5.157714512683513	5.041629470961588	5.247710586636069
assume	5.111263746792421	5.006252175026481	5.224678797458754
notion	5.098412154433274	4.969507111439807	5.164629295085582
purchase	5.2021791117913585	4.869943456923839	5.176559803679776
faithful	5.169247650554704	5.035808276939656	5.250869560654485
soldier	4.953546314388855	5.1316909955209296	5.106680421708563
father	5.021118016453792	5.034427812559597	5.072865315530217
narrow	5.037611825498561	4.881010950702892	5.020867916621954
great	5.150230885461556	4.989998683276551	5.256050498985133
tear	4.935222663471514	4.992708173517458	4.897821225963786
honorable	5.179811091374189	5.084965781031081	5.377904090676932
previous	5.130199473242615	4.949295954650186	5.2138452254878995
good	5.12289675987239	4.9821361266874575	5.13819691210956
domestic	5.181748959066237	4.947721937416189	5.216162465627907
glory	5.189799546156036	4.994084446677797	5.196971513136788
lay	5.02236673877803	4.8992428311027325	4.975063394995848
occasion	5.103838150390916	5.033076391611777	5.222776976152957
guard	4.9499411600593595	5.081768059095002	5.101291578511612
whole	5.0976135232676905	4.942687607939003	5.162287096161409
mouth	4.997735710061268	4.876762866609116	4.8630268940228385
receive	5.178316979731673	4.964961140483632	5.238495635110439
take	5.04035606697819	4.965002225506078	5.072921868941865
simple	5.195469094370714	4.889369021623703	5.165111415833752
error	5.023418905551137	5.063316773319376	5.2700588758679645
wisdom	5.143046377138379	5.052555205063424	5.289584544908196
rock	4.9960966824025475	4.878843007137791	4.9163502481806045
decide	5.100736962679371	5.036356977419248	5.303752748498693
exclaim	4.937786057471269	5.040026724482602	4.913672497868491
assure	5.09992545319007	5.041457771399199	5.172953740204105
sign	5.068992530231157	4.958382241926994	5.123640100865
preserve	5.157860796365245	4.928194514496503	5.189310920696273
commerce	5.1715986694674125	4.954030413788838	5.2919405692383155
plant	5.137950664335496	4.798395995067796	5.023383628696553
walk	5.140496717393543	4.854035416609051	4.931853310549794
difference	5.116882966536942	4.934627621758974	5.218954419375715
hang	4.97755433513833	4.8858973193301445	4.848625392275043
following	5.265943997397598	4.858974387160905	5.243229391894161
employ	5.163378204217034	4.916067881749617	5.219862784704316
