deal	5.011679488596471	5.034332284878331	5.097077852463388
study	5.2465265314648715	4.9179341974965105	5.238882038255072
afford	5.157141690067759	4.959054657786426	5.213054307754607
service	5.150823666703687	5.0185869761388595	5.271547377390577
height	5.041280907319019	4.884396759728797	5.03592053460931
prospect	5.126197080599596	5.0049562512582755	5.154931907090051
pleasant	5.194815061859208	4.854101496930879	4.969252565214158
shade	5.088931353030378	4.856131468607532	4.943223769331554
listen	4.972665671316992	5.0896354998127045	5.026052643771402
mighty	4.959488287656505	5.050306425668224	5.063161800755578
country	5.0898908690093885	5.029868255791474	5.2546610792946735
title	5.182074249963678	4.974239680700761	5.319428451549818
choose	5.1075834941552305	4.951604668674506	5.184016344248554
village	5.10872390780295	4.917583049474841	5.066533898027632
acquire	5.1910049650305545	4.989160558198131	5.290216373707666
rank	5.09324434891951	5.068307152411131	5.255709262565769
bow	5.005773063481115	4.9820566720897075	4.979386387877782
doctor	4.9766056233186315	5.012905944641546	5.004993311428205
talent	5.210567912526437	5.036964663097534	5.309106489131268
source	5.145743089029495	4.989804540745702	5.243698368477832
lead	5.0228955114485645	5.048411081010773	5.142437398060206
question	5.027653020728144	5.064391432909441	5.247215453923562
publish	5.202777455115658	4.950265328118324	5.3185262449744775
interest	5.119947258515301	5.054566931290552	5.280364583217844
serve	5.0270945460914245	4.975700043312775	5.084815527930026
divine	5.094766795271439	5.025777716559494	5.2293912765180455
put	4.93654923071085	4.952899411454331	4.948656943609111
shadow	5.005012182918131	4.938500606235977	4.97795085447802
practical	5.155650261547457	4.998093415112959	5.315465802070188
surface	5.04652359260762	4.82636407520836	4.959618251868175
account	5.074215798335075	5.006250557463212	5.1917492267804555
loss	4.921445799474247	5.108231858588483	5.12024096644722
indian	4.940209453317459	5.056492711668384	5.110283727682293
vine	5.121621765556258	4.79441764531505	5.006369420836567
certain	5.018534280178016	5.049970396220915	5.1948514236553125
sin	4.832056459072274	5.139929726895032	5.072356028793399
necessity	4.983628273191887	5.0989061467054295	5.247358441725263
lose	4.945412243070685	5.074275148065532	5.0447789020361276
private	5.070743525024635	5.0699905379061105	5.2694628611440155
gentleman	5.114397758470277	4.98015126114942	5.113571254706572
daughter	5.000712592321883	5.054885594916685	5.05848340552558
drive	4.807180945122488	5.119965991976049	4.95718609846298
strange	4.913708689355475	5.071928886904582	4.955321673682432
journey	5.108252873301076	4.951303635872463	5.051264718905516
uncle	5.076750465163798	4.958129633009065	5.009830888052267
species	5.029549636118801	4.963840873743932	5.131056542752666
think	4.995523486082335	5.05079285594134	5.05548855625139
bed	4.964159170299068	4.854498784462738	4.819768155141504
wind	4.9040618943966034	4.9837420032602076	4.887240746854006
bless	5.040327375747912	4.968230206789212	4.997181199840223
destroy	4.853268986470125	5.114567570172905	5.0995019947704865
author	5.175830431033735	5.004087387621443	5.274139570219282
sustain	5.016589318097949	5.069429554391521	5.2397624917960455
black	4.919724885532905	4.892144095225919	4.849001724116247
event	5.048509527778807	5.10414223412072	5.253105102297056
liberty	5.037405418224608	5.120036204265983	5.2929441501447325
negro	4.917442241913419	4.995548039490799	4.981548141055417
little	5.073796666103006	4.919263655815096	4.997416466583075
fortune	5.052391728589586	5.085600987683202	5.154075407841375
touch	5.006859076762763	5.000195340589947	5.007199971999586
kill	4.750758544569947	5.108658734990761	4.897596364995581
feature	5.062926250504219	4.975925247053692	5.082863308180988
happiness	5.088003875843769	5.079322783492658	5.207724601005948
assume	5.039457501793915	5.053720799241429	5.195350033574619
notion	5.03957874541791	5.023246850572295	5.138946284413483
purchase	5.146462354002492	4.886701997885067	5.150019891012259
faithful	5.091097749863764	5.068757325103979	5.2157096015910875
soldier	4.876439088552797	5.172022897321804	5.08430428154674
father	4.947750388134613	5.0707200354784145	5.047668879698126
narrow	4.9779990794835385	4.925829651426411	5.003244170070285
great	5.085793201509176	5.027288853951239	5.22422681162984
tear	4.870247475507903	5.025262148559818	4.87925504039411
honorable	5.101854448547125	5.122340204285235	5.338978110769264
previous	5.072755468709677	4.988376258062411	5.190124180594643
good	5.06588426018494	5.012845494691298	5.111121232695685
domestic	5.121950899492143	4.973094764468886	5.178468232748288
glory	5.112986231489416	5.0153444854773035	5.161570262410579
lay	4.963788395669771	4.9227394906268	4.954866413027789
occasion	5.042899064711963	5.079311513853988	5.1996125258312205
guard	4.87424037245032	5.131763763737257	5.08205463665337
whole	5.040606313865315	4.976856861910884	5.135974916557527
mouth	4.943467846253529	4.919118866333165	4.862158868384552
receive	5.115945747276503	4.996315756025979	5.2122961880262375
take	4.985494651510459	5.000592883361923	5.055382434461906
simple	5.133284109987332	4.9201308737543314	5.134962910329456
error	4.952869846422244	5.121967362466744	5.2396756039610155
wisdom	5.067330229825848	5.094498731841657	5.254375121700355
rock	4.933368680417782	4.919253280277217	4.9032656793034235
decide	5.035843073297129	5.094075764811584	5.281114696610129
exclaim	4.872772641489196	5.092048892391976	4.906662777048446
assure	5.0362824616193125	5.090299399037541	5.152688718882423
sign	5.003253314863242	5.003487270135646	5.107300140059867
preserve	5.101029545830439	4.944343356161023	5.156905108766473
commerce	5.115668029356329	4.992731804563521	5.268216661328213
plant	5.0947262544259315	4.809242426245634	5.000189653508703
walk	5.085069717468428	4.881474876064734	4.919791650842889
difference	5.061421914127082	4.975699097461465	5.1896476755084935
hang	4.911741748541414	4.914100662366792	4.828856412201614
following	5.212039448525395	4.884466298538299	5.223356479409801
employ	5.109158702820385	4.946375335925665	5.194618541705785
