deal	5.044098803880656	5.013350810393182	5.120387480079046
study	5.259264930304335	4.9165169355988585	5.2496617991446275
afford	5.162724325209289	4.9557270665430035	5.221231938021324
service	5.182133774654623	5.012661176920774	5.291704313093501
height	5.053998119903089	4.8789118867217045	5.040665197234475
prospect	5.129689670104236	4.998252477955496	5.1658332103505025
pleasant	5.212885865279975	4.846350709772595	4.9875873750306345
shade	5.100383195825392	4.854871120564585	4.954951691377988
listen	5.002984628249627	5.071570632716785	5.042411834460749
mighty	4.983721909933115	5.040754460611938	5.079632560972109
country	5.105690562233896	5.019357569774894	5.266306307510129
title	5.221077797461951	4.965576040584716	5.3468425257702625
choose	5.131471698140776	4.943292633980216	5.20069548173363
village	5.135644204683495	4.910579079926793	5.0819864255369795
acquire	5.202001818011735	4.98145850305571	5.300155725186616
rank	5.121122281471582	5.0585573327222315	5.275753854575002
bow	5.044786322266644	4.9655037099636345	4.997659088472763
doctor	5.011057438230266	4.989090946657888	5.0249832008517155
talent	5.232150015198966	5.027977465420432	5.330284531488686
source	5.140125830912393	4.9850108041223535	5.2435255910212115
lead	5.03336937173565	5.036595503058568	5.149494092721747
question	5.043414323549957	5.0470926867180825	5.261096401411912
publish	5.231441935425653	4.9449781703503195	5.339131591071703
interest	5.130508479322424	5.041570406439362	5.289214008233168
serve	5.048903483880914	4.966845322955779	5.101306581444617
divine	5.100333903935421	5.021364892465946	5.232947449042872
put	4.962906797487446	4.934931622496901	4.965546604683661
shadow	5.016683716920847	4.931519683492226	4.9884830643444955
practical	5.160266863166316	4.98693472382359	5.3212075755885495
surface	5.039292060137291	4.8210618646891845	4.95737284603152
account	5.089259118914956	4.9910223549890125	5.202133211061781
loss	4.940998584910702	5.093502745246243	5.130379540426077
indian	4.96653646985673	5.039413700189214	5.121900695723359
vine	5.116350663815247	4.793361885606035	5.005381929026197
certain	5.028668671433674	5.034537150485203	5.202728026622481
sin	4.849285767901895	5.12516246201799	5.08123475121847
necessity	4.989702940006133	5.084314155835155	5.250327918635122
lose	4.966673680583335	5.062675896533434	5.060733613489199
private	5.0994310168263395	5.0573355146012995	5.287424787994324
gentleman	5.156464206475399	4.9574733590734565	5.1418780430637865
daughter	5.046150620821261	5.0416927534069185	5.08869636272955
drive	4.835588538493082	5.0973734936900446	4.972519683500152
strange	4.943027675455172	5.054356984957845	4.976707245972341
journey	5.126905721191289	4.9434258023163276	5.06118085338074
uncle	5.115351366236229	4.935279937860673	5.034015573001597
species	5.0383560491577315	4.947743150350225	5.129204025557654
think	5.021741880956068	5.0331099216144635	5.077550371537814
bed	4.989433751903724	4.845134637821698	4.833302876804188
wind	4.9147027245585635	4.966398705665652	4.893940227409703
bless	5.068941618282912	4.959496884353258	5.015812690974034
destroy	4.867831982557865	5.101119859593001	5.109163869534594
author	5.197085919114624	4.996742009884781	5.294817451747708
sustain	5.0243189071168155	5.059648172141185	5.244977386773373
black	4.960329670160712	4.873780404095057	4.8718298805708855
event	5.05366075800952	5.095596399424895	5.262360113163376
liberty	5.054601539159286	5.111041961481672	5.310524675686011
negro	4.954431658710218	4.9723661589021955	5.0004367532041405
little	5.097804771127714	4.906289027580031	5.0159008427891925
fortune	5.079222363446922	5.0744838404805135	5.178519930914377
touch	5.027039215169626	4.984435199109983	5.020492947521985
kill	4.784605927120563	5.0875641165518335	4.914734593857227
feature	5.082232833266893	4.961002148764402	5.097202649460992
happiness	5.091772780783043	5.074068252432975	5.219899586831123
assume	5.059108128295277	5.035820793064663	5.208984895674336
notion	5.062871795068862	4.997634754679437	5.15968128834862
purchase	5.176560560988826	4.8801976769499005	5.163898026216848
faithful	5.118842610969767	5.061027893613212	5.234779985777021
soldier	4.922841890274881	5.154787658618291	5.109316426456855
father	4.98739507744549	5.056713593992313	5.071499722767664
narrow	4.991003483891181	4.91517526355005	5.009333240768806
great	5.099593154980675	5.0172127965180024	5.235258606637748
tear	4.8932684041914145	5.0146436801627825	4.894279056321383
honorable	5.129742852447833	5.111086451977314	5.3629416476967045
previous	5.081134577375826	4.979341340173846	5.197223116090793
good	5.090019069719739	4.996751311119299	5.13273836770938
domestic	5.134321975645673	4.963697837907595	5.192245542747362
glory	5.13247461569841	5.015519202239938	5.178908916876138
lay	4.984474828688659	4.917117168949277	4.967103159676559
occasion	5.057035641404872	5.0627768418169135	5.209818266234785
guard	4.906960722474149	5.113645075428877	5.096247900498414
whole	5.052687160879402	4.966286410776948	5.145846675952101
mouth	4.973076000378533	4.8965332568512965	4.8768023678574535
receive	5.136391196352624	4.9854026351639815	5.221756397264432
take	5.005826557500874	4.986414651574896	5.069607466664785
simple	5.149591479629979	4.910138328498427	5.145414606354299
error	4.9583021445704984	5.106405838923725	5.247709724958297
wisdom	5.079498643784179	5.083999482552796	5.263964418308852
rock	4.947192253700631	4.910578589198709	4.908782210043464
decide	5.050615488330199	5.077962204842581	5.296121870343882
exclaim	4.914392973514827	5.066554135877061	4.9297284793933125
assure	5.06018584377847	5.070750493089905	5.168571070778854
sign	5.030334805126875	4.987851180969762	5.118529239969329
preserve	5.104124745880948	4.940740190080141	5.162650064810862
commerce	5.11899132415942	4.980438846916222	5.268523262661721
plant	5.091832461595755	4.808802274630883	5.000760437703985
walk	5.117398645929586	4.870125982028382	4.937827209539174
difference	5.07100916714914	4.959448057744144	5.198906995802832
hang	4.9487932238363355	4.900383350172064	4.85072691002584
following	5.223700031314659	4.876768483590188	5.230962354637589
employ	5.125578245747226	4.937085408992631	5.199919382396188
