deal	5.0397077925690255	5.012828885949768	5.106429668855935
study	5.272525321801377	4.9123618919648235	5.246589777401837
afford	5.176499738379458	4.947031678997136	5.217787561777615
service	5.177148492147105	5.0210151986719795	5.286506043272745
height	5.071086582641083	4.874713460244598	5.040757067287077
prospect	5.151178951357376	4.994843827694512	5.163064245270335
pleasant	5.231641612292942	4.844259181843477	4.9730357953560596
shade	5.125385294533503	4.848448801136932	4.946447852770717
listen	5.014898728904181	5.077100906145637	5.034654858496214
mighty	4.997906144171887	5.039621021072134	5.078497317017783
country	5.115209107324605	5.019632032740895	5.269284137281692
title	5.21750164075652	4.975733932092652	5.345936607086581
choose	5.13804003497767	4.954850973076207	5.204932448398699
village	5.143367537101756	4.908078231447534	5.0730123050659754
acquire	5.212946919346867	4.976488077657697	5.29985984490411
rank	5.128987389241316	5.0638259896724405	5.27340225429538
bow	5.04877538848713	4.969741883836166	4.9842881003514545
doctor	5.0006743496516854	4.991056190905985	5.003120421901429
talent	5.241152916814729	5.02496773739279	5.323225997239356
source	5.16548753577507	4.978020487842899	5.2528385170987955
lead	5.050577349770887	5.034855964337129	5.150030643181089
question	5.052076623462421	5.048019952354232	5.263237961009926
publish	5.232260320240611	4.947392102613361	5.336792265984727
interest	5.14497848460276	5.042611244845503	5.29419370731221
serve	5.050690713661424	4.970099324821234	5.093748698788438
divine	5.125552908547744	5.024198249271224	5.247732696078664
put	4.955446215976967	4.932491982031251	4.948054801088584
shadow	5.043200055368839	4.92686995774744	4.986849429304771
practical	5.17622256799678	4.98146434014436	5.326596898411784
surface	5.0641028037348255	4.805244041216477	4.954363971468253
account	5.093749912211269	4.988682478193511	5.198514632555887
loss	4.937794807950171	5.099292715570418	5.127910931022625
indian	4.967878066598042	5.037921383416255	5.118287063596441
vine	5.133376834811927	4.78768320510506	5.001695292018725
certain	5.042387157327351	5.030777039113299	5.206022529640446
sin	4.85747512843792	5.136621215566795	5.088756074159152
necessity	5.000490487033409	5.081331593216185	5.255573534116751
lose	4.975392536172844	5.064573959805567	5.0560059987026795
private	5.098499861932781	5.062842189809255	5.284094763367501
gentleman	5.1469973671203215	4.963173703738503	5.119533045516112
daughter	5.037750899747587	5.059834089318129	5.073588019312013
drive	4.836504004983181	5.099261116868372	4.960128283376668
strange	4.955448777083931	5.054829348250327	4.965858243937198
journey	5.134172575785813	4.943463055262331	5.051274056113476
uncle	5.105122904210287	4.94439257356981	5.013767416045355
species	5.047900940965679	4.94303184649025	5.133706056957771
think	5.026246901250295	5.036269261093202	5.067870204682517
bed	4.9915411742862155	4.841683132831159	4.814056546570969
wind	4.93440212402525	4.959359630709048	4.883855325042302
bless	5.074413322789462	4.9741249673926164	5.012390009363523
destroy	4.875297176345983	5.10366633242167	5.111127317177724
author	5.208463029940448	4.997006959612226	5.292115520481882
sustain	5.0380683543135465	5.059491855223058	5.2511593420687
black	4.9555557620341855	4.87025239632079	4.8484521558099205
event	5.074395531801615	5.093736856523395	5.267420559382196
liberty	5.067876979802671	5.119570862687707	5.317117164601605
negro	4.940262567819236	4.968952328113506	4.979417639666754
little	5.102030076956823	4.903836663196602	5.001290829166454
fortune	5.0785369033276835	5.082345077424574	5.167385107263988
touch	5.042823596204487	4.983763819161687	5.013545636789392
kill	4.771196637038233	5.09742900258206	4.901617823645546
feature	5.10334442323529	4.954669645729741	5.091195955023541
happiness	5.114348876111068	5.0778373378167005	5.2248103264093135
assume	5.072853840815307	5.034171449592892	5.207199690406673
notion	5.0716755560084685	4.992194406548314	5.1524904076188935
purchase	5.161150141007193	4.884631318055468	5.155272813079521
faithful	5.126052558644796	5.072666031071197	5.235035731526145
soldier	4.912306880152281	5.166222265408685	5.094176955232839
father	4.980324936013965	5.071149318134001	5.061163771460335
narrow	5.00589829439749	4.904162661241507	5.003555432141341
great	5.111417019584599	5.014289996190324	5.237070035313953
tear	4.89939301559063	5.019792418727137	4.8823070478794826
honorable	5.128931767334535	5.121341458535165	5.359420217637992
previous	5.09366749925823	4.9761899109765535	5.196597018483006
good	5.090033687308484	5.000329377721515	5.12080961813162
domestic	5.146387230580668	4.9620969631812795	5.187490053488426
glory	5.152489600292406	5.022115572874649	5.184508266643492
lay	4.992429434808572	4.913512537675518	4.957375090652559
occasion	5.067089815680458	5.061379270369511	5.205477910432862
guard	4.905924095235431	5.120580071554159	5.087437104638319
whole	5.065642866412979	4.961778146404871	5.144897235392219
mouth	4.972940024536101	4.887669335648687	4.854158467143696
receive	5.137615883065979	4.989283182461834	5.220491505441895
take	5.006689674410309	4.985648432746376	5.058784340353566
simple	5.166113514214768	4.906366492177575	5.14544565080668
error	4.9735042624593415	5.1070105037654	5.254495866812765
wisdom	5.097041802140279	5.0886999426259285	5.272719078749492
rock	4.964385085657174	4.901349339780379	4.9019138829148865
decide	5.061749936124478	5.0784788599330275	5.297574955700434
exclaim	4.907817944056239	5.070961897020516	4.905101355590971
assure	5.064627086997535	5.074320522253147	5.161830998870965
sign	5.036451763875239	4.988814247730188	5.11757635641699
preserve	5.120458645526676	4.937434035814224	5.164169685455656
commerce	5.130211084138081	4.97527215853747	5.271890175890472
plant	5.11014622058288	4.802678454800636	4.998641927034829
walk	5.124931226543296	4.868456323463595	4.919270331687029
difference	5.082826672332572	4.957589806141555	5.202257066992772
hang	4.950235293904524	4.899675125323772	4.830944219196858
following	5.238177804845415	4.878188356900208	5.232604720249132
employ	5.128401994266344	4.928770376887157	5.196177376326125
