deal	5.042959058295395	5.007657254436488	5.103043070729755
study	5.271637831574631	4.906700547250745	5.24308638327738
afford	5.177618071320416	4.939584378499116	5.214137462686233
service	5.176235063273925	5.016979501306872	5.281208634111136
height	5.073632831403629	4.866735502441725	5.03847437978148
prospect	5.1537408571854	4.987091892977553	5.162752485209259
pleasant	5.236204925241641	4.838821522408351	4.974403427151503
shade	5.130842388808309	4.841798183760636	4.948412540297072
listen	5.0172955152613685	5.069920907754555	5.033671893809081
mighty	5.0012044020781214	5.032271136746139	5.07778631255171
country	5.11693529343357	5.01293461693218	5.265540139538331
title	5.213478823059413	4.969843150535583	5.3368168541811
choose	5.137939029200356	4.949750624436527	5.200112021359105
village	5.1474082451913175	4.902954130051781	5.073206625347005
acquire	5.213532471019465	4.970326886418813	5.295539695443784
rank	5.128069966299762	5.058829938185385	5.2693348733970025
bow	5.050146046431714	4.9654689452669105	4.981971882259227
doctor	5.004696917487189	4.986645199616239	5.0000339942347924
talent	5.240829045144884	5.018743672167556	5.319227679826552
source	5.166954644062655	4.9687439531679924	5.248962489748193
lead	5.051554140272533	5.027546988750697	5.147177744178862
question	5.051672910929044	5.041780847381245	5.257538678917541
publish	5.23053195008881	4.94072449647708	5.329815059969943
interest	5.145552936467973	5.035295595948926	5.289882099333911
serve	5.054106241098587	4.96579986770947	5.090613874706768
divine	5.123789264429335	5.016359187517046	5.243000897705641
put	4.960796543332323	4.92884968882209	4.944449640285353
shadow	5.047043327797442	4.9194869609039245	4.987970359541569
practical	5.1753390076587555	4.974633759147863	5.320941961902433
surface	5.070800486803981	4.798685998508696	4.955078426033709
account	5.0961739998867035	4.982465176200446	5.194524457863231
loss	4.9442368126063965	5.091906683579054	5.126501364803471
indian	4.973366485691459	5.0346424830829655	5.117589952559812
vine	5.1391083033639395	4.782039477799278	5.001872371083942
certain	5.0448291693317575	5.024151946184725	5.202377650834405
sin	4.859908379920854	5.1291508115604225	5.085897065895257
necessity	5.0027466976890915	5.074430623528499	5.251393372305452
lose	4.980565033826401	5.057088812119077	5.055791924960919
private	5.097976519479218	5.055421254956615	5.277602008709602
gentleman	5.147425427983528	4.959359631699649	5.114188257681332
daughter	5.039728271459373	5.054296893836634	5.070747226878035
drive	4.843488398532475	5.0933145085123765	4.960819853038738
strange	4.961840055299519	5.048139130618419	4.967892220695736
journey	5.138332166545094	4.937172494023118	5.052453816694506
uncle	5.106771808708375	4.939985041630778	5.009470826026077
species	5.054313379839666	4.935253021580613	5.130280956092472
think	5.0292781192809475	5.030568794854451	5.065965802818282
bed	4.999273541737671	4.835826534040489	4.815008523041791
wind	4.9428153616852315	4.95252269808792	4.886849067718545
bless	5.075709790004875	4.968703686307395	5.0092423421650745
destroy	4.881679178986491	5.096293231677622	5.109844700639411
author	5.207549578630426	4.989747576324275	5.287192032259679
sustain	5.040131450850386	5.05180180730872	5.247673075918124
black	4.962796680072044	4.867821480516998	4.84887469163733
event	5.077468902798313	5.085864594362879	5.266394230513064
liberty	5.067418332698563	5.112933242834805	5.312074517941837
negro	4.945534752027454	4.965557404481536	4.977204544797448
little	5.1058275978824845	4.898773415039773	4.999649560125043
fortune	5.081476615096555	5.075831418059268	5.165694934772526
touch	5.045780897637107	4.977054113031363	5.0113810915857915
kill	4.780126687369026	5.095029233238419	4.9032898780096765
feature	5.10610460233576	4.948251552666786	5.090290265971702
happiness	5.115742660524557	5.070064152056969	5.222517239707619
assume	5.075120009241957	5.028221267790492	5.204131748460853
notion	5.073410111046989	4.987977749827908	5.148903806837706
purchase	5.163673068264508	4.87863681347504	5.149495369417366
faithful	5.123921022350963	5.066445509006981	5.230721741173761
soldier	4.915809552015275	5.1624748478154485	5.092754721228023
father	4.9824883481311595	5.065798939808494	5.058167171562469
narrow	5.009422675067194	4.896183623243664	5.001657616528282
great	5.113412397856989	5.007219892513721	5.2336810707230965
tear	4.9069381069296725	5.013436896821526	4.883411734972795
honorable	5.126393853915575	5.115629511637642	5.353290655039971
previous	5.097273689393045	4.969145033593286	5.194410258317631
good	5.0920544131630985	4.995975250233283	5.117133788482733
domestic	5.149864509096221	4.955735870365271	5.184183061177026
glory	5.1540751089693275	5.014865378410582	5.183817178707293
lay	4.996997411345391	4.907878907886298	4.95636465975824
occasion	5.070276658529869	5.054781205732836	5.2027024217802715
guard	4.907318028225254	5.115607155011919	5.084789689072295
whole	5.068773195003322	4.955169562251519	5.141800653829742
mouth	4.979708142380248	4.883507662085623	4.853596955579252
receive	5.138653237891781	4.983161295764236	5.2151306742010615
take	5.0102049932330415	4.980504515806656	5.055372650180163
simple	5.167239213333465	4.8998761646878854	5.141678256507254
error	4.974760847634719	5.098180573768584	5.2501047233445775
wisdom	5.096385911823443	5.081331649414628	5.268640599453133
rock	4.970918143050234	4.894547280413982	4.903822520798896
decide	5.060867358422534	5.0719191835038995	5.29253908019771
exclaim	4.911870273828486	5.066597529886929	4.903607219878325
assure	5.065604941239085	5.068698193583897	5.158461270556223
sign	5.037521757434737	4.983217374676653	5.113619524267873
preserve	5.123649742883954	4.931824694769956	5.161268381961319
commerce	5.133367940939899	4.968971790572301	5.267878649752182
plant	5.115728037135566	4.796973177633167	4.998510648356343
walk	5.128063104015352	4.8627923036173595	4.918866517924964
difference	5.085287876103179	4.951606365295385	5.197266364616881
hang	4.956212451923198	4.894853788905874	4.831347545052479
following	5.236735421692656	4.872212879810574	5.22683974833628
employ	5.131092371456554	4.923004220185965	5.192124114316368
