deal	5.044538811229345	5.013307293813831	5.108436905316196
study	5.276286018816248	4.912721458361144	5.248183047684727
afford	5.1787466711350625	4.947848960791676	5.220250918007822
service	5.18120569788801	5.023481078665847	5.289416155235286
height	5.072735210560077	4.881022128934236	5.047141134702691
prospect	5.156699774021992	4.994760456613034	5.168163452445354
pleasant	5.238096542623622	4.843480216393612	4.975978123563738
shade	5.130658008064608	4.852503419976283	4.952470862856951
listen	5.025367248300165	5.077782116568852	5.039233881393798
mighty	5.006255270548312	5.04274016118273	5.085625897347919
country	5.11749701103037	5.020763998134412	5.272881703897246
title	5.221527699554667	4.976916447112612	5.348528337806662
choose	5.14342962876315	4.956487548510502	5.208460044535801
village	5.147013618430879	4.9092068518316205	5.077034571280831
acquire	5.214553445003059	4.977179684327658	5.301711364199406
rank	5.130429408611365	5.0683245422295595	5.278440705696133
bow	5.055143034842958	4.9752435926666925	4.9898362869137225
doctor	5.008164604837617	4.990068163739037	5.0037837776264915
talent	5.242373924345598	5.025177198825041	5.32501932894808
source	5.170108969635768	4.977358231414081	5.255195252642696
lead	5.054929681392736	5.037353222497029	5.153820467034883
question	5.0592293175515755	5.048961192890212	5.267309680832927
publish	5.236931810762015	4.946230334939678	5.338270378187139
interest	5.1485820374622975	5.042421230296991	5.29799702991665
serve	5.056979091617562	4.973696643023596	5.097428627710904
divine	5.133386046931715	5.0267986380901455	5.252583004304065
put	4.963130074180085	4.935107330077637	4.95018585451905
shadow	5.051266378331739	4.93088736321713	4.994103422124162
practical	5.178792797385188	4.982653187890612	5.328874500459413
surface	5.068219002476704	4.80990178843159	4.9597396324513
account	5.098364712068515	4.988649625843971	5.201132190500943
loss	4.944983618052217	5.098956561051017	5.133109822531776
indian	4.974492019255635	5.042152179758756	5.123654013616431
vine	5.135384058835427	4.7911575857363555	5.0050067309637996
certain	5.047736359675064	5.032264329614047	5.210424948322805
sin	4.866976217567811	5.138586791485849	5.0938203321864455
necessity	5.005101448099117	5.083336037808413	5.2600018927045245
lose	4.984168488971238	5.065404199859329	5.061808266619366
private	5.102006012565624	5.062760504980272	5.286967145417521
gentleman	5.150631338550146	4.963015329198029	5.120585048567372
daughter	5.0441227921402065	5.060244424823951	5.077373243785015
drive	4.842990358154208	5.102689194068585	4.9666517153541445
strange	4.965989305259932	5.055538060921031	4.97223129327916
journey	5.14210178559121	4.942894169260722	5.054776467967692
uncle	5.11242149737449	4.94105118123947	5.013105770220929
species	5.051285612951017	4.943884723010644	5.137028241993795
think	5.03457930805239	5.035889941451851	5.071001804592359
bed	4.999522022703195	4.84328892895996	4.817139531967406
wind	4.941869240310098	4.963230656199503	4.890408730293427
bless	5.084872446978749	4.975150118178846	5.016136460574363
destroy	4.880786852921718	5.106388804776998	5.116673586514743
author	5.213023394674926	4.996617931526527	5.29433206565675
sustain	5.041498444863798	5.0624773612824985	5.256409609728434
black	4.960686134902454	4.877421906906987	4.853487197259733
event	5.0816759228372	5.093464587591417	5.273959245988072
liberty	5.071666693993764	5.121784909354332	5.322033434788111
negro	4.943978202765973	4.97121093906666	4.981648758945179
little	5.107105700945048	4.904503546694869	5.003432227148002
fortune	5.083181739473807	5.081852105827829	5.17131033985804
touch	5.0512489608849105	4.985797899032558	5.018032362658291
kill	4.78106261217037	5.100831417192662	4.906721485015102
feature	5.107996753366112	4.95899022216436	5.097870203438639
happiness	5.12112444303374	5.077219137254133	5.229706327265432
assume	5.077965000102502	5.0376032006116995	5.213303973529208
notion	5.075953901520757	4.992807838698598	5.155059467949109
purchase	5.164998349078486	4.8839590859601865	5.156093523747659
faithful	5.13225115469363	5.074157002168513	5.238000093792565
soldier	4.919155055981418	5.171673218311736	5.100589686300622
father	4.98930535890207	5.071584097394955	5.065229176890579
narrow	5.009046025933239	4.908735516392879	5.008892727370022
great	5.115557281877325	5.016205820665666	5.241400002650752
tear	4.910103281951855	5.02204428757034	4.887996710310497
honorable	5.132255577090235	5.122874472976188	5.362479063014333
previous	5.099518277458441	4.976377193472717	5.2010929754522115
good	5.095379856989743	5.001424222186672	5.1227326070395875
domestic	5.148974256678246	4.962282867032447	5.1901430120618315
glory	5.160259750841348	5.024853196236536	5.191340367733868
lay	4.999660621207289	4.919072629500455	4.963499232039666
occasion	5.072251770097225	5.061883650716214	5.209332976950595
guard	4.911133000098759	5.126351321934832	5.092911587379289
whole	5.0709674981223145	4.964745358838703	5.150285694422217
mouth	4.980561893925099	4.8919321757044525	4.85804759306265
receive	5.142612073648218	4.989605251238774	5.2228805701413625
take	5.013525552613576	4.987081002497792	5.061695186117804
simple	5.171192272528649	4.908429632765826	5.148852993845859
error	4.978539052275791	5.107850093958534	5.2584947699047175
wisdom	5.103012573257565	5.091163830222119	5.276772017122407
rock	4.971293130846462	4.9069235456067055	4.909056545779838
decide	5.067507461213276	5.080014166035052	5.302341297952419
exclaim	4.917543712240873	5.0729591348041785	4.909571951084572
assure	5.071584310050991	5.074824207250721	5.164913590651588
sign	5.0457479001342405	4.991243574116531	5.122625356949462
preserve	5.12509621208902	4.941006325446082	5.168392781877062
commerce	5.132512175883091	4.977417871475788	5.275324938589608
plant	5.111990276957592	4.806999547060585	5.002111905814866
walk	5.131200805179952	4.869824321027797	4.922347128280387
difference	5.086491581185216	4.959082066836772	5.206217567151115
hang	4.957549795352235	4.90508224662362	4.83661914334629
following	5.244231260746886	4.878117432253449	5.2345389781945855
employ	5.130071926670164	4.931257281335677	5.198081616433189
