deal	5.037947224736665	5.010954533038156	5.1111720147565505
study	5.2687146461296654	4.909987968539929	5.252104055591749
afford	5.174217666021154	4.944004637345947	5.224697955281901
service	5.17313267819626	5.018632269841034	5.290448341926271
height	5.064957925518821	4.875011909374742	5.047371045631699
prospect	5.147425863216739	4.990738477804452	5.170234089542656
pleasant	5.2254911357889435	4.8449591588400684	4.979724432843655
shade	5.11755086422903	4.850806108504238	4.955103889225887
listen	5.006862243038638	5.074390564578159	5.038133462302192
mighty	4.993330470343335	5.037361756549051	5.083322073837583
country	5.114011714323211	5.015548656392752	5.274841848309775
title	5.2124097039488255	4.972221020904757	5.348087417552935
choose	5.134340575443871	4.953592041392636	5.208959512674493
village	5.141595660446153	4.909544833117465	5.081293241293199
acquire	5.209888076567449	4.972241739951438	5.304196613249678
rank	5.122277217448521	5.06047373221533	5.277164980235169
bow	5.03809726521836	4.970428603076163	4.987302529106819
doctor	4.99648157185939	4.991837337362331	5.006955194000597
talent	5.236703769373539	5.020119610997568	5.326909578538622
source	5.163422400964534	4.97278754928966	5.258926615750637
lead	5.046092121121403	5.031051345130028	5.1556396035904175
question	5.050217683295761	5.043661958364591	5.2668862048845675
publish	5.231366349548587	4.945134272989323	5.340042167130525
interest	5.142330071575659	5.03724529704191	5.299297442670933
serve	5.04690240403572	4.969743277942042	5.098767035529984
divine	5.11913807283129	5.019991206395212	5.252585426999359
put	4.953119645948447	4.934391828508593	4.951959175749889
shadow	5.036026258364162	4.926693531644796	4.994147883721574
practical	5.174724562142228	4.976957836170566	5.331055314881648
surface	5.061651390901543	4.807766499795119	4.9631209332211785
account	5.094167589820249	4.9861243539191005	5.204321594119462
loss	4.938130426085725	5.095141634320592	5.134499680201207
indian	4.968917775918268	5.0370388484585105	5.124769868382656
vine	5.131815963443108	4.7905821928117245	5.010780654060505
certain	5.040805335000362	5.0272629166416305	5.211703434229372
sin	4.853113972290656	5.133026600214141	5.094311711633039
necessity	5.000004059751086	5.076201817003894	5.261020322190072
lose	4.97161202023268	5.060842954319507	5.061799681519596
private	5.095109713469475	5.058294474898758	5.288185135826278
gentleman	5.141555258838862	4.962853340620929	5.123060045873446
daughter	5.02853639966915	5.059091658224892	5.078303796862292
drive	4.833848729117591	5.097383343875893	4.966592398888848
strange	4.948930099616178	5.053647227037329	4.971630161596585
journey	5.132760127601314	4.941507306313025	5.05813375440493
uncle	5.100030176317761	4.94443426192813	5.016848728602714
species	5.049450119848712	4.941437020028647	5.140413251920228
think	5.021451944025172	5.0337776266988215	5.0720691010805155
bed	4.986400252930146	4.846184237648733	4.82125511808239
wind	4.9301470905014	4.959558933314619	4.890832689943905
bless	5.0669823205597115	4.9740710993135595	5.016430734198615
destroy	4.875396484405748	5.100453653528674	5.118314894802203
author	5.2054827529303935	4.992773043517231	5.296622951045416
sustain	5.035486727441584	5.055263252126476	5.256842519545764
black	4.949811075909001	4.876743929889071	4.855175183626147
event	5.073133202966835	5.088317949624988	5.27357122840137
liberty	5.063935832719166	5.113692003486325	5.32084613094066
negro	4.94063303747708	4.971164586114054	4.986628964735849
little	5.097350830557451	4.90418434824877	5.007210012604948
fortune	5.07425243835643	5.077426679507424	5.1723937761958485
touch	5.034221974821966	4.982585996827203	5.0175999967012626
kill	4.772209296830916	5.098319634998328	4.907293042691073
feature	5.093360102881373	4.954872563082922	5.097542625863631
happiness	5.108978614773031	5.072447199496137	5.230869445626809
assume	5.067464032355514	5.031678160060717	5.212473118276717
notion	5.06931954991457	4.990054088927686	5.15667326014644
purchase	5.161716698237542	4.883830042483968	5.161111489855908
faithful	5.118489271816057	5.068646151594738	5.238901193749213
soldier	4.907104880236658	5.164037332525059	5.097446635579391
father	4.973128693100428	5.06992668482734	5.065701869475309
narrow	5.001071731793727	4.904107663804424	5.011385332354755
great	5.109330042436357	5.010377031489148	5.242382016703048
tear	4.891445939992531	5.0209956647443255	4.8877634554355875
honorable	5.123975616890442	5.115408734314265	5.362071917693226
previous	5.093106826801838	4.974167260922364	5.203730122250588
good	5.086160968089517	4.9982553604627125	5.12530107613495
domestic	5.143181116537909	4.960091286984102	5.194280056260361
glory	5.14608220113257	5.018351644861192	5.188845049063908
lay	4.987311056957644	4.915264007239676	4.963971711061724
occasion	5.065406452534409	5.0575256178446955	5.210970629007836
guard	4.900458607805407	5.1183878457699326	5.092201564028995
whole	5.063591517497711	4.960713104575261	5.150893165739282
mouth	4.9674415119634	4.891119539790042	4.85820891175549
receive	5.134479013364796	4.986635947417668	5.225205036300841
take	5.0038067511864694	4.985137282544374	5.063909064100729
simple	5.160249013593325	4.905546125507662	5.1512141763841495
error	4.972441874608362	5.100570592827089	5.2596349912151545
wisdom	5.091340617888087	5.082527619803763	5.276306609773917
rock	4.960800084336394	4.903264056595489	4.909526159115505
decide	5.059262104040026	5.073431680900877	5.301396770680037
exclaim	4.899473486938375	5.071403092674536	4.907740883966415
assure	5.060627989706339	5.069845730518312	5.165753972509632
sign	5.031261795251262	4.987654042606468	5.121268216349456
preserve	5.1168552761977555	4.936865863562002	5.170441128175839
commerce	5.131315192787378	4.9714149259256795	5.276861572029506
plant	5.108089012322198	4.805873079048873	5.007946572647187
walk	5.11760444520714	4.869847979607845	4.924733287823011
difference	5.081556274897628	4.955447405492678	5.20786748534421
hang	4.94202013463254	4.903438750706103	4.836328118142934
following	5.235254873683599	4.8776974386031835	5.237514018571279
employ	5.127987539066881	4.927556023084237	5.201700587056816
