deal	5.049709802012715	5.006245088143382	5.112360896903059
study	5.280255551961754	4.90529979366638	5.2526987472292745
afford	5.183113515460535	4.941825355270856	5.223644949330424
service	5.187292253095097	5.01789316185382	5.292548630764022
height	5.07462099006384	4.8770564664721	5.046987559617969
prospect	5.160463081856429	4.991715067429491	5.171999249786311
pleasant	5.239149762148872	4.8429798520003	4.982741152717188
shade	5.133486180026842	4.851138388956644	4.9589825985620095
listen	5.027379799707878	5.070302405773751	5.043477820574666
mighty	5.009105172977665	5.038309386646867	5.0880475884345815
country	5.1249662402455805	5.016107466251772	5.276378894166716
title	5.229364021106796	4.969966491606925	5.351974484582739
choose	5.146947154087895	4.952800528248051	5.2096097852073795
village	5.149725555487379	4.9097842231676685	5.080346097376945
acquire	5.221009638115101	4.9711273583673705	5.305611544905989
rank	5.139845061013415	5.061651446486952	5.281314191543703
bow	5.057549511603637	4.969497675559504	4.9927942571788835
doctor	5.0089700042930705	4.984652307023352	5.007381715405698
talent	5.251716020384624	5.018562973172202	5.330396179027134
source	5.175411494982215	4.971465025629896	5.259877192641294
lead	5.059560564731933	5.030127938885146	5.156521389590015
question	5.062353005731724	5.0401615713930585	5.268153211387645
publish	5.241743707723666	4.939483352275127	5.341184288156895
interest	5.15407271150669	5.036316458915248	5.300386920845704
serve	5.059824681406679	4.967428318729611	5.100551896318411
divine	5.137937784542853	5.018923227449885	5.256730439608061
put	4.962645452812904	4.929431581459962	4.952384449150151
shadow	5.052772680179201	4.926841478744919	4.99797159910225
practical	5.184199090608868	4.974151588579327	5.331581906413402
surface	5.067201468439878	4.807481415810823	4.961898823082385
account	5.102739842177516	4.981493773018868	5.2037259088748105
loss	4.948683403839189	5.094559747228976	5.13534088314366
indian	4.979523797153846	5.037194980395333	5.1265858309712735
vine	5.136670297897147	4.790861456626404	5.009776224184434
certain	5.051725933157267	5.025323274386717	5.212277033060901
sin	4.871533007160795	5.131696556681279	5.097881594335227
necessity	5.009545670968222	5.076224664134334	5.26120858187306
lose	4.986566077003355	5.059835112235947	5.064771317092555
private	5.1079059497896475	5.056841410831054	5.288802350525681
gentleman	5.155484935847798	4.958118008167785	5.123995543967905
daughter	5.050425185094559	5.057617878664002	5.082659746952848
drive	4.8465801281891	5.097746144702988	4.968281016763717
strange	4.968067003459952	5.049746903527356	4.976598048018443
journey	5.142929653112132	4.939895320577761	5.059204719182984
uncle	5.114401221512698	4.939329064399113	5.018334327567377
species	5.054866877232931	4.9409810759304476	5.139743419036575
think	5.037367007535986	5.029334464630966	5.074948755532389
bed	4.996030925114596	4.843193100267447	4.820791306178151
wind	4.942250927730388	4.960036874713657	4.89363651985937
bless	5.086946799507501	4.97273167465854	5.0220410689684405
destroy	4.887210134304237	5.1018237712011585	5.120711926074071
author	5.220756069835314	4.98732601042766	5.299701617392422
sustain	5.047163408839219	5.055997693859784	5.258436395907115
black	4.963265996517636	4.873340866169276	4.857065572730587
event	5.085627878013469	5.087528018426267	5.275919916362596
liberty	5.08066223272659	5.115683807753296	5.325734733359431
negro	4.946777643849517	4.9676524025811055	4.983437642042848
little	5.108628355362139	4.899759282884691	5.007254868938209
fortune	5.090705867103897	5.07744217739648	5.176282047870857
touch	5.052705934912344	4.979088978195559	5.0220679749554185
kill	4.783778460730075	5.096665347157643	4.909576164480098
feature	5.111683659645253	4.9528254023882985	5.101059676335928
happiness	5.12623870113817	5.073227904932915	5.234542511753829
assume	5.083529062273018	5.029836560186129	5.215227569610018
notion	5.0814333562324885	4.98474907441608	5.157957229309364
purchase	5.168204041961768	4.882370924256712	5.159473519635445
faithful	5.138609528987488	5.066796021633418	5.243153238234822
soldier	4.925185742649448	5.165384815725103	5.103193749556617
father	4.993561599648636	5.06819009609303	5.070090351740438
narrow	5.009495877639946	4.904346806929855	5.009257358319294
great	5.120842092465578	5.009185804912816	5.243755926034492
tear	4.9109498598725025	5.018808667652401	4.893255391262546
honorable	5.14277866397921	5.11502828012377	5.366919040329487
previous	5.1017306313883175	4.971524769951658	5.2026990778935955
good	5.100685495908271	4.994534172708437	5.127787130713212
domestic	5.154669347765872	4.9586807423162185	5.1954022375814155
glory	5.166750929939566	5.020852740287027	5.196976419125526
lay	4.999734076141737	4.913230925425046	4.965826778778165
occasion	5.077279999011462	5.0554720490363225	5.212490078294735
guard	4.9162270681859255	5.119098547682646	5.094896479178702
whole	5.072346884129182	4.959206858275264	5.150750302877352
mouth	4.979619759498957	4.887888421842964	4.860896977512522
receive	5.146250379862072	4.984019354461521	5.22552012751745
take	5.015408857165999	4.980774243478046	5.064048441082287
simple	5.173411707798831	4.901936088241682	5.152480107126587
error	4.985798584767843	5.097826904745073	5.261801696189958
wisdom	5.110530887333843	5.082316958415153	5.281720682134754
rock	4.970873912662762	4.904648884211207	4.910935615678133
decide	5.072350389594873	5.071670755461734	5.303049944883137
exclaim	4.9186081274762055	5.066799877382613	4.9122404772338655
assure	5.076092202246402	5.067022662748392	5.168384213462544
sign	5.045411066012177	4.984466193027527	5.123381975646342
preserve	5.129073579376984	4.935294236878086	5.172565062980219
commerce	5.137929006856923	4.972931020998943	5.2780230849673435
plant	5.114478102156959	4.805898170338656	5.007284094843681
walk	5.131370382924102	4.86715816925678	4.926250610584901
difference	5.0908904143869735	4.953331382309673	5.2074924492501244
hang	4.958204994411131	4.901051116430299	4.840047248244711
following	5.245240084664532	4.8722930122849375	5.237490073939427
employ	5.133343137111257	4.924651860243265	5.19965951151699
