deal	5.04717434851751	5.00936426489456	5.109632006386807
study	5.278532144586277	4.908680381063276	5.251316922067205
afford	5.181488245774705	4.944732907154869	5.220346703550432
service	5.1845068645943515	5.019196759466582	5.28887212209458
height	5.077740665536948	4.874457769914104	5.0460949655791625
prospect	5.159812281545236	4.990923629105476	5.168159366334825
pleasant	5.240152610085009	4.841874389693996	4.980996889423364
shade	5.134408493215112	4.846927816437954	4.955167267158183
listen	5.025294490246492	5.071413286599475	5.038762445983879
mighty	5.0103371380282145	5.035377925880845	5.084143142533888
country	5.1219509660407745	5.01709901031804	5.272506930265082
title	5.222789018250795	4.973488668849104	5.346758248010283
choose	5.144453299846036	4.953243787148423	5.206625517943887
village	5.1512299609913805	4.909064777073216	5.079115540007151
acquire	5.21915146515804	4.973261332597714	5.302948144878303
rank	5.137639019118038	5.061925111665554	5.278614278044501
bow	5.058316390622969	4.968148676364642	4.989881241145851
doctor	5.007056222359949	4.986749258551042	5.005484555834692
talent	5.2483666499843045	5.020889041729707	5.327789726026347
source	5.173314701072751	4.97285552243515	5.255668150478634
lead	5.057641844317011	5.031386034101764	5.152690773059737
question	5.057170864376243	5.043712120339969	5.262818619211256
publish	5.236540240222971	4.944971149298605	5.33827224863651
interest	5.151018356058419	5.038856071380423	5.296648074856255
serve	5.05774283673687	4.968174406609499	5.096983398247765
divine	5.135975725805613	5.0176039386016	5.250866794977902
put	4.961316227644976	4.930627204624454	4.948964905851365
shadow	5.052694734813872	4.924029019507033	4.993259123736444
practical	5.180783081377995	4.977608207847427	5.328137397155726
surface	5.0704153537709	4.805577574423881	4.959916999587301
account	5.097936377952985	4.987011306930375	5.200105896501596
loss	4.945373788702767	5.095787372327062	5.129994863500436
indian	4.975735090863511	5.0392278411591995	5.121101766238512
vine	5.138550930108573	4.788146758766951	5.007062334465148
certain	5.04805709771194	5.027607737176562	5.2071612725202705
sin	4.868777890408427	5.128982906595411	5.091279823583709
necessity	5.005986376031728	5.077548655538221	5.255432248467878
lose	4.984586375898471	5.059953379245839	5.0597811893042675
private	5.104217820184507	5.058968283672591	5.2849086887017105
gentleman	5.152465147587271	4.961583155969886	5.122837870058609
daughter	5.046754480068703	5.0551653548083495	5.078106821621102
drive	4.845877543127276	5.096865324859504	4.964135472944785
strange	4.965141268534283	5.0502035324516354	4.971374930570765
journey	5.142705136058465	4.941883230295593	5.056143346681873
uncle	5.111241210945538	4.941151558400447	5.016158991420158
species	5.054014285629771	4.941223866903795	5.135417059764627
think	5.033612693550331	5.031566341997301	5.070704497758115
bed	4.999163145092708	4.839717773822846	4.817922048648648
wind	4.944087740044528	4.956935439011106	4.889283288190312
bless	5.086814121298978	4.968759397185095	5.017602125987095
destroy	4.883883630910015	5.099520549106937	5.113500306448977
author	5.214172542601947	4.992707414019438	5.295539637553296
sustain	5.044776870041273	5.055572315175498	5.253130898744497
black	4.963102795209424	4.872422896425093	4.855310834482578
event	5.081293529556091	5.089898395101906	5.270716507841224
liberty	5.0761758371313235	5.114584175434423	5.3195599699016505
negro	4.946731427528639	4.969696993081661	4.982580462836958
little	5.107988451062655	4.902158901838143	5.005625297444597
fortune	5.087612213430576	5.0776067228582145	5.171951863724327
touch	5.050736210401518	4.979741506287883	5.017432988925622
kill	4.780606914589299	5.09724695949958	4.905236038816661
feature	5.10979004642795	4.9521441083486595	5.097039083219172
happiness	5.123522798345763	5.071163573359978	5.2286882211845604
assume	5.078995174625189	5.031305573061219	5.209981765887163
notion	5.076582707320038	4.989417308488665	5.155298846997566
purchase	5.167697878816266	4.883022026986953	5.156034665077251
faithful	5.1346236010804445	5.067770077633795	5.237835679346784
soldier	4.923208322337358	5.16407567927157	5.098753779984557
father	4.9899210676445955	5.06629369403798	5.064405291162672
narrow	5.012289785199272	4.9027117201247	5.006911621496882
great	5.1188241952934765	5.011354250642433	5.240311106853045
tear	4.9105496738543115	5.014733740848686	4.88796147916919
honorable	5.13629680190875	5.116922342011508	5.361207378713887
previous	5.097881769058637	4.974053657224851	5.198311818882079
good	5.0974200664287	4.996792592044113	5.124117687200624
domestic	5.151380733106667	4.958759916591869	5.190468384911821
glory	5.166248541556084	5.017053530479354	5.192272637386236
lay	4.99982220340089	4.912044606470386	4.961010271623668
occasion	5.073025443167645	5.058136825868949	5.2075602561741965
guard	4.913427435505506	5.118365028440222	5.088867138055883
whole	5.072200325296451	4.959649492093625	5.147853911252986
mouth	4.981444400550128	4.887381133887158	4.858754028432562
receive	5.143621346003118	4.986918617441703	5.221739820610182
take	5.0123962412987275	4.9833344480677955	5.060026101173645
simple	5.172154404023734	4.902781949240449	5.148765130593246
error	4.9790349472280875	5.100829901432921	5.255367557072232
wisdom	5.107148022951563	5.081901732250544	5.275724636601475
rock	4.974291376309495	4.90117556268093	4.907660709804936
decide	5.066448490102067	5.074703062323312	5.297309941642607
exclaim	4.917810825735782	5.0673574569873745	4.909467632168123
assure	5.071855822262497	5.0707381377562815	5.163625913911901
sign	5.043616163773897	4.986206524549348	5.118971083505497
preserve	5.126554317101966	4.935602877433583	5.167847057591045
commerce	5.136633763511747	4.973281423408331	5.273460660949182
plant	5.116155635805482	4.802974131881547	5.004398304255809
walk	5.133286057735951	4.866428860898429	4.925132684852436
difference	5.08721688969175	4.95576673820046	5.204334113423771
hang	4.958646811914356	4.89879470306272	4.836233874998254
following	5.241203589944241	4.876718074751453	5.233876251692897
employ	5.133056661625139	4.927820146308772	5.197800890540667
