deal	5.051119651800022	5.0050097504196085	5.1106481962179116
study	5.28324529757899	4.907142035423491	5.254081631800368
afford	5.185243374966097	4.941560983451551	5.2212950011563075
service	5.187433314139001	5.013664353123715	5.287875099234727
height	5.079669102357599	4.868911542745019	5.04230144381407
prospect	5.163294528750498	4.988362107171979	5.1683228771205
pleasant	5.241486027782852	4.838226129644145	4.978465709268003
shade	5.135662168233537	4.843021047739137	4.951181845856306
listen	5.028967367799141	5.066235869331714	5.038844065787557
mighty	5.013154787186445	5.03141217382487	5.083319909759723
country	5.126334392896658	5.013760645282494	5.272822103288924
title	5.22793018531143	4.969279889798626	5.34753597887741
choose	5.147183476255734	4.948468273192264	5.206330295922483
village	5.152865230109647	4.902420001280767	5.075618192850281
acquire	5.223137034714276	4.971533329932386	5.304723466824983
rank	5.140374778122377	5.056316239798433	5.276147898149628
bow	5.059075491436854	4.961520365752356	4.985535503168361
doctor	5.012206615200518	4.981521056977564	5.006382041203433
talent	5.252365907873504	5.018666760884093	5.329071242323893
source	5.178451272790937	4.971880659127619	5.2586049900055984
lead	5.060796679121226	5.027189040173524	5.152674606689691
question	5.0640153297579324	5.041164522718536	5.2668140493612166
publish	5.244199341870724	4.941174545954252	5.340617814079575
interest	5.155767213401716	5.035528612948975	5.2983712766862325
serve	5.060892947276636	4.963759320938197	5.096388209267416
divine	5.140145072398088	5.016751318362741	5.253762938893499
put	4.964914115541744	4.925356222791941	4.948433257018917
shadow	5.05541832528607	4.920402465660202	4.9915691491967245
practical	5.1870035110213015	4.976442363829392	5.3320520238026665
surface	5.073073282714179	4.802263295037295	4.957955894399182
account	5.104796039383739	4.981959717103998	5.2024491531383426
loss	4.951559821769935	5.090232218614016	5.131772159426499
indian	4.980971950032876	5.0319354064960535	5.120229755268643
vine	5.140937075352417	4.78445161076357	5.005188905149697
certain	5.053757139630897	5.023821469286722	5.2098402482473825
sin	4.873238256741901	5.126312769872098	5.094055113096112
necessity	5.011846610723162	5.0739263746844445	5.258233627858121
lose	4.98940696933352	5.0554980691939235	5.061261070722544
private	5.107881773047915	5.054102879063096	5.2852770542500505
gentleman	5.154783348564911	4.955096834395765	5.120487631214737
daughter	5.049337540398327	5.049605539214634	5.075835138122929
drive	4.8492282596237475	5.08923269301933	4.962072172448859
strange	4.969993234916088	5.045224251055346	4.971615779101921
journey	5.146349765754995	4.936195341515004	5.055794796893894
uncle	5.11510097566065	4.935766078988818	5.015520827500115
species	5.058246140366055	4.9363934420946	5.136024952756357
think	5.038648174460563	5.027851165598385	5.0728147232533
bed	5.00058383064806	4.833887334552089	4.815061536524453
wind	4.947429133324279	4.951076543446932	4.887227593377562
bless	5.088365536689359	4.965379207002316	5.01649282492486
destroy	4.889069413398506	5.095097618685849	5.114363937319614
author	5.22144142824152	4.990156007587028	5.298981972835241
sustain	5.049697629565395	5.05274870821725	5.254080723283007
black	4.965456135522036	4.864204908032925	4.84921995556794
event	5.089150271074203	5.0862134357117865	5.273734515877387
liberty	5.081275268775909	5.1117770001074945	5.320664198508934
negro	4.949402959584228	4.961734375024131	4.9801897172792895
little	5.110638494499343	4.897479694733644	5.004774750200811
fortune	5.091010881672742	5.073433759785249	5.172012861485532
touch	5.054338671675343	4.9752167466509505	5.016862045945658
kill	4.7863139019372225	5.0881599630633625	4.904919686912097
feature	5.113659435951222	4.94863186526496	5.094990846583214
happiness	5.128097688312342	5.069932464945416	5.231561981482226
assume	5.083975651759893	5.027407580466332	5.210384449653056
notion	5.08246215437871	4.986398435618496	5.1584197335447834
purchase	5.169172042459623	4.878388473562555	5.155221555040542
faithful	5.138179483982417	5.063925819203183	5.23822463666417
soldier	4.9261965342545	5.155173051977406	5.095177686431983
father	4.992805985903693	5.061717922971236	5.063625060873572
narrow	5.013561893112419	4.89787938249815	5.004341099939895
great	5.123618745935132	5.007503933151098	5.241397578360222
tear	4.913852558044257	5.010508509677365	4.886174694850159
honorable	5.140737996592252	5.113511689577059	5.361967334073617
previous	5.104997501648318	4.969758842559032	5.200438578579536
good	5.100943592571784	4.993199581626057	5.124826620612739
domestic	5.155674095281486	4.955859248360639	5.19122590997097
glory	5.1692847518597596	5.014704531387524	5.191681533373007
lay	5.002335353889277	4.907179880078997	4.958749343761191
occasion	5.078714509912043	5.053117372878764	5.208935540199823
guard	4.9166811492430105	5.109746932155426	5.086222383579981
whole	5.076466712040623	4.955463853584483	5.1476128759465825
mouth	4.983962976170923	4.880511630918827	4.854756049262688
receive	5.147490760221957	4.981956581786647	5.221764042793183
take	5.016909492214641	4.9778789641386085	5.0602479684251715
simple	5.175676524815851	4.900741613719303	5.150089680864909
error	4.987049215409664	5.098838037897841	5.26018122844652
wisdom	5.111388231172354	5.080656664490028	5.278573488075632
rock	4.976145539697892	4.895214581739418	4.904151442919696
decide	5.073103606216762	5.071551666903781	5.300614866614538
exclaim	4.920472860158452	5.060213545807942	4.906798343771398
assure	5.076278744877742	5.065818858544122	5.165040514787222
sign	5.048610414476943	4.980918076640085	5.119736193995438
preserve	5.131257883772322	4.9327602358489155	5.1682419701875535
commerce	5.1413945865408515	4.96979156330191	5.273679375343831
plant	5.118036870609009	4.799556462995968	5.002377231348031
walk	5.133360525921371	4.860323593078713	4.921594877472108
difference	5.0929023832937235	4.95230748285836	5.206378909190716
hang	4.959978000117921	4.891630037943365	4.8317676351116345
following	5.248171201654893	4.872547083164527	5.235611304516532
employ	5.137140136561795	4.92293749057655	5.198271979585243
