deal	5.044734653023222	5.014304638257094	5.109375748649196
study	5.274580187819137	4.91271639105878	5.249915484940048
afford	5.179753107610232	4.948490872872154	5.2217286492523876
service	5.179609175977115	5.023654664108607	5.289757442469472
height	5.0748247095346315	4.874309963087424	5.0463695999690295
prospect	5.15675904349808	4.996282269445672	5.170280127592041
pleasant	5.237886881663694	4.844686090322465	4.9813093486689075
shade	5.131098753623244	4.84949746289905	4.955676778808793
listen	5.021254096433659	5.076406223706297	5.039188213276722
mighty	5.004367823055651	5.041003247834696	5.084781921526563
country	5.1178021585921485	5.021769484732301	5.272278133091113
title	5.215398337103942	4.976635241570379	5.344334107933297
choose	5.1406563178138365	4.95726423205196	5.207085418494738
village	5.148354696656194	4.910660776014966	5.080531365312967
acquire	5.214697626308686	4.976998552998839	5.301172731431016
rank	5.129759638338671	5.065442452686222	5.2764087765145415
bow	5.053692492862227	4.970742373139729	4.989475712166099
doctor	5.006745265681101	4.991652416845986	5.005708861645492
talent	5.242852717113166	5.025257746589618	5.325663890543791
source	5.169519202412559	4.977593195578777	5.255076497948279
lead	5.054218714991637	5.035288105232964	5.152999693949394
question	5.053776510787845	5.050428549296284	5.262856887047458
publish	5.23336029288251	4.9482521483986055	5.337347812949833
interest	5.1479152969063	5.044441228024194	5.296767972495852
serve	5.054851179527144	4.971670223022253	5.0966905233574185
divine	5.129164912778438	5.024706747825529	5.2505983064555535
put	4.962182140955014	4.9345894725060715	4.9505902824585855
shadow	5.048544191226139	4.928296643313219	4.994237870999798
practical	5.176985859411023	4.983201239075598	5.326684405655825
surface	5.070533109209151	4.806829803915471	4.961203449086148
account	5.097467326661058	4.989824398615613	5.200209856858303
loss	4.945158772488197	5.099589291807175	5.132082304868533
indian	4.971779986138775	5.041185684678339	5.120944899449806
vine	5.138321159165109	4.78948240415738	5.008864359375643
certain	5.045631232640447	5.0328536051662915	5.207658419178677
sin	4.862591157285755	5.136850986441254	5.091211113691959
necessity	5.003756131692278	5.083932930350045	5.256954110219745
lose	4.982153920609952	5.065131858613597	5.061321133520404
private	5.100706476902594	5.065372403827789	5.286262068329116
gentleman	5.149172068321589	4.964241866344894	5.1214493769729605
daughter	5.041039873305322	5.059985968734387	5.0775426045798735
drive	4.8431814813381004	5.100815654519619	4.965599445818343
strange	4.961689313675861	5.055412597187582	4.971512371839495
journey	5.141450917079615	4.942740996074858	5.058029872538641
uncle	5.110312463767169	4.9450410256468365	5.016547335354635
species	5.05339977363262	4.9444592071608175	5.136439435112871
think	5.031194354470047	5.037143315044516	5.07088969000721
bed	4.999568709712366	4.8430701511391705	4.821348048915117
wind	4.9423952412059124	4.960317012233301	4.8915481979764825
bless	5.080820296864256	4.974841131899512	5.017348925384967
destroy	4.880733333725765	5.105088005546975	5.115019224583815
author	5.209695940092495	4.9960390985667225	5.2932995528954425
sustain	5.042366023782418	5.061140023222326	5.2550036601262216
black	4.960957922835865	4.872862246781819	4.854644603253079
event	5.078996225369618	5.095146305068227	5.27208367626731
liberty	5.069174908854259	5.122449511354024	5.319450354236941
negro	4.945143500074988	4.971421979546379	4.982524043666525
little	5.107211857718244	4.904268756915252	5.005603817469267
fortune	5.083239260775333	5.082009659653342	5.171759748823936
touch	5.0482446579681	4.983287186103693	5.017215401859524
kill	4.778077342769788	5.098518750523267	4.904471182510916
feature	5.106414375539471	4.95590654840053	5.097122052281669
happiness	5.118189321928456	5.079257628413758	5.22908999508234
assume	5.075403855408733	5.03631114363459	5.21047145752563
notion	5.073129729193799	4.9950780644358215	5.152792726425506
purchase	5.165583801901628	4.886247721849904	5.157987004738666
faithful	5.128807905190352	5.073119615552412	5.237934079417407
soldier	4.916632469478895	5.16850412984144	5.0990299589128565
father	4.985181393442215	5.07171775286642	5.064862686455909
narrow	5.0101157231377496	4.905074680821854	5.008481978530862
great	5.115682509477251	5.0150725453511695	5.240188945107675
tear	4.908182830480664	5.020024041258619	4.888936750078472
honorable	5.129746346062744	5.122975129248318	5.360700694739852
previous	5.0980721453989215	4.977945783504394	5.200901457739903
good	5.093856296486689	5.001534471641763	5.123057935466822
domestic	5.148962264486527	4.964879418222761	5.191071925957741
glory	5.158085299236365	5.022654324209532	5.1915529740236055
lay	4.998355042569192	4.915295247869295	4.963388013791272
occasion	5.071434914923619	5.0629495307548575	5.20877796841881
guard	4.9089081874206	5.123863696391703	5.091477026408211
whole	5.070488561629456	4.963640055138377	5.149091934248289
mouth	4.980505713148176	4.887981567609386	4.859090508469294
receive	5.142084637870102	4.9902093061080475	5.2229265646425045
take	5.012035755920156	4.987352843216287	5.061571665674993
simple	5.168930082868602	4.907310357481888	5.148617639349349
error	4.976375111883256	5.106670650909811	5.254937309170242
wisdom	5.09997551451884	5.088384591409564	5.274457830697905
rock	4.971645200991829	4.902423818613308	4.909310156955863
decide	5.063142255474998	5.081527175935383	5.2984836350242945
exclaim	4.915111051472608	5.071134810387589	4.909373759934345
assure	5.068928180346312	5.075161392909351	5.164252616544878
sign	5.04115300586582	4.9906296422974314	5.1202833048508
preserve	5.124390047472423	4.938808972600209	5.167676306672826
commerce	5.13295103954963	4.978829636999637	5.274076437585936
plant	5.114617902909512	4.804253134872488	5.005073692939513
walk	5.1309033346368125	4.868888973768844	4.926344746563059
difference	5.084147366446919	4.959968356034848	5.202264441676179
hang	4.956258721668176	4.901652625504995	4.8376517162765245
following	5.240550197834559	4.879068648821391	5.234691692477277
employ	5.132016533175026	4.9309340797902275	5.198823184756924
