deal	5.040404605390884	5.0139122491225185	5.109945088082415
study	5.268509744706837	4.913340384464432	5.249419460692306
afford	5.176668680974754	4.946694669805905	5.22122058411993
service	5.175476475001927	5.021687958381534	5.28870548497288
height	5.069552321678834	4.875929718240543	5.045062033623403
prospect	5.1506548579658515	4.991717218312088	5.165068903117905
pleasant	5.231571189394388	4.842457428012557	4.976642220010594
shade	5.124820259747194	4.848668434082033	4.952983408579226
listen	5.013290820618843	5.074057094103582	5.037085749638357
mighty	5.000315646489593	5.037338203599267	5.081714055463948
country	5.1170317897707776	5.018150249103063	5.271687471428653
title	5.216259464439964	4.974192990548986	5.345407805583573
choose	5.138300007266387	4.954072725603466	5.206512291234777
village	5.145345565067206	4.9066007574292145	5.076298050360868
acquire	5.2107394473612505	4.977341427397609	5.302682427592364
rank	5.125979270599143	5.064701248926506	5.2769534713194295
bow	5.046202005883642	4.971478576920072	4.9888878666063325
doctor	4.9984729716464305	4.993103283208322	5.0059112916694435
talent	5.236793266660788	5.0261751742146945	5.32595887123616
source	5.166766879768831	4.975224262755032	5.254281131347453
lead	5.050200370702245	5.032604857245926	5.1532603886272135
question	5.052363130981631	5.047399311858114	5.265316353713834
publish	5.232311694675434	4.945962116120912	5.33616584993231
interest	5.143019903942566	5.041828289718384	5.296070923290367
serve	5.052672218406377	4.972089178693058	5.099913956266233
divine	5.123749238266207	5.022639923950656	5.249741131972487
put	4.958872590703361	4.936226285854369	4.95487165976004
shadow	5.042260859301326	4.925653860174448	4.991579527113391
practical	5.174694202629127	4.982632492979359	5.329328011181838
surface	5.0667320620595655	4.808402155256385	4.962665829734308
account	5.095511103056076	4.989060943732815	5.201973397301381
loss	4.93900578245813	5.098971646886779	5.132035208943071
indian	4.974486457922196	5.038394450293546	5.125370634366614
vine	5.134640967589289	4.791031955236411	5.010079712867121
certain	5.043171516727774	5.031238009492343	5.210397082647045
sin	4.85564793888597	5.135433235014153	5.091435711569383
necessity	5.001307092460016	5.081897081586304	5.2601675944323745
lose	4.975757901857167	5.063063622351329	5.059658034849902
private	5.096528230376664	5.061245820472349	5.2846873360736835
gentleman	5.144148232024185	4.96434625207678	5.121552817190722
daughter	5.031571802291666	5.058348326053998	5.074042287829643
drive	4.84011366210859	5.097879661460145	4.966335938590936
strange	4.954728999604333	5.052812362446972	4.969842524607386
journey	5.136283535715983	4.939667652401906	5.053357141798698
uncle	5.101912932197998	4.943790630924807	5.013156502001521
species	5.052553867696704	4.944922442334758	5.139567534018429
think	5.024700963340449	5.035464719860503	5.070511872395415
bed	4.992739172567368	4.842625956236511	4.819408703886903
wind	4.93776117685484	4.958810372050345	4.891202278756925
bless	5.073521901812898	4.97222619277337	5.013018412061918
destroy	4.879391915227809	5.103320036022552	5.117650631965001
author	5.20661824631969	4.9959474480956985	5.2938635322973235
sustain	5.037886730741012	5.059827016914668	5.255415559695419
black	4.956991318720151	4.875289647510982	4.8567170363598136
event	5.074232264358607	5.091087554102346	5.270140224044089
liberty	5.067781655043111	5.117524363062931	5.3192622688106015
negro	4.941674359993728	4.971297161584695	4.983822003228308
little	5.1016110958227365	4.905053373325985	5.006230780065518
fortune	5.0761311244919645	5.0805852736047035	5.169634363114149
touch	5.04148189821317	4.983463904902636	5.017937556595583
kill	4.775847768333006	5.099118488426405	4.909348330039398
feature	5.0986329911809385	4.956209859180566	5.096335831307738
happiness	5.111029912761676	5.075844754965888	5.2270708130470735
assume	5.071233054590192	5.035695952415478	5.212236707591997
notion	5.070364009921725	4.994743969780445	5.156536305160108
purchase	5.163806463405871	4.883813897777606	5.1559912033946445
faithful	5.122137761739522	5.069902368966236	5.235742816589431
soldier	4.912732137116227	5.166361267599828	5.10006746604139
father	4.977795235648672	5.0691158204392055	5.062367466641046
narrow	5.00672183060363	4.903994232634766	5.008584166628571
great	5.113043935602431	5.01414731699621	5.240661972727295
tear	4.899019532359028	5.019467907576354	4.887198209372633
honorable	5.125490934692456	5.120310889080391	5.360175512392645
previous	5.094641541732495	4.975764192656156	5.20027436623544
good	5.090354917263754	5.000992769608946	5.124842194516392
domestic	5.146404134658294	4.9627924152753575	5.192129531645679
glory	5.153142540541098	5.019049471690336	5.186801974457625
lay	4.995218929828578	4.914474623950867	4.96396769334116
occasion	5.0681310969687035	5.06110608683436	5.21009958313667
guard	4.905222368825082	5.120023256641653	5.09232324185601
whole	5.068321926604304	4.962681398741457	5.150072355201495
mouth	4.976630140906617	4.890322809300058	4.861213318625344
receive	5.138481329311668	4.98868818267382	5.222737706528191
take	5.008771933467751	4.986056127258465	5.063411147466572
simple	5.164521512835376	4.907796109711431	5.149958904512173
error	4.972320631446776	5.106090307827291	5.257699247076155
wisdom	5.095322730565107	5.087556275347715	5.275642687662021
rock	4.968661812044336	4.9008229793904485	4.908277461745544
decide	5.060148305247505	5.077780688510842	5.299635349698446
exclaim	4.90603554472964	5.071164882170417	4.908504475414719
assure	5.0643767540108255	5.072932354738524	5.1646338718978955
sign	5.037262849909903	4.988836372345697	5.120696557289689
preserve	5.122609294794623	4.939572823891801	5.17107072104741
commerce	5.134915144773988	4.97532716070058	5.275570305571929
plant	5.112522375129916	4.805727071333786	5.007149404870022
walk	5.122969936460433	4.867623478254053	4.9223708094573855
difference	5.083636378648401	4.959577150739575	5.2066638384522825
hang	4.949522775598787	4.9018603238540965	4.837079185406738
following	5.238661747949665	4.8775456194876154	5.234395148695977
employ	5.129507786088598	4.931380708910126	5.200699446785768
