deal	5.043872022289838	5.008031727283911	5.1005770918339755
study	5.2784424523688	4.909709939714651	5.244338116782907
afford	5.181887342337513	4.946221772909246	5.214887841310092
service	5.184013188048182	5.0188111251311645	5.284854720282729
height	5.069309964036702	4.873374940475937	5.035785887337916
prospect	5.156186286337333	4.992659866707998	5.1615419152541495
pleasant	5.233850763372244	4.839655001991865	4.968839887137551
shade	5.124982099852005	4.84568593316615	4.942143729204072
listen	5.016674086446913	5.070423752661496	5.029796141714386
mighty	4.9980648270560675	5.034840188826899	5.072760725993798
country	5.1202830793277885	5.018794806968527	5.266836339490084
title	5.2245979081423135	4.975615049908432	5.3458580769804716
choose	5.143457270637607	4.9530108481935935	5.202795330485086
village	5.144880007112846	4.907472069871747	5.069845558162449
acquire	5.217671549894055	4.975009371218843	5.296653880582574
rank	5.131853096751168	5.0614732153432795	5.270859937160457
bow	5.04633943253533	4.964213518006388	4.976710373065319
doctor	5.003710068867919	4.984697592855669	4.9961465712937345
talent	5.246796200293212	5.021660565954828	5.320316344839067
source	5.1713051589159695	4.977141330382661	5.2506402994289925
lead	5.051583670705414	5.032493780421448	5.145521071860096
question	5.058314441059374	5.047623562896861	5.261583461116418
publish	5.242005662931477	4.945991259773516	5.336396815275036
interest	5.150952851918636	5.04168425448556	5.292816276570931
serve	5.054621997302481	4.965926726866072	5.088951522567956
divine	5.129833650743294	5.0224220805923325	5.245555641427458
put	4.957791864782312	4.927123657176409	4.939843670324101
shadow	5.042610214902652	4.924164030585401	4.982767370740678
practical	5.182135977388278	4.981311536920003	5.323742458858249
surface	5.06352071269023	4.804828507577884	4.948637442639141
account	5.100965580136448	4.987992276392205	5.1963486583804315
loss	4.944491055263197	5.09676337025652	5.126319225386477
indian	4.970422729660975	5.038582452422303	5.114928179096461
vine	5.135423439647539	4.787548661653811	4.9973782685472505
certain	5.046587791585603	5.030274835036938	5.202684068025528
sin	4.860542425056285	5.132494791699077	5.085515643758332
necessity	5.005584144142541	5.08131940547643	5.253311150882441
lose	4.97853339171856	5.0599556124770215	5.0523066411211435
private	5.1046388722156335	5.060135632342076	5.2820933928053
gentleman	5.151393073428183	4.958411744240664	5.114895422048637
daughter	5.040159646925517	5.055565113286789	5.071197868481637
drive	4.836121616461115	5.094668434411218	4.954339288567217
strange	4.956623039216018	5.049706583325255	4.961251131383588
journey	5.139014705232145	4.939632856147129	5.048992028265427
uncle	5.1081764934366145	4.938696437935981	5.007431425569331
species	5.052539886979527	4.9429506132225836	5.129074140789991
think	5.029687028964457	5.031303735519944	5.063158641965768
bed	4.99147116433312	4.836509271837892	4.807669814197372
wind	4.933746670505618	4.955298781553481	4.877656421919732
bless	5.076888331557818	4.968631607819131	5.007651538853066
destroy	4.879054502746254	5.1011838228845585	5.107233565192196
author	5.21661576236299	4.9948117804105046	5.291480778106556
sustain	5.043009711070932	5.058087729748972	5.248811504061085
black	4.9537515873995925	4.867058970725855	4.840875215432561
event	5.080967245405049	5.092788311254082	5.267621724627848
liberty	5.0730779393676375	5.117854606224026	5.315939765555189
negro	4.9401100291590705	4.967291797337825	4.972474614387922
little	5.103848890736911	4.899500809407189	4.995396347461148
fortune	5.084076884367673	5.077686200147647	5.1653501270688835
touch	5.042627132690151	4.9786572072862505	5.006994737585804
kill	4.772037571018954	5.0933210673678335	4.895703339111079
feature	5.10291525946813	4.9527027962635914	5.087176908050072
happiness	5.119362530771844	5.075827102692649	5.223892223688271
assume	5.07740641347272	5.032711183670533	5.2050581439823205
notion	5.074156604425939	4.990315500673024	5.146776280285929
purchase	5.168530947304059	4.883446802785119	5.152963365458989
faithful	5.130112490060794	5.069252540056554	5.232871339828601
soldier	4.912365922975293	5.160999093043247	5.089007146907037
father	4.982535540761344	5.066407041613535	5.05755916537631
narrow	5.003616359160129	4.902300415730775	4.997398432487287
great	5.116488976665788	5.012239746354847	5.233979035949601
tear	4.899934031091515	5.012854188320783	4.8764961737272845
honorable	5.136529412533591	5.118937600638209	5.3588955261917794
previous	5.101056981159435	4.975601765576117	5.1959857979296435
good	5.094598674936954	4.995835521357511	5.115823983763093
domestic	5.151671621627915	4.9605996832595975	5.184402699740436
glory	5.15662614458693	5.017283386445466	5.182385565116388
lay	4.9933971861295365	4.909454565450056	4.951913223547606
occasion	5.073490821077688	5.0588100552155195	5.203183025445018
guard	4.905016106834119	5.117809847311413	5.082166125806791
whole	5.0690870855196595	4.960102708310786	5.141049295598057
mouth	4.970999908182308	4.882271932189661	4.84504688549001
receive	5.144487319158612	4.98748092927671	5.218143833840338
take	5.010321501960515	4.981852019416007	5.053463702316728
simple	5.168584685957489	4.904466960387119	5.140732929755596
error	4.979948153276973	5.105450784443185	5.253281458340209
wisdom	5.1019164188166	5.085281857560647	5.270097242602048
rock	4.961893605366928	4.898812459590482	4.895483466019167
decide	5.067592762432935	5.0783829334637165	5.2965501926422585
exclaim	4.905575374039985	5.063872720217197	4.896642365559119
assure	5.069111474859815	5.0706421775801775	5.158318604535836
sign	5.038737744140042	4.986023788046809	5.112787988157594
preserve	5.125199190528509	4.935260964423619	5.160208090916068
commerce	5.136574156032943	4.9760832903434045	5.269210651104732
plant	5.111285054874961	4.802218269288325	4.993466013120111
walk	5.124373623750611	4.862827148940526	4.913003532649633
difference	5.087030291046867	4.9584865584039814	5.198947327783439
hang	4.948447265533782	4.894378988589108	4.823314923013208
following	5.245884025471093	4.878072128542698	5.231194160659003
employ	5.132597863773344	4.927605724468377	5.1913856729549375
