deal	5.036634350754315	5.0145220394034	5.112003600469571
study	5.271414660527947	4.91470853076796	5.252690826211012
afford	5.172626435001279	4.950357425827402	5.222848899764613
service	5.17502994025382	5.021297319592467	5.291037884896816
height	5.06783300263547	4.879442014780036	5.0465913917109235
prospect	5.14945436701171	4.998889389321876	5.17012671194922
pleasant	5.231124015424451	4.84961740706265	4.982615558553243
shade	5.12550888849345	4.85495373453128	4.9559658962739075
listen	5.01588624008312	5.076647933373168	5.039511805458462
mighty	4.997870027251454	5.042246673502064	5.085150568586556
country	5.1122235417944	5.0224291566209756	5.275813606093518
title	5.211320656695344	4.974933189210803	5.347428236469065
choose	5.134931003246671	4.957151574646304	5.210942466845417
village	5.1419614239813045	4.911314860360718	5.080576413816358
acquire	5.210506562858575	4.9793428516202205	5.305507605545436
rank	5.127989329100274	5.063693089484211	5.2782054400934975
bow	5.047928095537132	4.97063146935967	4.988773583267503
doctor	4.998914981896615	4.991427029743536	5.009008157768842
talent	5.239613007028648	5.025973088415913	5.32783556860356
source	5.162696182546658	4.98272170153811	5.2591222942290194
lead	5.0489284230614455	5.03686575802867	5.154495425118713
question	5.047306131342077	5.048908677348034	5.26706425555252
publish	5.2266124090691735	4.947061490237639	5.338932044156643
interest	5.141327317858013	5.04511083277076	5.299550347053409
serve	5.048356704705824	4.973092586193172	5.09996515219356
divine	5.124824275915606	5.027571895490042	5.254342907363639
put	4.950702098043305	4.935539584889062	4.952835810975219
shadow	5.042508685861661	4.932052799321983	4.994123699388699
practical	5.1721933154203805	4.984672945646586	5.331673024265404
surface	5.060294972411102	4.81334868718054	4.962449199372219
account	5.0890722739183305	4.990166958535008	5.202955540548958
loss	4.935931201655043	5.101034010343356	5.134744517365856
indian	4.966765189510067	5.039201808028317	5.12414816832985
vine	5.130402554423421	4.794700582084305	5.0109161108211415
certain	5.038993699373921	5.033649119658057	5.211705563182411
sin	4.857949595252881	5.139760013528429	5.097070328987472
necessity	4.997632209192259	5.084128735705961	5.261268913300319
lose	4.974554541789092	5.066925967206267	5.062491191521846
private	5.094156131159345	5.063444455573502	5.287346774378147
gentleman	5.143359721335345	4.96230593014077	5.122962478060167
daughter	5.037967862537055	5.059717177222332	5.080399682164839
drive	4.8360975855341275	5.101225860674679	4.966961760155272
strange	4.955978903888305	5.056443345501556	4.973041157339199
journey	5.133728569021971	4.944995728763537	5.056526018306151
uncle	5.101094277173866	4.945560244524127	5.018650905835919
species	5.043687973405438	4.948014373796139	5.140969282057034
think	5.0244336247085215	5.037946537509829	5.07390374487895
bed	4.990052354428954	4.846941952081443	4.822450028063791
wind	4.933338308580261	4.964829582113523	4.891971505396292
bless	5.0743524563207005	4.977695247091825	5.020854242341609
destroy	4.874222737011343	5.107292527951369	5.119419876254431
author	5.205668551367297	4.996999727469646	5.296025183395002
sustain	5.035536364680605	5.0626689495439425	5.257486616956799
black	4.953994035487145	4.874004213312469	4.855683209838133
event	5.07314374054623	5.094991656173811	5.273455166516048
liberty	5.066517287529202	5.120943684566879	5.324092606989781
negro	4.938279755626865	4.971001725751873	4.9859317908777685
little	5.099477961916244	4.9066436034478125	5.007684295602033
fortune	5.076986289705767	5.082742315082561	5.172798399396616
touch	5.041306959847982	4.986145687660536	5.019009355640371
kill	4.771583806495487	5.098090085552834	4.908981573484372
feature	5.101390449097522	4.95838751859884	5.0972387508407655
happiness	5.1136174603409525	5.081687122057278	5.232944189160383
assume	5.070279513163451	5.036177836078082	5.212476559280772
notion	5.067515122872162	4.994443225767969	5.157766394381548
purchase	5.155693794815202	4.887301964122798	5.160271096173981
faithful	5.125132340290674	5.072512869870092	5.239009243755004
soldier	4.9139528337011935	5.164042599680689	5.098441206369559
father	4.980336367160931	5.071145147521181	5.06781169356386
narrow	5.002320691752838	4.909600974633394	5.008932846945737
great	5.108955348393675	5.016385465636552	5.242642197170294
tear	4.900536981578406	5.023900322580456	4.891860429012517
honorable	5.126429012824239	5.120107072074101	5.362332578072076
previous	5.090754589125797	4.978691510708993	5.202823839797208
good	5.087841052408205	5.002384435856392	5.1273936716341035
domestic	5.14344631535798	4.96664009021027	5.196148699202227
glory	5.153526731968261	5.024638020841044	5.192000526582539
lay	4.989751262655838	4.917165336417213	4.963467495540791
occasion	5.065307642465607	5.062559931609821	5.2111250099407185
guard	4.904395645016756	5.120510800064405	5.0903922135519455
whole	5.061708595823595	4.9656534056565835	5.150945816690511
mouth	4.969710991851304	4.890824285066981	4.858641739052955
receive	5.133900122751512	4.990481654654783	5.22511765354535
take	5.0032322345085	4.987325914427401	5.063739400164557
simple	5.1633680354869185	4.9105307777006395	5.1516110875337064
error	4.970357727815041	5.108782662340234	5.259652713308977
wisdom	5.096697079457391	5.0904427733428514	5.277979168466292
rock	4.962628750127043	4.906586617357932	4.908313615709154
decide	5.057640735508868	5.079421489782266	5.3011300097331535
exclaim	4.907516585279716	5.069943719141716	4.909532185923938
assure	5.062552149444845	5.073873823542328	5.165037498426906
sign	5.033032189221304	4.989357890384499	5.120938302714652
preserve	5.117961660458104	4.941955556246201	5.171444109636021
commerce	5.124710856592351	4.979442539738303	5.277723409133675
plant	5.1082511171378195	4.8097644076945	5.008641455891931
walk	5.1240997195539215	4.871289389355198	4.925324146694139
difference	5.078166765919111	4.961391834697394	5.209294262616747
hang	4.947941576383009	4.903276423034228	4.836705158438783
following	5.233016293818854	4.88011419169094	5.23671473864432
employ	5.123926368595094	4.931676757719505	5.200728966436567
