deal	5.048987855438468	5.007255733875837	5.105138769592596
study	5.283481776249942	4.90858043610709	5.251658719386125
afford	5.184322898431245	4.944944323181137	5.219791046431992
service	5.185294851056065	5.01814371480081	5.287514771271353
height	5.0779000309817945	4.873873174594377	5.04132818004106
prospect	5.1609958771873305	4.992192676179771	5.1674033510824
pleasant	5.240428650331109	4.841220634921597	4.975964031605539
shade	5.1361742119496645	4.846755531628175	4.952470779106114
listen	5.027337393608912	5.070088457611621	5.037650301531435
mighty	5.008935608858039	5.03448541882409	5.080446343027091
country	5.124744291113354	5.016501279517399	5.272110490201559
title	5.22990988384992	4.9713111445072355	5.3497151243565675
choose	5.147775344201068	4.953461394779981	5.206975205269694
village	5.147022991776939	4.905840301488636	5.071321475606965
acquire	5.222613036475878	4.973531704454913	5.302872763409482
rank	5.138490970007065	5.060118172203618	5.27597357381872
bow	5.057676874750976	4.966075764576749	4.984532838285993
doctor	5.007875305968838	4.986735569315575	5.00038771455879
talent	5.252464139067897	5.01991128445647	5.326604663134963
source	5.179057974011964	4.9734661752249725	5.258759229717027
lead	5.059443513628522	5.030147317016764	5.151464961398391
question	5.063928376332893	5.045474530215461	5.266546822619994
publish	5.2436794431855125	4.943096429008418	5.339930556684509
interest	5.155851087217885	5.038720745604358	5.298494707737588
serve	5.060327676087657	4.967226367940359	5.094729861499918
divine	5.143060139595703	5.018875874983267	5.257012396395755
put	4.962058840861724	4.929713772505857	4.94269699253938
shadow	5.055721197343168	4.923983862832501	4.992790410186867
practical	5.187720315302545	4.978105410671135	5.330431582949437
surface	5.071625112001903	4.806268346822934	4.95562519374792
account	5.101967694612102	4.9848770342774	5.198491321762199
loss	4.946811639076512	5.094960880705194	5.128760295530108
indian	4.974359631931232	5.034877485468887	5.115675586755734
vine	5.140185761574331	4.788649737116101	5.003253370362439
certain	5.052438610488172	5.027749567033832	5.20792692073992
sin	4.873738959658825	5.129176887383263	5.094680268000067
necessity	5.010450496513769	5.0792066493176415	5.257944749806771
lose	4.986330936568044	5.059309494825467	5.058446627233788
private	5.1074739322479745	5.058347749209825	5.285857414739475
gentleman	5.152885315913512	4.959373336918264	5.116701405834647
daughter	5.047841027324286	5.054912685325084	5.076972492011233
drive	4.841991773452462	5.094473562036431	4.956545854833507
strange	4.966953165807822	5.048371755822478	4.9684417738712074
journey	5.140759714304143	4.9380532327519475	5.050384185662684
uncle	5.111914027280884	4.939200941489039	5.010544049894157
species	5.056537335227382	4.939243030830174	5.132613104014779
think	5.037340122184868	5.0312377277746245	5.069389668045922
bed	4.996869233770587	4.84033321173811	4.811891649008426
wind	4.942049525300687	4.956233986291108	4.88292695276728
bless	5.088329762489444	4.968413525859466	5.017060544914956
destroy	4.885755685683606	5.099805754765245	5.112963973240402
author	5.22258724731314	4.990291669157494	5.297605931187628
sustain	5.049282362099638	5.05793031255609	5.25587796241838
black	4.961082321316006	4.869001956217833	4.844553660463143
event	5.085638199947011	5.090441800903637	5.273233180751733
liberty	5.081288672379754	5.116247092855736	5.323748281110259
negro	4.9410356545012855	4.965017816342377	4.970556651215935
little	5.108913644302149	4.9005731377907145	5.000111944987622
fortune	5.088103305873923	5.07591909356499	5.169006920922353
touch	5.054869288285134	4.979080224145664	5.016574863258394
kill	4.7758106724782845	5.0920205098483065	4.894365757153001
feature	5.114423554590628	4.953863997467496	5.097128440495302
happiness	5.12849205331965	5.073666089177935	5.233345778593999
assume	5.083812233968878	5.033062481825931	5.211409743431684
notion	5.081821881099071	4.988083523083983	5.1526253433350275
purchase	5.16707629324601	4.881065748796285	5.152664865761285
faithful	5.138536017261927	5.066525336420044	5.239954004338674
soldier	4.918781947825139	5.160226635707095	5.090718665941012
father	4.991119811974511	5.06634424121826	5.064197244301479
narrow	5.011472083930208	4.902779699723647	5.002789912924438
great	5.122108244993619	5.0105674218902765	5.239704316467538
tear	4.911675184987849	5.015530733513391	4.886333105730049
honorable	5.140808286114486	5.11672782491937	5.363487241640303
previous	5.10201275169892	4.975974083933849	5.199728777821618
good	5.100234213911239	4.995527872503947	5.121336383505693
domestic	5.156013244487304	4.960260199669719	5.191787326226911
glory	5.168619435518918	5.015937590763238	5.1923715067572624
lay	5.000622151998421	4.9121719494128895	4.958261367345838
occasion	5.07628261264178	5.057720158270067	5.2070976288624475
guard	4.911766072437258	5.115821251023842	5.084754732083542
whole	5.07432381915686	4.960419044131064	5.146147211218757
mouth	4.97873509316906	4.884248280150237	4.848152827935627
receive	5.14647886272022	4.986609000705474	5.221710799684849
take	5.013864722084879	4.982962737446634	5.057028616239295
simple	5.178212072744456	4.90343284679478	5.150135372146184
error	4.988327255666405	5.101129690430854	5.260248649425643
wisdom	5.113328936124168	5.081778234372353	5.279265419708799
rock	4.971119573670154	4.89890080856542	4.900413200523733
decide	5.072885750246617	5.076592445117443	5.301018007446286
exclaim	4.91536450591128	5.064683164522213	4.901478445576958
assure	5.074881049785678	5.069492677015597	5.162828600437181
sign	5.046900282158378	4.985109248799542	5.118479511590419
preserve	5.1317122902006505	4.936726201428143	5.168901716899715
commerce	5.1389637706340565	4.973126335777971	5.272873197943375
plant	5.117634831767489	4.802855672829922	5.000466654655923
walk	5.13101411941305	4.8645585722269855	4.917870058349539
difference	5.092621011399991	4.955687633935646	5.204412481670733
hang	4.957508993770207	4.896663578705894	4.828922378816662
following	5.248231816165581	4.876576349346561	5.236101295238918
employ	5.13388458099915	4.926151550078147	5.193572446216824
