deal	5.055798399715467	5.011036147861762	5.11956492679877
study	5.285330411929154	4.9119855226608475	5.262586254471804
afford	5.191553520163404	4.946752986466128	5.233048425756377
service	5.1912159351862295	5.021191570600105	5.30117045954846
height	5.0826973397308315	4.875335372516051	5.051806673536238
prospect	5.167918802850252	4.99225119579314	5.176160487541197
pleasant	5.247722757240505	4.840854287454842	4.984673907438363
shade	5.139542802096479	4.847015993095189	4.958362280179608
listen	5.028973590850127	5.072362810183834	5.043625096713637
mighty	5.013130769407064	5.036291296107137	5.0889266727440585
country	5.131095199892134	5.0189443549545585	5.284694216929922
title	5.228805319926057	4.977269220222685	5.361396500785419
choose	5.151562296459966	4.95445439200859	5.218237365643322
village	5.160694040796816	4.907643953791549	5.087086013150148
acquire	5.2264704514243245	4.975924315812844	5.315008229334253
rank	5.1401199603096375	5.0631588955944045	5.2876409265236894
bow	5.059253502202188	4.96894585766594	4.993149296918594
doctor	5.015980905232551	4.988163986671888	5.0137556287424365
talent	5.25281687744319	5.023223084779511	5.338196353503743
source	5.181318443613998	4.975496709019974	5.266198760283852
lead	5.06507489264455	5.0336596985221265	5.163126820595496
question	5.065739997910193	5.048008829799367	5.277189864232904
publish	5.245929671878376	4.948539608261507	5.352926080858722
interest	5.158680208228095	5.042081786390884	5.309342671924715
serve	5.066326549008871	4.970041578694516	5.107381549024512
divine	5.13805677455395	5.0217299320758135	5.259591391262521
put	4.971024493527718	4.931916699996627	4.957865661620334
shadow	5.0570161078950155	4.925657600229378	4.997818234152591
practical	5.189117874654554	4.9814419682377284	5.34226336937017
surface	5.079386553138889	4.8060928306345225	4.965574016821637
account	5.110718248304427	4.9887307878919005	5.213761417114293
loss	4.95741666915077	5.096816859818074	5.140901157204983
indian	4.986581688401812	5.038611935570897	5.1319059691637205
vine	5.150688945756533	4.787988863810923	5.014618435433992
certain	5.057385043327488	5.02993081503298	5.22028413436162
sin	4.8736567169300535	5.132531320082233	5.098542663833921
necessity	5.015781901893296	5.0808855375902455	5.269823070301241
lose	4.9926548150245225	5.061095967490681	5.06778733605472
private	5.111781519506589	5.0624224743112585	5.299130676378868
gentleman	5.159809857605768	4.962563941140806	5.133020885976607
daughter	5.052722490849723	5.0575758967267	5.085777712137682
drive	4.855402278998284	5.0961848276033335	4.971122903146024
strange	4.972139548048984	5.0513130619016104	4.977413317649054
journey	5.153773520911368	4.941748405992768	5.064608694628185
uncle	5.121958311029451	4.94198850628857	5.024358351647676
species	5.06503167986905	4.941513063971673	5.146774608352615
think	5.042166077944855	5.033671453559399	5.079668526303086
bed	5.008003401161216	4.840019874604358	4.8230308546271825
wind	4.952605479002972	4.955340341357015	4.8921656746599975
bless	5.091091307882125	4.970053542416598	5.020675207908667
destroy	4.894479273825027	5.100302107551739	5.124172935210137
author	5.221922603672501	4.995781152292201	5.308029190729141
sustain	5.052178633687864	5.058680402750757	5.264885893445603
black	4.970071490350796	4.871919326563992	4.860228100427029
event	5.091228084109985	5.092271932007275	5.282507842178784
liberty	5.081303422478615	5.117440310178158	5.330483656917108
negro	4.957659198762996	4.969012805137825	4.991832691463851
little	5.117233063944045	4.902672905861997	5.013666477230086
fortune	5.095646804744155	5.079407346286068	5.181779829786775
touch	5.055083276155632	4.981151821407748	5.022784630094148
kill	4.793593116262011	5.095066473373813	4.911835771810469
feature	5.113003476150148	4.955295802291758	5.104159061829585
happiness	5.1297444981177955	5.074624680007538	5.238014304388023
assume	5.085045335682323	5.033878081761433	5.221206166342123
notion	5.08505978534849	4.991882912559985	5.166890403417487
purchase	5.179226190149482	4.885935907195818	5.170389715516196
faithful	5.138970089196134	5.070953538399358	5.247644670002956
soldier	4.928866255361246	5.1637765456947715	5.106239247261194
father	4.997045394811515	5.06844056031345	5.0719430770789895
narrow	5.019048621818987	4.904515885159265	5.015308892855263
great	5.1261886621096195	5.013362200020237	5.251313071545689
tear	4.916515094349476	5.015971134368704	4.890324672735089
honorable	5.1418023371331305	5.120586943456996	5.37416794723802
previous	5.10999001498714	4.975758370527296	5.211198910282938
good	5.1064471579065485	4.998176637143961	5.133741420863416
domestic	5.161514164946504	4.960974183556948	5.2028152458381065
glory	5.167257893125684	5.0185136251096605	5.196606625516834
lay	5.007028909835099	4.913544355946338	4.968461287040448
occasion	5.082684748047273	5.05922993660107	5.219352268505424
guard	4.9206092096930325	5.119805707577113	5.099202322885079
whole	5.080311893666678	4.961360903127527	5.1583016486191395
mouth	4.988009650168885	4.886292860826441	4.861675917737955
receive	5.153135088604068	4.988496594567433	5.233884326020649
take	5.02295154337774	4.984613691737289	5.070844890740379
simple	5.177698137649423	4.905639404218516	5.158835493647051
error	4.988762476262851	5.10503165623006	5.2687604709174884
wisdom	5.110629366164088	5.085449351333472	5.285421965729655
rock	4.980992695262332	4.900392433647782	4.911078245892595
decide	5.074409083223547	5.0784749648867615	5.311652993661815
exclaim	4.923030779686982	5.067845713401368	4.9126785229204515
assure	5.080595339358377	5.072550062884779	5.174117654376093
sign	5.049610671412037	4.988334840750339	5.128827676294082
preserve	5.135358579570191	4.937502595825501	5.1785354148437595
commerce	5.147392440112655	4.9759160051519595	5.287289943808455
plant	5.126685599060416	4.802436741893052	5.011368827055815
walk	5.138868006425233	4.86624265375078	4.929853271274039
difference	5.0968747682143665	4.958200337418494	5.216591157650588
hang	4.964334212761022	4.899094049253823	4.840618050451201
following	5.251801124190419	4.878582718888585	5.245933354404244
employ	5.143065758643155	4.929800471541347	5.211711843055414
