deal	5.042529544725221	5.00590865282036	5.108646881083348
study	5.275263378166509	4.9065113423987885	5.251599386286706
afford	5.179644457646142	4.942472865480282	5.2218684260614765
service	5.181480705626285	5.016985693742264	5.292413690228228
height	5.0731318737427	4.869418489631901	5.042304024918718
prospect	5.160853123906237	4.986143363280757	5.168675555382678
pleasant	5.240786588867525	4.834649503963523	4.978480708395466
shade	5.133839193920307	4.840492427817807	4.951489240531801
listen	5.02463281935144	5.063014243853105	5.039775877315493
mighty	5.006262202198887	5.029686395833351	5.081728812049593
country	5.119489293514963	5.015136956225438	5.273538798748116
title	5.217303337176555	4.971943232491032	5.35032757522065
choose	5.14017377196418	4.950159103277744	5.2092669573693335
village	5.149713219065679	4.902484021178043	5.077254947476864
acquire	5.214446475078027	4.972819850334179	5.303824605018512
rank	5.130980337609893	5.059901974461205	5.2784143101838055
bow	5.055013580909407	4.960996398648353	4.988365736226184
doctor	5.003442537017601	4.98232479200368	5.005252683140703
talent	5.242476204341123	5.020340931039784	5.327928316576182
source	5.171970735447303	4.970090669656396	5.257064657841664
lead	5.056451534567255	5.026976128165144	5.154594036311626
question	5.053503124147079	5.041440803664915	5.265930011797503
publish	5.233718624163534	4.9434547619005444	5.341095887193785
interest	5.149319769433966	5.0375437499391476	5.299678650606604
serve	5.054926991318208	4.965474102957757	5.098281166018942
divine	5.1320483103101395	5.014496433456623	5.252936095792496
put	4.956810482365105	4.9280469173855295	4.948706859802794
shadow	5.052316090384667	4.916801423889961	4.990987433517762
practical	5.176476078872106	4.977353400515425	5.3295026185867655
surface	5.067979430636706	4.800912986273097	4.9549457625587285
account	5.0965763456964375	4.984120306965222	5.202466686798841
loss	4.945867167394714	5.092416273993749	5.1339360962536835
indian	4.9749807215571975	5.0335189962821305	5.122062343059037
vine	5.137210904045219	4.7836173488337534	5.0037259951978905
certain	5.044579187613767	5.0260626392416725	5.209347914520355
sin	4.866755235688609	5.124262472219824	5.094657139346435
necessity	5.003432138581013	5.076545217992817	5.259133291669315
lose	4.984493234910646	5.054683041815288	5.061589381152546
private	5.100749783022931	5.057809207221338	5.288758572243774
gentleman	5.1472834301777235	4.957877390423483	5.122590782450463
daughter	5.046329210153389	5.049348491456229	5.081718017840953
drive	4.845384281434682	5.090290524170568	4.964251063769711
strange	4.965205747956881	5.043182919101451	4.971414006055208
journey	5.146110374682145	4.933724559841295	5.057074528062519
uncle	5.110922321692428	4.934252382771371	5.017302776516441
species	5.049481946461143	4.940027508013219	5.1352176475831515
think	5.032500230740567	5.026075708019438	5.072272287079658
bed	4.998457389308281	4.833016464568959	4.8163088475259475
wind	4.945006868202051	4.9488727664662076	4.886539453826212
bless	5.086088674298926	4.960835246294063	5.0184609906835345
destroy	4.882117037362436	5.097435550560459	5.116231604061998
author	5.211627727813772	4.9900578906144695	5.297530568463326
sustain	5.041691417666163	5.055392686029382	5.256014731165322
black	4.958778604869455	4.867041503765393	4.850560699421797
event	5.0828852835052105	5.086672821762425	5.274107788811646
liberty	5.073981060151359	5.112179277126584	5.323072967421177
negro	4.942985860147665	4.964455018885023	4.981015014222388
little	5.106335118960601	4.897219578918168	5.004829198370574
fortune	5.08624586409061	5.074846706440021	5.174683323447565
touch	5.049247243947469	4.9733446507803025	5.017234515928516
kill	4.780352645791655	5.088549545004769	4.905988572964945
feature	5.106238980807595	4.9495106341112685	5.095315256131929
happiness	5.124288536502591	5.067887851282921	5.232808195050001
assume	5.074677238379762	5.030418555258516	5.211475284633868
notion	5.070839893940493	4.986882065246595	5.15402598987391
purchase	5.163863852385642	4.881011665763802	5.158413384623432
faithful	5.134615562286317	5.063026978063366	5.242449415080992
soldier	4.920629766880785	5.15788970897695	5.099413456477581
father	4.989447606176236	5.059875737161117	5.067903555860817
narrow	5.008857592234059	4.898344678649247	5.004351492343517
great	5.115114252809599	5.009223385064641	5.240742023368324
tear	4.912216539695302	5.007559531028632	4.888434702562325
honorable	5.132605757230908	5.115782366428801	5.366006120213596
previous	5.098283684748819	4.971651173592108	5.201458986488578
good	5.094499920568313	4.993008347121291	5.124992200713502
domestic	5.150669569237867	4.9578268438828745	5.192915405420128
glory	5.1628352470679255	5.012255210831616	5.190636705850284
lay	4.997913396079859	4.907617487376357	4.960517203541746
occasion	5.072123517246306	5.0555311560354586	5.210230614997558
guard	4.91299603132827	5.112599919332979	5.0918048277829895
whole	5.0677760437466794	4.958191544212752	5.147355179885988
mouth	4.977128878739451	4.880861538601494	4.854132873340886
receive	5.1413678319105935	4.984361362228617	5.225277431853216
take	5.010715354314178	4.979441481137062	5.061767146095598
simple	5.167486712096859	4.900645669123823	5.148478874323696
error	4.976983333618548	5.09937908921178	5.259142723601644
wisdom	5.102738269831488	5.08002727823704	5.278000327396551
rock	4.973277829547032	4.892792537098676	4.903888877097175
decide	5.063180765737663	5.072668717653693	5.30100100391162
exclaim	4.915616688094332	5.05865211597536	4.908573646600466
assure	5.071096018671147	5.0649594684574275	5.166529550586277
sign	5.03934316999023	4.981843570576481	5.1198244578324354
preserve	5.1247395292594	4.934423170100779	5.169302225592632
commerce	5.133300133900742	4.973003858634311	5.273917742609489
plant	5.11368782885861	4.798742856380483	5.0011171131771
walk	5.130855800435151	4.858781171033764	4.922350465056377
difference	5.082589862246919	4.954105241153008	5.204615239626957
hang	4.955995356762492	4.892063988179179	4.833293881614186
following	5.241659486241516	4.872270679523108	5.236587186228885
employ	5.127452418743899	4.927642345323182	5.197924446089113
