deal	5.044822837248434	5.003197135177752	5.104833320895152
study	5.274483566388577	4.905460519803119	5.245570675763865
afford	5.182093986281633	4.938546388196076	5.217537874537894
service	5.185057245534484	5.011778193389628	5.2848742229903
height	5.070899435054847	4.866224460957379	5.037444022747869
prospect	5.160455254865823	4.984403602958005	5.163363428793091
pleasant	5.234288106404198	4.834688734469185	4.970049433597803
shade	5.128843523483588	4.83869457675214	4.944817271440211
listen	5.021083490759751	5.064658295480045	5.031570670563418
mighty	5.003058756872042	5.029082493049206	5.076308859107578
country	5.123012857760466	5.011487166553025	5.270417449677625
title	5.224993238050926	4.968675985576672	5.34659967830473
choose	5.14375761713667	4.946810519772872	5.203596929926095
village	5.1479962985373	4.900387335510143	5.071032906525192
acquire	5.216628295616153	4.969602640760078	5.29931187641521
rank	5.134897610070343	5.055950813811458	5.273026082877899
bow	5.050812693868885	4.958176472237847	4.978146551522399
doctor	5.003582041179159	4.979243734416971	4.997383050528564
talent	5.246550006032962	5.017296620031435	5.323659066074171
source	5.17371932088403	4.968437353192913	5.254206571093008
lead	5.055876394488896	5.025925894906329	5.149013169004906
question	5.059548811844952	5.039681384120559	5.264114876039202
publish	5.238562715748635	4.939795241662956	5.33715807669121
interest	5.153800191528269	5.033410599286145	5.296189164087254
serve	5.055618122851936	4.961210424545327	5.091625733664297
divine	5.133103877481943	5.013536863043572	5.2480932614715305
put	4.957798482215327	4.922330312900272	4.942507754692161
shadow	5.048410936724124	4.91670356130948	4.985640171382789
practical	5.180840293929855	4.974141845928782	5.327445862797635
surface	5.064274300458847	4.797399343128641	4.951304870221326
account	5.1014341196093005	4.979362189919302	5.198983042286958
loss	4.950037492498539	5.086080466137246	5.128939274119449
indian	4.976683412584046	5.029885950469535	5.1176944433864815
vine	5.133615989065207	4.779947035499275	4.998043400945309
certain	5.049122098611941	5.02226068376422	5.206886454760256
sin	4.86715607821882	5.123695273334812	5.089422889899166
necessity	5.00871571975808	5.072086966021203	5.256473775719713
lose	4.984285736120091	5.052641220977953	5.055744874287727
private	5.107381430091547	5.05336158085363	5.284931621769099
gentleman	5.150878955562404	4.954251746105518	5.115947475195618
daughter	5.047061831666086	5.0478286059952415	5.072284065515375
drive	4.843939225262158	5.087463183119456	4.958140894209711
strange	4.9628188643978755	5.043373995474528	4.965367945992646
journey	5.141337515140107	4.933230799014271	5.048452939407723
uncle	5.110831763293507	4.932926350934736	5.008532648720182
species	5.053587048289547	4.933367617506023	5.133357394296996
think	5.032836053665009	5.025546766994048	5.066233836528236
bed	4.993344033892181	4.830014975315082	4.807829455911773
wind	4.938671949650351	4.947038229535442	4.879913403090475
bless	5.081856313043411	4.9613847292407875	5.009176233694754
destroy	4.884599784865361	5.092291665705438	5.112119779020051
author	5.215543722300125	4.988752303233963	5.294117417584087
sustain	5.045940222052719	5.0488468186565685	5.25163931680312
black	4.957539654252157	4.861268853095232	4.8444290915281805
event	5.084693944128348	5.084558165742597	5.270225075446552
liberty	5.077139577883245	5.110159580420071	5.318812924633485
negro	4.943460243079769	4.95993698821697	4.975530114882324
little	5.104529576811189	4.8943688141058574	4.997831804870243
fortune	5.0886194946774435	5.071499628074042	5.167933006736628
touch	5.046585154304105	4.972253880906977	5.010010981367563
kill	4.778001349825471	5.087217959487796	4.898318285600286
feature	5.107453198937636	4.945375128099174	5.09033198628571
happiness	5.1249676623415645	5.0674677040724045	5.227220457497234
assume	5.080174878871246	5.024691538416726	5.207731586432656
notion	5.074921975242636	4.985355824332679	5.152237043484341
purchase	5.168206037338762	4.875256141876008	5.15329232319234
faithful	5.135034643623387	5.061752545356132	5.233978810135909
soldier	4.919735032677272	5.1556567768163175	5.09082270059132
father	4.989379539358588	5.0585301146400505	5.0587521229738295
narrow	5.006944726138766	4.895844862290371	5.00060598662567
great	5.117780833335554	5.0054717202361845	5.23746884293949
tear	4.907154678359331	5.005332276356426	4.879148444002582
honorable	5.140078033616934	5.111993662810774	5.361176277314196
previous	5.101354534654633	4.966457620439394	5.196793529208329
good	5.096105782129716	4.990620112963716	5.119221166790646
domestic	5.152995200610244	4.95249115907702	5.187875146012547
glory	5.161194373695763	5.01162960471507	5.184664171994932
lay	4.995318702048724	4.903044731453293	4.953362732067099
occasion	5.075176551904079	5.051185263497897	5.205526126705075
guard	4.912792182815898	5.109772948881431	5.084161110382742
whole	5.06980863253437	4.95303752920733	5.143548844744536
mouth	4.9739800027523815	4.8769256567308235	4.847274294150909
receive	5.145253335235929	4.978789897485926	5.2189987774581095
take	5.012233205697483	4.975522708158222	5.055716537602577
simple	5.168160812935459	4.89787937861342	5.143880155458293
error	4.982671361390932	5.096806765754388	5.257889523222338
wisdom	5.105238325476356	5.078570798744487	5.27346542520788
rock	4.966937153319543	4.891458313213341	4.897792492357421
decide	5.070055884819226	5.070644462427432	5.299260070645174
exclaim	4.912607544241613	5.057890162247192	4.899089603622377
assure	5.072876038501122	5.064069813835924	5.160588732919177
sign	5.0410714929516605	4.978860995173719	5.114252472932205
preserve	5.1253441606832535	4.928810546605164	5.163121380283314
commerce	5.137831571440455	4.967159155902989	5.271926822434912
plant	5.10991438298058	4.7953163799444685	4.995537787602219
walk	5.125525656849739	4.858544303757222	4.913771879891361
difference	5.0881298248152245	4.9501452289483785	5.203679129983589
hang	4.952803066779004	4.888521281892905	4.82606343901585
following	5.243155019246175	4.869016294478563	5.230508732393896
employ	5.130890463422157	4.920824200888719	5.1937377384671715
