deal	5.041716683419781	5.010922659110423	5.112307159323911
study	5.274035664306195	4.910377009573594	5.253418593216964
afford	5.178675980433206	4.945324814420264	5.223322112815933
service	5.1776530875791416	5.021073185673857	5.291875829794017
height	5.073356892621752	4.8718695780680275	5.044594477506769
prospect	5.155390773694217	4.991198280057066	5.1696007923628375
pleasant	5.237361593409188	4.843042035636587	4.9809283385289564
shade	5.1300638314702205	4.846418974893689	4.953386408796942
listen	5.017203826060394	5.074625936868816	5.0432154111239385
mighty	5.000463652214817	5.036832726838891	5.084981842210732
country	5.116328784872795	5.017017830190555	5.272421705525809
title	5.214966872261486	4.974545291809814	5.347545652006287
choose	5.139354389058266	4.955254559881404	5.210364927106802
village	5.145719611468771	4.909057876879951	5.078502757821124
acquire	5.213526363881791	4.9740470431868715	5.304452055665655
rank	5.128401571282358	5.062496059070122	5.27925595238621
bow	5.050160518051093	4.968817723873341	4.9910052108343255
doctor	5.003441168105471	4.990211397263514	5.010546575236634
talent	5.241004295469888	5.021893119175977	5.329072286274296
source	5.167475901099388	4.972892174980199	5.25568586278007
lead	5.051553679208806	5.033010513523954	5.155949491941886
question	5.05284946931979	5.045874719536424	5.2680440053369715
publish	5.231768728381729	4.944919781645316	5.338725569454952
interest	5.145748036719544	5.03982346292541	5.298513277308346
serve	5.054368553513092	4.970389352449924	5.101054959060816
divine	5.12622674264158	5.02037923707678	5.2528167299667
put	4.960420135822409	4.932779367555342	4.954542095763353
shadow	5.046845535759901	4.924162355310118	4.993504439994501
practical	5.1765639498382905	4.978636094248117	5.3305852609132
surface	5.069404238346288	4.802900403108976	4.958688138848393
account	5.09624495262507	4.987099800971338	5.203343068325382
loss	4.942683492009827	5.095595657954246	5.13442307332204
indian	4.970310940859349	5.038899307257347	5.123755141297448
vine	5.138258106498182	4.786165632738602	5.00740586688154
certain	5.044290135030026	5.0291695775963445	5.211813732146664
sin	4.858986384802853	5.132700385923035	5.095290792492797
necessity	5.002068321313454	5.079390040793636	5.260738694974717
lose	4.9803190572351195	5.061139905960802	5.064525370337144
private	5.098716802666099	5.0617306311545045	5.288345363858461
gentleman	5.1477402937905925	4.964227528120173	5.126174567111448
daughter	5.037959889795582	5.058503198457976	5.080439317649552
drive	4.840231022756753	5.097937311584842	4.967762807653025
strange	4.9592926698804725	5.052852801392686	4.975290122013411
journey	5.139313993024983	4.941627772769297	5.058052074762924
uncle	5.107003609641103	4.9432911460090745	5.01875921945027
species	5.051614161167098	4.940855389169191	5.136783653930794
think	5.028926091991797	5.034398353179198	5.07592106582455
bed	4.997086522617874	4.841263274902792	4.820224957952257
wind	4.939669843206193	4.956465945570379	4.890398628764949
bless	5.07774554184345	4.971889978167682	5.018812980884211
destroy	4.878648948304446	5.10107165712631	5.117739065675027
author	5.208194936956432	4.993394283368834	5.296977996350912
sustain	5.039917426461765	5.055663274284447	5.255827187706745
black	4.960063048405741	4.870917935440241	4.854249838823502
event	5.0766828333629865	5.090416482348449	5.273881364819133
liberty	5.0673585903578715	5.116376544412202	5.321324845952591
negro	4.941644883843424	4.971086809611918	4.985090121443431
little	5.105319002885286	4.903255580474651	5.00871518369896
fortune	5.080976513680873	5.079346789619635	5.175028440107632
touch	5.044959668524747	4.981014367091146	5.02009953050517
kill	4.77560548574199	5.098349208913272	4.910843016801589
feature	5.104729062447892	4.951796056356552	5.096967885425293
happiness	5.116612807258681	5.07400570953423	5.231784529899874
assume	5.075256555332927	5.032317838171903	5.213659243123498
notion	5.072242540465356	4.991474422753566	5.158856133423631
purchase	5.164449570100896	4.884971250818954	5.158010899103121
faithful	5.125039696849249	5.070527479015927	5.241105244644525
soldier	4.914285899013461	5.166185447307725	5.103083530503955
father	4.9811833961163465	5.069910703537031	5.068157091548135
narrow	5.007562205716571	4.903073935911733	5.0078721278507805
great	5.113497262074919	5.011213564540838	5.2416684929582456
tear	4.904126226533617	5.016451636232894	4.889437964861572
honorable	5.12808312099483	5.118772079027228	5.364057747259317
previous	5.097606801961002	4.974214836207655	5.202595553926513
good	5.092601238168376	4.999473069784655	5.12807760389585
domestic	5.148862845304522	4.960895960649176	5.1929341115129395
glory	5.1563423426739705	5.01741921969168	5.190821875184383
lay	4.99671969653725	4.912884991810215	4.964098576796011
occasion	5.0697100505954245	5.05972247559315	5.211924928322489
guard	4.905914475181083	5.121211819600863	5.094619912196768
whole	5.068691950325671	4.960129377503501	5.149886015432016
mouth	4.977022457490297	4.886389348668721	4.858310115414505
receive	5.13992212285725	4.987877690465252	5.224924834614199
take	5.010218003569049	4.984930496678644	5.06517817835671
simple	5.167162693008415	4.904950145427036	5.151205404041468
error	4.974268758647928	5.101789009924021	5.259362799944284
wisdom	5.097646254218282	5.084503594579198	5.278719431903152
rock	4.9678165641517955	4.899814555691705	4.9066015751422105
decide	5.062011690383035	5.076384218069086	5.302993810870376
exclaim	4.909794705603433	5.069913013482254	4.913055754705244
assure	5.06642417652473	5.072648080204798	5.16901377645071
sign	5.038182804111126	4.987967752611077	5.123203411438491
preserve	5.124027004506655	4.936055421146265	5.1697891136060745
commerce	5.132968197594018	4.973014380758549	5.273417129137384
plant	5.11393634284047	4.8020280994424365	5.004459093424907
walk	5.128952696839489	4.8683265880266315	4.926872614385559
difference	5.084723286977913	4.956192040806296	5.206261948865271
hang	4.954294681905726	4.899252625715527	4.838111980995597
following	5.239521375024793	4.876448348013939	5.236023579435605
employ	5.130812899646931	4.9282639956085115	5.200818350057728
