deal	5.04087666406774	5.010216153306822	5.108644085208987
study	5.276073472941321	4.912691980283482	5.253967868161084
afford	5.1803338407266	4.9488920768799805	5.22506619992843
service	5.179031509476673	5.021822293281978	5.2899944537310475
height	5.073259301097047	4.87419633098746	5.047801609835383
prospect	5.153408926903451	4.993397492154362	5.167683130007933
pleasant	5.230906570013178	4.841938668890769	4.974823059718912
shade	5.1263939923705575	4.846188314413058	4.950163288688522
listen	5.011858830435831	5.070600956433744	5.031526266701597
mighty	5.001396563391363	5.034522684792463	5.081470550417717
country	5.120405397382542	5.020561105904545	5.275948667392884
title	5.220567600613418	4.976499941121111	5.350812798709187
choose	5.1389151600544	4.956034453268097	5.210214787043108
village	5.146227636844654	4.907498864419122	5.077015664867046
acquire	5.217278691861954	4.978131502405447	5.307284955381717
rank	5.130329494937046	5.062927213209929	5.277722337296622
bow	5.044366065535026	4.964668352652227	4.980620938121525
doctor	4.998144140220542	4.98701792158001	5.001132191819815
talent	5.244014178568201	5.023720833507807	5.328821158547312
source	5.170504067323937	4.978500261925338	5.2594646639997995
lead	5.050623390784019	5.033929612275073	5.153684763048504
question	5.05432839783694	5.048577810312223	5.268961792286505
publish	5.239304355114353	4.947140080674945	5.344501362403556
interest	5.147318909937579	5.043676391137702	5.29953676038012
serve	5.052746874891291	4.970218999805977	5.098373150249275
divine	5.127332444182684	5.0230887166827936	5.251969937667371
put	4.954893396038722	4.9307195840087505	4.948773576025392
shadow	5.043533289154897	4.923682159507756	4.990067989897322
practical	5.180999591130074	4.983744147547569	5.335703274016663
surface	5.068710402177846	4.806412425705168	4.962950968365311
account	5.098248045639078	4.989085949917293	5.204507206319054
loss	4.9412679654751415	5.09735312960501	5.13090327130541
indian	4.973210650147007	5.037609534938089	5.122616479028183
vine	5.1386125047799815	4.78909990702651	5.0109505501878875
certain	5.045487341871137	5.031932278204107	5.212295456318913
sin	4.857129812676678	5.133134225179761	5.089114888450004
necessity	5.004416928058813	5.0831260501753945	5.262284135096304
lose	4.97589071827243	5.060813701353739	5.057300221638854
private	5.099073674038994	5.06352853065901	5.287290727311094
gentleman	5.144051054421641	4.961349105713771	5.118942702829731
daughter	5.031958596920455	5.056650118258438	5.069497498902662
drive	4.83631699540163	5.094902150593131	4.959910734969374
strange	4.954050040591729	5.049562604090285	4.965046868172058
journey	5.137742586625044	4.9394473223542645	5.0536876471669165
uncle	5.1003490297945335	4.940147017919045	5.0087521985668975
species	5.054229685872672	4.944517300653204	5.1405340038397105
think	5.024831849138324	5.0330359695228255	5.068264704787612
bed	4.990294735608632	4.838288969474898	4.813398444162115
wind	4.935522662283064	4.954510474012037	4.885351906123477
bless	5.071735911784326	4.9701829743254216	5.009159093098924
destroy	4.8801953870805095	5.102156071530595	5.116481402908272
author	5.21326458047841	4.995176597350886	5.298472496777436
sustain	5.041989695817382	5.05967687507091	5.2580338581536745
black	4.955138421085337	4.86735274423292	4.848630949240097
event	5.0806691516052185	5.092362464914754	5.274857104147769
liberty	5.07084521216222	5.119287432359214	5.322331817787706
negro	4.940389359102619	4.968064911398945	4.9798578567141885
little	5.101359456647519	4.902221490345893	5.0036210956038385
fortune	5.07891206560037	5.078926380474735	5.168560372781958
touch	5.040262810549847	4.98008647847185	5.012760599141359
kill	4.77232987822269	5.092872433153254	4.9003567402115396
feature	5.102358820847216	4.953051180813409	5.094622429317911
happiness	5.115020979364412	5.0771506180069315	5.227856918570535
assume	5.0738953574242185	5.034235452291408	5.212298652742799
notion	5.0721966372372655	4.99184872288006	5.157075392452061
purchase	5.164284678054034	4.886829094201878	5.158472221259827
faithful	5.1241934753244145	5.070290227546248	5.235255771851626
soldier	4.912099544682015	5.161172255197262	5.093106115275195
father	4.9763545314254465	5.067541262923819	5.057540279464415
narrow	5.006689934433921	4.904494870673658	5.008872268127697
great	5.1165250694108515	5.014098548368686	5.244317125910165
tear	4.897260179733801	5.014089191176023	4.87880839243437
honorable	5.12932321075056	5.1207527105815025	5.3622367100643435
previous	5.098531539918075	4.976992007622629	5.204378951944885
good	5.089690120094537	4.99944652938351	5.122795845849668
domestic	5.148716028988578	4.964430964248936	5.1930602668021155
glory	5.157128498326861	5.016903911782997	5.188356792450259
lay	4.993228553717998	4.911237228872118	4.960027172903944
occasion	5.070293003849148	5.060345515072901	5.210091759105122
guard	4.902667701322307	5.118215261466231	5.086533052208732
whole	5.069938704146961	4.962292628980362	5.152264976251139
mouth	4.972046243423591	4.882451696269426	4.851926330986378
receive	5.138911998881974	4.990225591246079	5.223701662993407
take	5.006843247239635	4.984518917541198	5.060677357897467
simple	5.167206497853285	4.907048021347716	5.1511925732392205
error	4.977074647320625	5.1059744023682185	5.261368670373141
wisdom	5.0990920328100255	5.086203809873042	5.277034319722503
rock	4.966997477510019	4.897785739004929	4.904942148477338
decide	5.063281952519481	5.079102220241026	5.3038947149467335
exclaim	4.901279405311921	5.063928375497686	4.897319514978029
assure	5.063673691311188	5.071818741522427	5.162294999588496
sign	5.03661782016687	4.987013963291553	5.119697670011113
preserve	5.1253380345551705	4.938988985522431	5.171837651708598
commerce	5.137487405705945	4.97790077512583	5.279692920904104
plant	5.115243487489734	4.804335690862964	5.007673081029233
walk	5.1218227928287225	4.864113810778667	4.917876242151635
difference	5.086053957045234	4.961065924187834	5.210200020429057
hang	4.947213809516516	4.894535523865592	4.828810386419459
following	5.242031254069468	4.879152571554672	5.239511420621589
employ	5.133453095024775	4.930687724012682	5.203514401177816
