deal	5.045296307549732	5.012802908288521	5.112671107510361
study	5.275923946739302	4.911267599284454	5.251930629735833
afford	5.177946189845157	4.947476721984115	5.220758778074304
service	5.178763337181589	5.021032354573805	5.289193921063145
height	5.069359803357829	4.875604762560224	5.041831567418391
prospect	5.1542390548582	4.993085305705044	5.166810996978306
pleasant	5.234908644819539	4.843082945890771	4.9781724910493175
shade	5.126214436941279	4.848979490311386	4.951001521491151
listen	5.018849027040755	5.072419269619656	5.039695452181472
mighty	5.0011592797393645	5.037925737497596	5.083432364142064
country	5.117507882138162	5.019919240037442	5.272435724595162
title	5.218129666718931	4.974278376199454	5.347957916174299
choose	5.140118461830074	4.955884615660227	5.209209156059225
village	5.143804126424593	4.909972681249323	5.07656393815648
acquire	5.215116611238145	4.976069095050394	5.302555630740542
rank	5.1283454303378875	5.06353728021603	5.275980567977246
bow	5.048695872839394	4.96821959319915	4.987555519294936
doctor	5.005644966074251	4.990073191546803	5.008067667167165
talent	5.2441065674896015	5.0235385944320825	5.326676047137723
source	5.1687372492298795	4.976208255083617	5.255157532492248
lead	5.051533953402912	5.0337567137216634	5.153692992424261
question	5.056872227779002	5.047518122060724	5.268909749176951
publish	5.23596647270031	4.9458800661932285	5.340086608028688
interest	5.148500312317487	5.042334307089399	5.298409220306642
serve	5.05358046748444	4.971503666814845	5.099022846111002
divine	5.128446480318822	5.021965613780314	5.252267261487047
put	4.960036822684327	4.934800610951906	4.953575013237493
shadow	5.045314542278254	4.926140609674641	4.992121334911884
practical	5.180294018541115	4.981475260987677	5.3310651696200635
surface	5.065912290368079	4.808426526667604	4.957769948957665
account	5.098362763512694	4.989266921794088	5.203405230982339
loss	4.943309318341782	5.09917246605873	5.132465674901147
indian	4.970574821140703	5.039928790990627	5.12225366992903
vine	5.135184092863265	4.791001116634396	5.005414699113108
certain	5.0455632416843565	5.032021760288739	5.210920144980212
sin	4.8625118400181115	5.1346574063836465	5.0949441828353645
necessity	5.003745146180552	5.083176936657228	5.260016864646409
lose	4.97982407344601	5.062628302595247	5.061702241989716
private	5.101060541577559	5.062716504529017	5.2877117362324535
gentleman	5.14970264772603	4.962309253172409	5.123153639518329
daughter	5.037828249223682	5.057053291251792	5.076827023089515
drive	4.839103020907859	5.099391036279688	4.9651084528226495
strange	4.9591585811132	5.052481976932753	4.972142985758184
journey	5.137588624305515	4.940672504256324	5.05473467537445
uncle	5.1097324338155525	4.941684300146036	5.017720079495016
species	5.0516622231392745	4.945586635401022	5.136610486807046
think	5.031326571991581	5.03453355997279	5.0742782661260435
bed	4.99345024760574	4.8433194391410375	4.818258352526106
wind	4.937309797107508	4.9588663123169505	4.887645966068351
bless	5.078536296210149	4.971343752670333	5.0177010432550135
destroy	4.878558210286975	5.104438294953116	5.115705654630816
author	5.21247773932047	4.9940824226407665	5.296840077721773
sustain	5.040673213629774	5.060000138054968	5.25482537210415
black	4.956070242010101	4.872972005924259	4.852308241792613
event	5.078856648403013	5.092847937093335	5.272955124802859
liberty	5.070810912715479	5.118498957188431	5.321260754860343
negro	4.9425460626192805	4.97155480327338	4.98316683339177
little	5.104695180975119	4.904240370203118	5.0063855687552
fortune	5.081268593153882	5.07967693404982	5.171181403276813
touch	5.045054345162732	4.981695060818617	5.017516327536689
kill	4.77559963684159	5.098808813142317	4.907486624554548
feature	5.1030426976268695	4.954515212442353	5.094866927624497
happiness	5.117403676823227	5.076184522538564	5.229815510378585
assume	5.075693405840965	5.0347711565953945	5.212299699302549
notion	5.077221064080027	4.9935565218520015	5.160486686093462
purchase	5.163947594386686	4.885639961532367	5.157553029198787
faithful	5.126999458974451	5.068887416130698	5.237983303235554
soldier	4.91382404468783	5.1650494855341575	5.097920969856552
father	4.982645878955831	5.068510033934589	5.06537012114994
narrow	5.004573082097584	4.905838252491356	5.005777251948388
great	5.114707970472449	5.014088936878171	5.241105500661651
tear	4.903295743350047	5.018157390571332	4.88765861113825
honorable	5.131012354435821	5.118748133441454	5.361814882227399
previous	5.097975918770013	4.977189306491663	5.201536297730943
good	5.094478836732008	4.999666146671139	5.126287801051165
domestic	5.149001270421422	4.963713659383627	5.192046410215556
glory	5.155824288296276	5.018630967222305	5.189206053731582
lay	4.993981964657117	4.914663484727972	4.96240502249809
occasion	5.0716658551837295	5.061580335240462	5.21039505343473
guard	4.905208504910856	5.120472469583996	5.09027137768505
whole	5.068222258967267	4.963586050039869	5.149479706531872
mouth	4.975100508318337	4.887243454547441	4.855779340923221
receive	5.13984258412623	4.989023304431506	5.223003715693392
take	5.010370601891635	4.986455966126224	5.063964615159727
simple	5.1679483884105215	4.906861035332742	5.1503961809559495
error	4.978648371777614	5.105657078117992	5.260009512559994
wisdom	5.100273172198484	5.085569122047523	5.276733827332517
rock	4.96489634298567	4.901910730507241	4.904441304263721
decide	5.0657835159005575	5.078546849766655	5.303169039596227
exclaim	4.910335324033376	5.068344476018332	4.908907354835296
assure	5.068707909124071	5.071994515484953	5.1666246419310955
sign	5.038718448102421	4.98822926000164	5.121608893171131
preserve	5.122276417377537	4.939466333088411	5.168665922161321
commerce	5.133251631241949	4.9762156229144034	5.273595890929244
plant	5.11101290137005	4.806163174905123	5.002326184962807
walk	5.126939758567466	4.8674251215465585	4.923808531904605
difference	5.0869863523188075	4.960437385576962	5.207766331524826
hang	4.951059162129784	4.900494879005274	4.83530791209733
following	5.24146154372786	4.877690739239327	5.236267652558004
employ	5.130471211882614	4.930772910141803	5.19914434867164
