deal	5.048651917453235	5.009175368952517	5.111503199481909
study	5.275352878988814	4.910874799629022	5.251480379347246
afford	5.180181400264693	4.94790783414426	5.2222379072983305
service	5.185362111863155	5.020235735428878	5.290941734021227
height	5.068913076980152	4.874126755623226	5.044200900293057
prospect	5.156547692837227	4.9953264349630055	5.16856685084077
pleasant	5.236108516962602	4.844472453106744	4.980096021938857
shade	5.12667818133181	4.848052582735827	4.953282582829433
listen	5.0247063476249245	5.069506002443718	5.037168268850367
mighty	5.005120131120643	5.035141795972537	5.083455485051866
country	5.1225001333284705	5.018187873332233	5.274298676663578
title	5.224655166642201	4.969977197884268	5.347210113868004
choose	5.144854857036812	4.953446666478458	5.209374614322212
village	5.1485041666969975	4.911214266031141	5.079747404680631
acquire	5.216625210775689	4.974446001656861	5.30345735508949
rank	5.133750800842688	5.060681798781583	5.276281567218129
bow	5.053303009183744	4.96506451009917	4.987275817181282
doctor	5.009538169184314	4.987508520017762	5.008061440580969
talent	5.244985155216852	5.021047440397921	5.324925868489945
source	5.1726251040217806	4.974772340577344	5.256581042743011
lead	5.054932772853981	5.033075742448819	5.153273016721589
question	5.062009776426004	5.044120096962989	5.267085743301333
publish	5.239199632354409	4.94361437480491	5.338308609913905
interest	5.1533509251920595	5.0394440547870625	5.298377098193629
serve	5.056927049536593	4.9693357138801	5.099260335763196
divine	5.134190682935317	5.017966871134252	5.2517381484254555
put	4.96181978155849	4.931842240708288	4.953161045586087
shadow	5.0462169248843285	4.924727519465114	4.992297301957934
practical	5.180952415425738	4.979599346153809	5.330285920638536
surface	5.0640079998424925	4.807223112216961	4.960996658985785
account	5.101541970942021	4.987129886629541	5.202604160835997
loss	4.949210972694503	5.096153610429291	5.1334564767518955
indian	4.976812137286486	5.038037610783078	5.123505660615036
vine	5.131802911818399	4.790601006389863	5.008621688744479
certain	5.049447220756859	5.028528859805421	5.210424955682617
sin	4.870445316198686	5.128857999066016	5.094518186034725
necessity	5.009425534676275	5.079646244046786	5.260605709956081
lose	4.9836781004788575	5.060781794915582	5.060995609755553
private	5.107748579579755	5.060281262511537	5.288156464053911
gentleman	5.153166056402786	4.961537189828953	5.122962641813146
daughter	5.04688111547784	5.054699294137606	5.0779859360975435
drive	4.844105784231986	5.097605769581541	4.965465499358705
strange	4.9637334402167665	5.04956516766456	4.970586346215803
journey	5.139166262078375	4.944389980454046	5.055897498742743
uncle	5.113205990075184	4.940856856634372	5.016722028621274
species	5.054847967008524	4.941670135865925	5.1397349137965795
think	5.035219384244533	5.0314589311501114	5.071915412939988
bed	4.9965157558690345	4.842371473692678	4.821389218368837
wind	4.938430446263551	4.958268971185035	4.889501506762155
bless	5.0855421021339975	4.969096795709193	5.0185340038603
destroy	4.884202370523717	5.100578907028451	5.117057255643925
author	5.2147826374659445	4.9909565916073815	5.293651689458582
sustain	5.044833474151418	5.056906389877539	5.255495416074472
black	4.957562299598528	4.8702999263349644	4.8536911760192485
event	5.082728496797333	5.090741451047118	5.271086201963269
liberty	5.079108883826482	5.114531977901314	5.321701174885358
negro	4.94713155409401	4.970706348246227	4.9856295125546115
little	5.106509295691423	4.902705399159638	5.006519765996677
fortune	5.085650031049	5.078868287349892	5.171685715416034
touch	5.049294260085375	4.977393111168403	5.016398808105189
kill	4.780603477485492	5.0950874679516955	4.906219614273033
feature	5.1052937706948045	4.950989590064032	5.094734949608474
happiness	5.1239629150223465	5.073896269084233	5.2305142039070684
assume	5.079269160534407	5.031187895999897	5.211316181412703
notion	5.078544408155254	4.988754776609585	5.1571975754335115
purchase	5.169709749791658	4.885756825432961	5.162430677196952
faithful	5.134553330959951	5.067086447632068	5.237483017249398
soldier	4.920016458547065	5.163177232206717	5.097363484979492
father	4.991569608976603	5.065566999155599	5.0657771924714945
narrow	5.006761814535603	4.905145174274505	5.009189552911847
great	5.11799520663368	5.011495728833317	5.241035900760323
tear	4.909578742180047	5.014103704606754	4.888273992731598
honorable	5.137432477970817	5.116898037446983	5.361136594615566
previous	5.100284599195261	4.976830020800862	5.202111151778941
good	5.098320375241741	4.997930010755996	5.1261204494247
domestic	5.153699022649792	4.9617995292566555	5.194798237813543
glory	5.1593503338276845	5.016542430375762	5.189280131312395
lay	4.996838087171008	4.912527204892338	4.9636274506444735
occasion	5.075880155669665	5.059511717523162	5.209924332561991
guard	4.911784240687151	5.119229000132697	5.090628686804493
whole	5.071154384166886	4.961212603543326	5.15024182498981
mouth	4.976975664566428	4.885209098818625	4.857239145214464
receive	5.146409892424105	4.987415899975977	5.224385728670422
take	5.014406080252583	4.984618927813368	5.063673312982294
simple	5.170103554003583	4.903459006164905	5.15028107819166
error	4.982192876099109	5.100431468525635	5.257307296464302
wisdom	5.104120599347805	5.081848301796495	5.275108160587038
rock	4.966717993944223	4.901188057997772	4.906760690317393
decide	5.069577494418557	5.075514696822802	5.300384155269236
exclaim	4.916660424903329	5.065162775813725	4.906909867742756
assure	5.073499131590957	5.070269906496629	5.163999547377936
sign	5.043882185262929	4.985052612212261	5.120871065032854
preserve	5.124842766425856	4.93659787443179	5.169433306899136
commerce	5.137325529204691	4.975950238221902	5.2777073705990825
plant	5.109571133769127	4.804905966112687	5.005851131143699
walk	5.127648197422234	4.867994082810112	4.924443301155749
difference	5.089901803138577	4.955934925237532	5.207833719629989
hang	4.952196778819858	4.897620704311395	4.835351246643697
following	5.243394206627437	4.876899816794961	5.2353812864481295
employ	5.132081597909368	4.929585049821403	5.201027014397662
