deal	5.056982083223285	5.005232308348378	5.116685582602753
study	5.290576916393249	4.903808140415482	5.259032261768507
afford	5.194312414197766	4.938846851389982	5.230063469145072
service	5.197542462226729	5.013830057236691	5.2968080691888275
height	5.081808330196365	4.870381121721813	5.050972255925735
prospect	5.171923502018968	4.98752630461122	5.1777364716749155
pleasant	5.246342412627847	4.8413540065533365	4.987408510629267
shade	5.1389742708969095	4.8453491960995745	4.961651064042448
listen	5.035764211430536	5.066855123526871	5.046755344906912
mighty	5.016267866966547	5.033795993528314	5.090431563151903
country	5.135390536170961	5.010997356698049	5.280728470639648
title	5.235925392520251	4.9663785560797375	5.353930704842909
choose	5.155937658647928	4.949761698011687	5.2147071564653595
village	5.162249000207244	4.904579244041773	5.085168711067345
acquire	5.229994019863109	4.967678133519452	5.310510872091042
rank	5.146499120353755	5.0565625146729145	5.283975937302516
bow	5.061627777280765	4.965570955736956	4.9944894850686685
doctor	5.017038346118764	4.983351098903215	5.012392980614588
talent	5.258947400252952	5.014666061110573	5.333977690649941
source	5.186223284495235	4.966451369652188	5.265105585752337
lead	5.069475843478965	5.026383217764779	5.1610019458318
question	5.073759646984576	5.0362986371722895	5.272946010703045
publish	5.2543191778672185	4.935640458203738	5.3455623973756445
interest	5.166385510389919	5.031842670393139	5.306304265898186
serve	5.066841751612786	4.965208387524733	5.104097418816093
divine	5.146608414857103	5.013371489061557	5.260585650497309
put	4.967638208859341	4.928926460268759	4.954707369433869
shadow	5.0597036368460495	4.921856244441318	5.001061495141291
practical	5.195209394178774	4.970578076584291	5.337113673613395
surface	5.075794622575021	4.8015462029487255	4.966263844030813
account	5.114539010486785	4.978439533494965	5.209242811084866
loss	4.960865432047857	5.0886326274915366	5.14097062815266
indian	4.989247662466093	5.031687218652239	5.127918342645413
vine	5.146900700605654	4.784528745095096	5.014809863053427
certain	5.0610262955269505	5.021656000818274	5.216805330185989
sin	4.881203237508443	5.125848113298988	5.102818243532435
necessity	5.021936065629687	5.070251996731304	5.266610879059436
lose	4.995021635060053	5.056864730351292	5.069087727774797
private	5.1191363144417465	5.052727646142566	5.293984734275809
gentleman	5.162168595450689	4.957105297762122	5.128216326745219
daughter	5.05743849090093	5.052894093688272	5.086505352697548
drive	4.854683526835622	5.094105694042723	4.971292633139107
strange	4.974303283959294	5.047906420838545	4.979495020576825
journey	5.1563480279017035	4.937416905207106	5.0640585364182025
uncle	5.121799349509334	4.9390903670098645	5.023187663501911
species	5.064033653075198	4.935064862138637	5.143512714193023
think	5.045183650566653	5.0282750715345035	5.0797835332598495
bed	5.005239170394755	4.83968614549319	4.825664310694706
wind	4.949999253876686	4.955155743278918	4.895991379241931
bless	5.0938225946028615	4.969207364187599	5.025884528771714
destroy	4.895513513332582	5.095608292943236	5.12350498202143
author	5.229814296455037	4.984055360368765	5.30315086865123
sustain	5.058094261993051	5.048777626217104	5.26307664938043
black	4.964212113803526	4.870536082422077	4.857407610640503
event	5.100554722471171	5.081258748405435	5.281257934461278
liberty	5.091309497753008	5.108149481563918	5.328823815396225
negro	4.95558049925217	4.965854928107795	4.988091020750951
little	5.115709722515416	4.899176474895478	5.012516406938464
fortune	5.0989863987581705	5.074439879408561	5.180241967423416
touch	5.0586302122076985	4.975221904945573	5.024585242877572
kill	4.792602300931823	5.093324747435136	4.91191781654734
feature	5.116866736902028	4.947502400400146	5.10375052679973
happiness	5.137700271607148	5.067434513875646	5.240360944621478
assume	5.089798427200963	5.025217857485223	5.218274101109983
notion	5.087483892427366	4.984834571191127	5.162663172625365
purchase	5.1780248406635865	4.880181996802588	5.164486583902175
faithful	5.148514394362247	5.062721871796293	5.246903287935202
soldier	4.932886613604563	5.159981187267081	5.103469356083491
father	5.00142776105543	5.0630027250796665	5.073391872272474
narrow	5.017864329817408	4.90005443798361	5.014128520180701
great	5.130240985413432	5.004841508753459	5.247878624255566
tear	4.917620734310311	5.0133891783016855	4.895887744081706
honorable	5.151359869186993	5.1101792875023015	5.369976159766611
previous	5.11518034930704	4.966132541598885	5.208544804759498
good	5.107486470060108	4.9937023398437175	5.131814478780872
domestic	5.1634950540729	4.954597065029279	5.200192594146105
glory	5.172551498770505	5.015823974467069	5.198370294447254
lay	5.006668633193435	4.90953819906215	4.968079164636039
occasion	5.089172458085747	5.050107143415391	5.216778113914632
guard	4.92556838011572	5.114183006561221	5.096852228076443
whole	5.081736168714156	4.954977567314129	5.154923828584985
mouth	4.983205812653321	4.884305696030585	4.860433111062439
receive	5.156722856074858	4.979909219677891	5.230333459949088
take	5.024133500061657	4.978832861772696	5.068201856171652
simple	5.1801153328341	4.898787092166427	5.156807081888885
error	4.996619235009709	5.092394219578218	5.266573514754485
wisdom	5.117772229908912	5.077701643011481	5.284593234705876
rock	4.979523017610912	4.898253203578721	4.913057957318982
decide	5.083770908374068	5.0669850541292725	5.307717990671419
exclaim	4.924421811768251	5.06434430501095	4.914503154054262
assure	5.085818627355327	5.064293664499622	5.172845303154063
sign	5.053722648280387	4.980798865641127	5.126251381272707
preserve	5.136644661751063	4.930738912504768	5.175975117170304
commerce	5.148996882185599	4.967735970249983	5.281564801860174
plant	5.123045226088373	4.799743601807529	5.011605275553825
walk	5.1381291172766215	4.86628339084945	4.931109154161198
difference	5.099405334896585	4.949049202404601	5.2127226017495465
hang	4.960983646469465	4.899065503162852	4.84188779971615
following	5.258418865045664	4.867593752570135	5.242229362845118
employ	5.143235007086369	4.922442980750681	5.204894305665583
