deal	5.045196025492491	5.007447293325028	5.10906885248932
study	5.274688657017533	4.909548576727968	5.248620123885418
afford	5.179861874909993	4.943292126691522	5.220892361356886
service	5.180500916614757	5.015319363969511	5.2876104047653545
height	5.073336727806788	4.871658078793832	5.043649250108469
prospect	5.156272024017914	4.989580639538198	5.16717936022265
pleasant	5.235060583262861	4.841645893969487	4.976716205542671
shade	5.128647599245531	4.847267148900073	4.951400946267587
listen	5.019872834813551	5.070466604058799	5.037084341883069
mighty	5.005692237108479	5.032694616532207	5.082874196513576
country	5.120620745786589	5.014168066741098	5.272881493730333
title	5.219690911229867	4.9709833071535785	5.3464061740163
choose	5.141447260238848	4.949478220316496	5.205874514279899
village	5.148576660715784	4.904274333623801	5.0779042400144245
acquire	5.216758967051799	4.9727399896155235	5.301794272945806
rank	5.131148481263118	5.05896721623822	5.275302480882737
bow	5.051663991969903	4.965801424674513	4.98703231193288
doctor	5.00525660731598	4.985159725942178	5.00461338020797
talent	5.243251136946356	5.020802074561087	5.32402094264215
source	5.171796027374843	4.972144624322509	5.255819163967571
lead	5.055074282655381	5.029501778512081	5.1530394102221555
question	5.056584725598253	5.042408625402733	5.265294986224387
publish	5.236537547127892	4.940276029365519	5.337386027060972
interest	5.148714047000428	5.036899612740784	5.296642945246063
serve	5.055834889836935	4.9654546526650725	5.096445613545483
divine	5.1304455552799375	5.01834618521138	5.250003289236905
put	4.961449835936042	4.927247631021739	4.949885777402801
shadow	5.04741952406313	4.924167706707368	4.991651736369416
practical	5.179576907021751	4.977220421672848	5.328227554302157
surface	5.068996243280197	4.803905789148681	4.958902184564684
account	5.099266845818951	4.983413720795882	5.201519322343116
loss	4.946531391109083	5.091650568191069	5.132023569603874
indian	4.976782562470806	5.033162590136709	5.123623939185219
vine	5.137918127623139	4.786981951892184	5.005527547935515
certain	5.0475059101083515	5.0261012017442415	5.209302957122397
sin	4.864915589165098	5.129184554904839	5.091527751995281
necessity	5.006024373170054	5.075772023576573	5.2588479725295505
lose	4.982956318075979	5.058185721906285	5.0604859430371
private	5.101207154330983	5.055953677755669	5.285282303451037
gentleman	5.147533756366719	4.959656696064906	5.120097958933169
daughter	5.041225417780623	5.05458224829265	5.075984746349253
drive	4.844527595887575	5.092487733720512	4.965647863522001
strange	4.961454620899116	5.049956939230981	4.9707433539734165
journey	5.141832440829654	4.937325467197923	5.05580732332005
uncle	5.109349602159408	4.938651781271982	5.014348450515145
species	5.054830051950498	4.938384888521308	5.13718271397906
think	5.03111834462214	5.0312685699689546	5.070385157894337
bed	4.996666979922827	4.838101245562725	4.818236071725842
wind	4.9418918126834	4.954809096934261	4.88903918230385
bless	5.080891939715212	4.967854736163028	5.014178236797197
destroy	4.884500439651924	5.096679121964592	5.116112948403254
author	5.212140353116799	4.991975932867247	5.2939747038497345
sustain	5.043315686290853	5.053046089988085	5.254315953815271
black	4.958586601268143	4.868955101883957	4.852444036732857
event	5.08158301392956	5.086761641255848	5.27215523639434
liberty	5.072702415244649	5.112348089034663	5.319698931258327
negro	4.9457648335001005	4.965397803405096	4.983187927887123
little	5.105569862217387	4.900615836131621	5.004388245008007
fortune	5.0843676643242794	5.075938463967976	5.170640700413523
touch	5.046802839540723	4.979283056868902	5.015878517446902
kill	4.782399826910106	5.091210035131566	4.906139438250223
feature	5.104112880656222	4.952828401838469	5.09498189949367
happiness	5.119348990825236	5.072461153287581	5.228051416494565
assume	5.07581200285387	5.030244707170823	5.210633413584076
notion	5.074910027862795	4.989839684692894	5.155098192186853
purchase	5.166343461128553	4.880079475612333	5.15773925615637
faithful	5.130048400776166	5.065668947550071	5.236528575624931
soldier	4.918943167801755	5.158802024942365	5.0974790191764665
father	4.986404979441616	5.064493367840828	5.063955066217955
narrow	5.0091236229626865	4.901310230245528	5.0079070140868
great	5.117238490324441	5.008184084708073	5.240447090455765
tear	4.906767745147158	5.013210689747904	4.8860651396097055
honorable	5.131808619603656	5.114790486770286	5.3599291555746635
previous	5.099291903638856	4.970402848280685	5.20041182300845
good	5.094639456995112	4.995600134639926	5.122898617411613
domestic	5.149652845976639	4.958481754691873	5.190955293700241
glory	5.159334154032517	5.015417068492566	5.18820630944425
lay	4.998148196108679	4.90897586837662	4.9621847833407084
occasion	5.071918092175479	5.055303066965727	5.208372456311782
guard	4.910700937575079	5.114091301222311	5.090554055035676
whole	5.07094364793328	4.956325709850574	5.148466792620778
mouth	4.978762108663296	4.883237724224022	4.8566592877828505
receive	5.1421956100723945	4.982702721548216	5.222204695567514
take	5.012508947139294	4.979645305746286	5.061394107513921
simple	5.1685264937456825	4.90398479373469	5.148136966947875
error	4.979228995163951	5.100395977388318	5.257031783261776
wisdom	5.102328256579053	5.082212537540128	5.274412258210261
rock	4.9716035729125805	4.897291922701454	4.9069591930376895
decide	5.065378483103453	5.07317745926649	5.299637405396467
exclaim	4.913476673358153	5.06456651387598	4.907422972409874
assure	5.069684991513143	5.068751410784129	5.1641912159902805
sign	5.041495565234803	4.98248565592306	5.119849839405223
preserve	5.125766475499456	4.933156274476541	5.167496948467132
commerce	5.136516411297931	4.96989779815659	5.275472614404667
plant	5.114849641301617	4.801961028438316	5.002756862293292
walk	5.127241865823611	4.865729588421879	4.9223695239694125
difference	5.086390268451373	4.9544524466435425	5.204467704327964
hang	4.953775393044345	4.897276437490578	4.834717123326774
following	5.2420316321417015	4.872612208534503	5.23409896743835
employ	5.132648282063714	4.924801804838584	5.198834850651266
