deal	5.04838471942674	5.006199176296458	5.099859619923682
study	5.279999127692469	4.907818965157754	5.243693128268953
afford	5.184150028886439	4.941157722444543	5.214151621765843
service	5.185080713109285	5.014549487733078	5.27893992192928
height	5.075390451965371	4.866646343434494	5.033563564125207
prospect	5.160074600725381	4.9868065278144424	5.158063684769724
pleasant	5.23833682302654	4.839427205920102	4.970480827418554
shade	5.132747011132464	4.842161862566372	4.943677640162155
listen	5.026394006316748	5.066672124639351	5.027898397598766
mighty	5.007964784407715	5.028709998825164	5.070448060728386
country	5.122775620040931	5.012350429328782	5.262740063646123
title	5.222422721760951	4.966831739652256	5.337320212837816
choose	5.144489801279437	4.947052144201727	5.197445690459931
village	5.148692531670977	4.901471768959697	5.067568307340624
acquire	5.2197777471335325	4.970871166262557	5.294421527368419
rank	5.135861319136236	5.054851804338577	5.265112647999146
bow	5.055845632115438	4.961264634699209	4.974702433632324
doctor	5.009023650933586	4.986288662799901	4.996151538483441
talent	5.248173924158489	5.0183889015446566	5.317656191190971
source	5.175120508444236	4.971038618242595	5.249277980103925
lead	5.059184118333914	5.025135888766558	5.143304746790017
question	5.060576627433698	5.040057179127843	5.256317190288606
publish	5.238718435568298	4.9410279519879055	5.331368254105919
interest	5.153109606826892	5.036140791995071	5.288743995428006
serve	5.059197528407982	4.963386340867237	5.08768012763239
divine	5.137050038235924	5.015839098618685	5.243481556944835
put	4.963647032529401	4.926488023896305	4.940380029437491
shadow	5.052044195383694	4.9177598515225585	4.982036423378651
practical	5.183879832480198	4.976518096277656	5.322508306834324
surface	5.070074665161776	4.800733277725149	4.951012690144374
account	5.101865491391153	4.982938274195694	5.194020350140143
loss	4.950202730185206	5.091975631503589	5.122774728350093
indian	4.976557238897939	5.029671745105549	5.110953826108638
vine	5.139269174619718	4.783741370218033	4.998961667795562
certain	5.051532798845634	5.023921924359671	5.201429079057899
sin	4.871850883900727	5.126670785710908	5.082611022840233
necessity	5.010471838847097	5.074007704419579	5.249748262876117
lose	4.987820064416136	5.055491141993644	5.05091865048103
private	5.105903070205865	5.054907779125137	5.276560520254794
gentleman	5.15141713411419	4.957066689949936	5.111069328072139
daughter	5.046500274206045	5.050905777080145	5.064624238760296
drive	4.847758777624525	5.088655243837276	4.952267002837819
strange	4.967433786961867	5.045609923680554	4.961500449056607
journey	5.143138947336885	4.934862569918145	5.045995384027215
uncle	5.110660017238979	4.938144233039526	5.0041951015116615
species	5.05665414453632	4.938181100592931	5.129856595167597
think	5.03654997216981	5.028249306608306	5.061842859106163
bed	4.999399742826345	4.835686612520363	4.8089020500248765
wind	4.945129107423517	4.950549774588772	4.878691379514531
bless	5.086317880361435	4.966027522593953	5.005742271207718
destroy	4.88764187439674	5.094338717601602	5.105666718118814
author	5.217189557516645	4.989553608084088	5.288480339904763
sustain	5.047579831881842	5.051888762070764	5.24537691631544
black	4.960934451132615	4.865517962639641	4.841400690947364
event	5.084865583153945	5.085491467374854	5.263528561775817
liberty	5.077478381737503	5.1102464209744305	5.309319734934459
negro	4.946690539582224	4.963941252640779	4.9716432735140925
little	5.1085769499305504	4.898214449579686	4.99610277353014
fortune	5.0878238305351315	5.072807219061997	5.159771350093927
touch	5.051894190666517	4.975570680884276	5.007364370089975
kill	4.784052288051109	5.08728657723665	4.893406272403577
feature	5.108557661645554	4.948183171443199	5.0855608606555895
happiness	5.125841798171781	5.0700596282463275	5.220472259193737
assume	5.080555369843438	5.027449361723578	5.20175199143406
notion	5.078512990264067	4.986701355608849	5.146634807225635
purchase	5.167675599567181	4.8787987773702115	5.147830553389735
faithful	5.13580200605118	5.063095120508052	5.227341497736423
soldier	4.922074627107777	5.154730145107327	5.082800393956775
father	4.990423466414148	5.06182307858144	5.052433704467179
narrow	5.011130803788949	4.895638585915296	4.996489936906051
great	5.120013945613436	5.006872955403421	5.231819115307779
tear	4.912100235570596	5.0117305195933275	4.876174868054521
honorable	5.137751363979564	5.112129714048766	5.350830239492438
previous	5.102440404373272	4.970505855333537	5.19350869952135
good	5.099042271378788	4.993761283725672	5.114661236113164
domestic	5.15399923828324	4.958348922549387	5.18403013431025
glory	5.163216026253461	5.011406165256112	5.177862584449343
lay	5.000530885893612	4.905377691548428	4.950771316308121
occasion	5.0763666563506735	5.054608782318714	5.200740885007706
guard	4.9151023962144755	5.109058427015731	5.076706078939554
whole	5.072530529894123	4.95523800887194	5.139343916191767
mouth	4.978408035505237	4.881011829601047	4.8453387176137435
receive	5.146525501052827	4.982965153976194	5.214919712652236
take	5.015665585834207	4.978560384991195	5.052233396690929
simple	5.173189135782164	4.901104356901244	5.142155809717369
error	4.984865078516427	5.098033536502047	5.249887244795985
wisdom	5.108050791930131	5.079134221598641	5.266723098773063
rock	4.972345408717079	4.891985538689047	4.895070946748259
decide	5.069823093520396	5.069671383742281	5.2903450370298915
exclaim	4.917776653624553	5.061805410574022	4.895333389458832
assure	5.074749506589414	5.065317611756004	5.154824134862118
sign	5.044784230453205	4.980908351483703	5.11081330640428
preserve	5.128724240033997	4.932182033574057	5.160547199028274
commerce	5.137436047716938	4.96951584754707	5.264944137226261
plant	5.116461683235159	4.798546583944748	4.996175628518505
walk	5.131226019004101	4.860925855490029	4.9130963959601335
difference	5.089604674065381	4.953230317426253	5.197707451511544
hang	4.9577631165454035	4.891539609706574	4.823285942821904
following	5.244624781713366	4.872987499793979	5.229066728888735
employ	5.134824560496131	4.924258005292786	5.1908433588509935
