deal	5.041657620164995	4.996744041735682	5.103828113114756
study	5.273903445987134	4.898359735258834	5.2456532597746826
afford	5.1797476840112155	4.935363203975033	5.216790880702204
service	5.181757125828538	5.006593250437182	5.284314355818931
height	5.070481764893578	4.861662421137863	5.037752982576077
prospect	5.156055308425946	4.98206373499953	5.162994899120972
pleasant	5.232508466119876	4.830124044724502	4.972488774123914
shade	5.125386907065109	4.8359213075715894	4.94651731237481
listen	5.018706236122913	5.057434908177455	5.033975913139972
mighty	4.999147690380208	5.0236584034056655	5.075448860044191
country	5.119878196659444	5.006518524464505	5.267349622077629
title	5.220140501931693	4.959820271292751	5.342228709151095
choose	5.143282115771945	4.939779214838999	5.202780371871648
village	5.144302863996687	4.896191821222515	5.071115644127908
acquire	5.215051169641155	4.962745336424187	5.297474240020324
rank	5.1304621094547445	5.049229131656865	5.27086155732656
bow	5.048698567971514	4.953329017883806	4.982380869965639
doctor	5.002347344092836	4.972952450073934	5.000656620334693
talent	5.2420257738820455	5.0092420426201345	5.3204581943948615
source	5.1708679084125135	4.96431524566711	5.2520054538167456
lead	5.053873791685584	5.020577348152599	5.148887758244347
question	5.057973624715216	5.032914895889797	5.262014017352415
publish	5.2372234891916225	4.930492967512795	5.333850231337781
interest	5.149691952272417	5.028873340190135	5.29327466490254
serve	5.05475347243166	4.955190432733809	5.0917488866791665
divine	5.130008486732309	5.009187583578109	5.247012067697984
put	4.95832077171967	4.916202508530288	4.9447197301103385
shadow	5.044341616517472	4.913270712888624	4.986391678193891
practical	5.179844537169436	4.968336592388117	5.324899480559497
surface	5.064419886616558	4.793997590702355	4.95230605974014
account	5.09874872019826	4.97385643367002	5.196873507710834
loss	4.944749522557447	5.083374108559324	5.127020587917807
indian	4.9731468728069546	5.02317647415981	5.1161292189710155
vine	5.135465866286623	4.776172600352321	5.0004993550607955
certain	5.046599536819646	5.016563421399508	5.2045302688592905
sin	4.863071633778029	5.11936407387667	5.088188953265869
necessity	5.006814249437349	5.0685386318361365	5.254955624332079
lose	4.979932869773834	5.048507539998414	5.055308297182144
private	5.102644777189858	5.048999580063901	5.282692221819987
gentleman	5.1473081983760665	4.946755793471439	5.116547280485082
daughter	5.040286244444477	5.042315476331371	5.072640783804062
drive	4.840802185159179	5.083756092275766	4.9592371606202175
strange	4.957284957544222	5.036925827322292	4.964921277105073
journey	5.138777006246323	4.928086860605255	5.050508217607228
uncle	5.106852966652607	4.926343130160866	5.011016364601548
species	5.052151028382816	4.9288128694314866	5.131322107087825
think	5.029424792672072	5.018849430642506	5.066196077145704
bed	4.992364056663349	4.828249122248208	4.812856265000983
wind	4.937838823206474	4.944067462562288	4.882952594086683
bless	5.0786408276716895	4.957301365659708	5.0115475257443665
destroy	4.881697953366414	5.088013289789186	5.109581694568691
author	5.212420535166622	4.979684328254593	5.2905581386906215
sustain	5.043838209613043	5.045630328468932	5.2497935206509085
black	4.95536186205289	4.8552151177749385	4.846187203905099
event	5.08090479231744	5.07862431775406	5.267061348544039
liberty	5.074791337596202	5.104901599414563	5.316230350341952
negro	4.940355372308286	4.954677809787783	4.975816360086795
little	5.10243549907866	4.888904191407432	4.999196474896253
fortune	5.081638732433717	5.066169831855688	5.1660160878775825
touch	5.044674645150933	4.9659046235551045	5.011690369974579
kill	4.776300155712267	5.078224448072501	4.89917966357415
feature	5.102153729813554	4.939764257623857	5.089097324849014
happiness	5.119813056584193	5.064168145941394	5.2255456767655035
assume	5.076613376559555	5.019495136142675	5.205665361335588
notion	5.071547059629327	4.977600992028935	5.149740825251287
purchase	5.1645697157023145	4.872141465937106	5.152755779952184
faithful	5.130488315785295	5.055877227826724	5.233634574091416
soldier	4.9159444290900405	5.148031003058918	5.091775998446123
father	4.984182791943707	5.053673532776482	5.060017304726449
narrow	5.005062063729716	4.893063509264823	5.001308119603642
great	5.115616410050123	4.999571153233475	5.234973944110107
tear	4.904312891084289	5.0017102006854754	4.882273571978334
honorable	5.133919679782876	5.105445314838363	5.35764658436478
previous	5.100707324795023	4.962304695158329	5.196089263391081
good	5.093019535324338	4.9845380615802295	5.118796617421318
domestic	5.150505092606694	4.94990680290368	5.186687904019488
glory	5.155962349589372	5.005807244508815	5.182921770438355
lay	4.994531831502516	4.899866472536211	4.955689779929132
occasion	5.073054195917716	5.046007476572813	5.204462795946302
guard	4.9098683364908124	5.105610048862023	5.086204903392895
whole	5.069205749551465	4.9475863817997086	5.142141631613735
mouth	4.9725816668923	4.869976157593335	4.850487081808399
receive	5.144024005494518	4.974133782638465	5.219093430218617
take	5.011207754340588	4.970344350966538	5.057140436068566
simple	5.16670700115116	4.892269611282232	5.143236490688734
error	4.979648236506453	5.090648875681424	5.253952243221711
wisdom	5.101038133529561	5.0720618141669345	5.271102010809773
rock	4.964982798558669	4.887768553430723	4.899795011148824
decide	5.067502240529524	5.063746144913144	5.296575478113017
exclaim	4.9083668466632115	5.051617588332204	4.902983333276004
assure	5.069543194725189	5.057554745802051	5.160784731801908
sign	5.039630211407377	4.9724114467748635	5.115453941716536
preserve	5.124999163266967	4.923569452848902	5.1622528904642975
commerce	5.1362510770423935	4.963848864327909	5.270304896252772
plant	5.111758940585787	4.790964073933098	4.997232222296358
walk	5.123375676808304	4.854530592417712	4.918054940061788
difference	5.085609602356942	4.944648752677758	5.200177482770213
hang	4.949069921013212	4.884598380772868	4.829007532913513
following	5.244992137334047	4.862717781191882	5.2311226966521005
employ	5.13015969213698	4.915966452705425	5.193208864288539
