deal	5.027671379441963	5.009436580356751	5.098307667233292
study	5.259607446250776	4.910832939624197	5.238402265600221
afford	5.1639849909367435	4.944090092991917	5.209076092460303
service	5.169121257505726	5.014538663544735	5.277469198191417
height	5.059133704263591	4.871166112575372	5.0284908478844175
prospect	5.142406528829743	4.989915076295958	5.155991359121539
pleasant	5.2243960821952715	4.84109472461508	4.968898215593683
shade	5.118409506775657	4.845819856346451	4.940394587748681
listen	5.008171406984065	5.070022252544002	5.028089326364934
mighty	4.989783303620132	5.0345856611563535	5.069814317729042
country	5.102539896525142	5.0156274427439715	5.25888970913402
title	5.203733633285051	4.971735760699155	5.333776454452325
choose	5.128357923407669	4.9503987073920825	5.195085401340893
village	5.1357826674227995	4.905336730141444	5.066561818376048
acquire	5.199362489999494	4.973091060942057	5.288692260793176
rank	5.118965785467003	5.0571447592355545	5.262073871066295
bow	5.041632384399796	4.9636234944701965	4.974963658175619
doctor	4.990023302390167	4.9875595382879885	4.996726595446638
talent	5.229317196789645	5.019388362730759	5.3129558545441675
source	5.152023724996743	4.975246327628695	5.242868130435022
lead	5.040190055109742	5.03015268379922	5.140415313164996
question	5.0362162412866605	5.045784444578214	5.2521171875807875
publish	5.217625613992811	4.946220687716539	5.327254791758767
interest	5.131634245319839	5.039071997362691	5.284647872161816
serve	5.042001980560645	4.966345897244448	5.085910395317477
divine	5.114198372015744	5.020193057264783	5.237448369991187
put	4.945159014075834	4.930587287944492	4.939403477028133
shadow	5.0346041800585235	4.924313301087348	4.979074848764291
practical	5.158716873721998	4.980514134111419	5.314672997913627
surface	5.051032714718054	4.806403768788322	4.944373372828496
account	5.08083496432266	4.986594670472892	5.189923661032611
loss	4.931642709788492	5.091735248915419	5.121521819307874
indian	4.960431319537336	5.0343157343454426	5.108719705671359
vine	5.122907013769329	4.786868785443043	4.992867326353451
certain	5.0293901646360615	5.027714558158716	5.195711059221892
sin	4.850117294148949	5.130211975597971	5.080920975921091
necessity	4.987428315082034	5.077441785832016	5.244539475189852
lose	4.969033619241007	5.057794762072326	5.049700017757345
private	5.085978867335465	5.057739328408258	5.274378868984002
gentleman	5.1356799032027824	4.95852646698244	5.111215427792199
daughter	5.034219562662592	5.050767772294897	5.0685630221699345
drive	4.8309114904136425	5.0926882857317	4.9531687944806375
strange	4.9493267215749235	5.049396579457062	4.9614843416967735
journey	5.129239556562435	4.938638906540013	5.046287843894141
uncle	5.097180180795007	4.939677968312047	5.007620984174329
species	5.0347908898426565	4.940945309311354	5.123288683490812
think	5.016976724617342	5.03112186928889	5.061036067683924
bed	4.984622622443768	4.840268265367441	4.80939598033904
wind	4.92670943389379	4.95605468783599	4.876202324553169
bless	5.069908191865693	4.9681779105029165	5.006843097711866
destroy	4.867853036222134	5.097302679825386	5.102710398143195
author	5.195037050528815	4.993934973759213	5.283094390916649
sustain	5.0262208627042835	5.054710138144541	5.240462045701318
black	4.947715062525719	4.868896782677258	4.840453552615504
event	5.064306340202451	5.089757274866671	5.259836100456357
liberty	5.056066829225519	5.1137641807201915	5.306263176229443
negro	4.930477303379881	4.966791679916915	4.971355017962018
little	5.0922700146604045	4.900722737268705	4.994578708871646
fortune	5.072532836874065	5.073947609546605	5.161147499625688
touch	5.033446732295012	4.979061760188026	5.005174010562828
kill	4.7696975169224505	5.090957574704146	4.896107370709387
feature	5.091823231488482	4.951569010144864	5.08174003368418
happiness	5.10570975372348	5.071955308680123	5.2180205715243915
assume	5.06070243592289	5.029921521696917	5.196664797908527
notion	5.055076728375447	4.991897391946016	5.142009639288497
purchase	5.151416030671586	4.881105591754609	5.147460468723867
faithful	5.11862840607483	5.065185279699128	5.226452521855518
soldier	4.909220186663466	5.156179913605033	5.085578803231825
father	4.9760353472739505	5.06278200834283	5.055276845534759
narrow	4.992671545644252	4.902618810982843	4.992906283113838
great	5.099360787808352	5.010322732149967	5.22733616142962
tear	4.895988264599413	5.013914339478265	4.878142901413979
honorable	5.118758920047611	5.1131956413467945	5.348607359627695
previous	5.082060076301519	4.9737865721124574	5.188316083057408
good	5.080007673169008	4.995643216196817	5.113041036731828
domestic	5.133749249698567	4.959196391508824	5.17975906726452
glory	5.146996601364219	5.015406305551714	5.176606687124188
lay	4.98349930774119	4.911468090682755	4.949625426882309
occasion	5.0561063900502345	5.056972040250401	5.197119596675462
guard	4.899344439738703	5.113534146053863	5.077844136272497
whole	5.052695213410987	4.9600360409824695	5.135204976623671
mouth	4.963234623195099	4.885427344204482	4.844202458492843
receive	5.127339190707653	4.984022504592879	5.21127468841877
take	4.9969852366730905	4.982256925549097	5.050910555033912
simple	5.152440416937655	4.904620445521527	5.135919810230414
error	4.95881968036924	5.103258034710034	5.243520079270875
wisdom	5.086643195610548	5.082022103845581	5.261682896696407
rock	4.956302075213674	4.899277101230461	4.893059393668143
decide	5.047448126892837	5.0750736896311635	5.286147335285277
exclaim	4.90229961157053	5.063900506777496	4.899018199868515
assure	5.0554648024953055	5.067441344192131	5.153174967386231
sign	5.025032667206986	4.985538732086129	5.107384923504565
preserve	5.110002531142743	4.9349986900107785	5.15526645881222
commerce	5.11490202523753	4.974114267765539	5.260562626405198
plant	5.09959246235759	4.801720154530727	4.989697494817829
walk	5.117671756064114	4.864804076876138	4.91331485540287
difference	5.066925378874511	4.956222910031044	5.19108091889048
hang	4.9439898603372905	4.896504138032251	4.824354308553499
following	5.224515967797563	4.877238591723376	5.222810586799364
employ	5.114426494075461	4.927218156767674	5.18560200581052
