deal	5.039760053140939	5.015373782397147	5.110768023425325
study	5.271465526043789	4.913629184238994	5.253129135912549
afford	5.17678176737622	4.947650629615826	5.224944654373167
service	5.178595281221187	5.020199555925015	5.289651024280272
height	5.071244111916146	4.877976329317222	5.049500366568539
prospect	5.153995119968529	4.9946497340596006	5.17133566760927
pleasant	5.234512077822043	4.846104485746675	4.981696746257231
shade	5.127981123688045	4.851742052738011	4.957460254091458
listen	5.017593585735324	5.078544622948371	5.0416004155708665
mighty	4.999160546305678	5.042989452545278	5.086136519909874
country	5.1169673006146885	5.018991017751138	5.275445033447874
title	5.217099213709844	4.974702333113564	5.349395294388136
choose	5.13924218692788	4.955110453357703	5.2071861405293705
village	5.145581624334345	4.909866139725447	5.081270976337009
acquire	5.213322644261576	4.976701555191957	5.306362840936528
rank	5.127680582836221	5.064950749037179	5.278414090580534
bow	5.05007067517674	4.974132700873276	4.990678774141575
doctor	5.0000851158209105	4.992845887482205	5.005511165842071
talent	5.239690721930567	5.025409024513494	5.328692561042196
source	5.166856261319608	4.977416638645175	5.260141653028851
lead	5.051954475461973	5.036777450205566	5.157234347570867
question	5.052485777529242	5.047764961487733	5.266077601556198
publish	5.232488418877931	4.9451754630128075	5.340516363642082
interest	5.146560718343527	5.041647750241154	5.299825181810322
serve	5.052538344995356	4.972844463212768	5.098853878522318
divine	5.125866357548736	5.0254860820962834	5.253197845848604
put	4.956593375607121	4.93737034136262	4.950656074342459
shadow	5.045368086605967	4.93060337955355	4.9966040374826575
practical	5.174487710104622	4.982152083658017	5.331164044096231
surface	5.066210164829891	4.809817678606505	4.964261674426721
account	5.094961721045279	4.988847434726949	5.203990640543505
loss	4.944110012581847	5.0979081827397685	5.135428555385383
indian	4.972155579407825	5.0398111787506785	5.1260671977449
vine	5.1370456521821515	4.790412962876788	5.011211450280816
certain	5.043435735777055	5.031518074691338	5.211596867183203
sin	4.860214534799107	5.138609912992687	5.0941380753860575
necessity	5.002058194818059	5.08121996392087	5.26045136167123
lose	4.979483836524674	5.066026471142465	5.063808416691662
private	5.0990545704789385	5.061436077361718	5.287206188343322
gentleman	5.1456008057536495	4.964392709503127	5.122257741994713
daughter	5.04232860077093	5.059158672242236	5.079579681045945
drive	4.83996723625853	5.102384981185598	4.967975234508795
strange	4.958989726776205	5.057146848275246	4.974889133348111
journey	5.139462309184367	4.943974955167116	5.0611779305654805
uncle	5.107492704103528	4.945219006594611	5.016626605010045
species	5.0513076332368145	4.944143201644507	5.141312899471687
think	5.028343151221811	5.03780927663838	5.072771117144569
bed	4.9942960736108555	4.845584780445662	4.820248512953426
wind	4.9381401424122044	4.96288160446609	4.8930850091064215
bless	5.078727201229993	4.976077835360608	5.017297543414511
destroy	4.879594232402262	5.104325900738994	5.118925072619283
author	5.208202865632735	4.996607959250616	5.29844779129824
sustain	5.040216822372934	5.059270634167888	5.25748174363947
black	4.95563668577955	4.876754544322149	4.855322410389377
event	5.077990282250524	5.091306341709557	5.275402839977975
liberty	5.069094015569197	5.117946545366147	5.321112952495696
negro	4.940736205339608	4.973595273292073	4.984999856347475
little	5.103280007391876	4.906868750219489	5.007894326265262
fortune	5.08229719168582	5.082313650387282	5.174896918577188
touch	5.0446149995133025	4.985952199614564	5.020423915306247
kill	4.777434324400246	5.101132304651781	4.908537576260071
feature	5.103630273263144	4.956616012699434	5.100195809849052
happiness	5.117691094272326	5.077211775319582	5.2315297337243765
assume	5.073270394178853	5.034761732797551	5.213136038033552
notion	5.068742591612885	4.996441013336869	5.1560913793507135
purchase	5.165567061476905	4.885208136416978	5.160398209366181
faithful	5.128524948948898	5.07232248580495	5.240316828984448
soldier	4.915051272037585	5.168167377860776	5.100152584763816
father	4.985066593490749	5.070825497989484	5.066697351847663
narrow	5.006028872255695	4.908344569900384	5.0121741619133475
great	5.112135711853012	5.014754257149581	5.243270658558231
tear	4.905051868626575	5.021671540114162	4.889653106247224
honorable	5.129605177481564	5.119867476948015	5.362818528579394
previous	5.095930625973824	4.974236629837404	5.202537066146867
good	5.09093037307165	5.002325452113277	5.124992203089644
domestic	5.148039479750443	4.9617658111405065	5.193212207798903
glory	5.154832573643224	5.023727074672316	5.192595680254355
lay	4.994947405743258	4.917624537837529	4.964927499401493
occasion	5.0682269453941675	5.060682454755762	5.210776949567254
guard	4.907897543179782	5.123045821134128	5.093060306426193
whole	5.066179408112393	4.963436941203338	5.150494917330973
mouth	4.974027996827476	4.892684731554589	4.860204351462402
receive	5.140535412670812	4.987611952613692	5.224925259091388
take	5.008570109900863	4.987193912735575	5.062900223479096
simple	5.165664931158192	4.90904042498822	5.1521296974651
error	4.974376644327713	5.1065781635971685	5.26039564126278
wisdom	5.097286546154003	5.0898139887948775	5.278493306203362
rock	4.967736528534339	4.906511973075699	4.912239768819281
decide	5.062037158616513	5.078124126133107	5.301000189325068
exclaim	4.909776053995593	5.074711814644455	4.910258084376279
assure	5.0673596535601275	5.074853713948922	5.167439556536426
sign	5.037341389470691	4.990204546217621	5.121988514894576
preserve	5.121931510919062	4.938731186986539	5.170838766783959
commerce	5.133138858845137	4.975096077539787	5.2775803908107655
plant	5.112732350518672	4.806247764978085	5.008253256869815
walk	5.12559565391554	4.8725545765620915	4.926190280535328
difference	5.082746230372283	4.958771682911489	5.206625851826919
hang	4.951879409752587	4.905723002829622	4.838176370633287
following	5.238785450927815	4.876489034815743	5.236839915041326
employ	5.128443806316119	4.931029554485171	5.201659527542232
