deal	5.039423699610086	5.001653782926693	5.101901529340854
study	5.273440929270783	4.900896111913851	5.245552582614573
afford	5.174712703309449	4.9337504217950325	5.213077657685072
service	5.1757051786914925	5.008516711189163	5.278941880675192
height	5.06427035640803	4.862220169473806	5.034779626156138
prospect	5.1505761443103335	4.9819141976983845	5.159747802210374
pleasant	5.231492873012055	4.834578199856289	4.974192414463397
shade	5.121637539855236	4.839493186080619	4.94675649536821
listen	5.0132456277613615	5.06492444961447	5.029380060672911
mighty	4.994821004427901	5.026707526081065	5.073111245495557
country	5.115215816570105	5.005900630311637	5.263636371904052
title	5.213081423041407	4.964005708404413	5.336658150271661
choose	5.136977613390916	4.9434899216504125	5.197514483567166
village	5.140325917905112	4.896796512184188	5.069954178995199
acquire	5.213235095710656	4.9629743118843255	5.295443538271406
rank	5.125180212107567	5.049412401409892	5.2665296192434425
bow	5.04246163049301	4.959875553547214	4.977704051718222
doctor	5.000087683939771	4.980681943358647	4.9985648247861265
talent	5.240654882734607	5.010675179246446	5.319162818496486
source	5.165802894953325	4.965090314616524	5.248620168537955
lead	5.0488613328942	5.020889577680208	5.143987834114733
question	5.052627730665311	5.0362245604095035	5.25607664204695
publish	5.230445443472086	4.935956653133227	5.329841793307517
interest	5.145497506466137	5.029970562999447	5.288635487240977
serve	5.049404933117844	4.958541771692307	5.0884478941237425
divine	5.124624366251457	5.01293963756339	5.242856626191481
put	4.95327023322242	4.92388817277572	4.942460748462069
shadow	5.039075164668958	4.9177561982817695	4.984571317084855
practical	5.177091007149109	4.968852391322096	5.322499094433266
surface	5.0605332225930395	4.797014798978143	4.953339581349081
account	5.093292545017077	4.9771604233673665	5.193252610425548
loss	4.938895160774608	5.085743798593689	5.12099903191287
indian	4.966261468514314	5.026429860509835	5.112683205193294
vine	5.132139951016153	4.779080643783889	5.00133917480135
certain	5.042043801822494	5.018505962785831	5.200913152629526
sin	4.857067302783845	5.124493578125769	5.0811301093589005
necessity	5.00064808430397	5.067319421527133	5.248137627845098
lose	4.974989411945814	5.052169300147017	5.051138279550091
private	5.096797448570795	5.049008128837498	5.275268732188455
gentleman	5.143605354431232	4.951347694229749	5.113155965995512
daughter	5.034753189796223	5.047756807768175	5.0656111693944945
drive	4.8335984214996435	5.086113784088563	4.9534274600558446
strange	4.953762423661232	5.044290463998419	4.963496549607755
journey	5.1334472432418226	4.931327366388562	5.048230094775326
uncle	5.104331054958685	4.935816653238598	5.008062520436137
species	5.047138537670414	4.931932706873948	5.129468434306025
think	5.026365833956618	5.02549850172782	5.063241894988436
bed	4.9874379935043285	4.833859001694029	4.810903394043999
wind	4.9315810525184895	4.949247326247346	4.881565916780402
bless	5.073515575608234	4.965604462807322	5.00725396061068
destroy	4.874277948853917	5.089104361020463	5.104116679282169
author	5.207666635953729	4.98447998555595	5.287896961906924
sustain	5.036982264617172	5.045493159956335	5.24363672442208
black	4.948144397531189	4.863875979447784	4.845296780106474
event	5.075722519550978	5.079341901355882	5.262850317419652
liberty	5.067630707924625	5.104373447853935	5.308648853446547
negro	4.936431288057901	4.958885757970115	4.973756742864979
little	5.100622632049192	4.893275024971675	4.998720749254453
fortune	5.077708204491463	5.067784341671123	5.161320118127764
touch	5.040230895104997	4.973196204591302	5.008873698194556
kill	4.770948419969082	5.086208761387707	4.89504188308542
feature	5.098452202789309	4.944724590856056	5.088335578788657
happiness	5.115829218348765	5.064653465052329	5.22042145592659
assume	5.070633563283461	5.022405291461858	5.202092847393366
notion	5.071175403475039	4.982449859842809	5.149450787909937
purchase	5.158917723048991	4.8749680360952965	5.14770432903415
faithful	5.124784233484282	5.059808265686072	5.227563354456268
soldier	4.908853171500291	5.151384059819294	5.085886109272303
father	4.9787073510519475	5.059319419848946	5.053009099780675
narrow	4.999761793208498	4.891915845471674	4.997840891617352
great	5.110773795943253	5.0005143779697825	5.2317454956035165
tear	4.897997937102801	5.0108444605413975	4.8778592455791845
honorable	5.1273321646682	5.106388984990536	5.349531360198024
previous	5.093566653687338	4.963874398923291	5.191650616025298
good	5.090499363047823	4.9888590374931	5.1163480064346505
domestic	5.147245560478892	4.950293135191515	5.184667126052357
glory	5.151462735859909	5.009950381025549	5.181541191363726
lay	4.987802056959589	4.903746702311874	4.951906822609464
occasion	5.067275986234637	5.0473426575828615	5.200164670237711
guard	4.9004988914963645	5.10715532828668	5.077793331103331
whole	5.06336078989981	4.949829399447194	5.139818464199438
mouth	4.967075158013016	4.879907287942765	4.849913079556171
receive	5.136524845162557	4.977251837176393	5.212836361732229
take	5.0055287712472785	4.974933533688758	5.0528039100873245
simple	5.16406339935035	4.895842087872741	5.142764546691306
error	4.974089421003567	5.092971789473688	5.247581284266368
wisdom	5.097232503239146	5.074464514964821	5.267201742810405
rock	4.958295820775967	4.891267652532856	4.897227275039102
decide	5.061484526470959	5.065479404099101	5.289815284525013
exclaim	4.90352894218099	5.0607439077107035	4.898168359256381
assure	5.063860980989039	5.061462362525916	5.154600908674066
sign	5.033407114171606	4.978825238975674	5.111243701702179
preserve	5.119246259506161	4.925725260806143	5.159999359749562
commerce	5.1301725023825115	4.963846515974863	5.266815057857325
plant	5.108425770684537	4.793094217437829	4.997657021304592
walk	5.120990921044624	4.858605783675115	4.916876317430761
difference	5.083487828479631	4.946773216133513	5.198140216279038
hang	4.943516006054537	4.8922490668484135	4.826860347309222
following	5.236702572409193	4.868850622587051	5.227770803367617
employ	5.1264936332415605	4.917617081715729	5.191574901368392
