deal	5.044289902477725	5.01132616849396	5.104658433964816
study	5.2738864994323995	4.910094101325906	5.244281712803813
afford	5.178015883049003	4.946731534847883	5.216005452300808
service	5.181446915246478	5.019693473066277	5.283682175076896
height	5.07290360928719	4.872676412335816	5.043490997292663
prospect	5.15684519717439	4.99579808521526	5.16620514105217
pleasant	5.237676996452731	4.8452404024339755	4.977318268994857
shade	5.130128005777437	4.850277960407562	4.953297726245778
listen	5.0222897461738585	5.077242579298607	5.037464291921764
mighty	5.004739337939463	5.039581228344138	5.083164560673624
country	5.118214701503743	5.019861653350656	5.268621303778326
title	5.219086117309759	4.97133365419842	5.340224627636009
choose	5.140617387922347	4.952331707503362	5.201601743360243
village	5.147202861117981	4.908663531506818	5.073894342932595
acquire	5.214332428472674	4.97419731459045	5.297308565021862
rank	5.1315767622160235	5.062491596216672	5.2732273554761475
bow	5.055369865600338	4.968269035045446	4.987726087513385
doctor	5.005200225665197	4.9877308532914775	4.999237189148347
talent	5.243073483083967	5.022092880986285	5.320763936269939
source	5.168720058958564	4.977627853214215	5.251887718749961
lead	5.053315238722454	5.035696691162842	5.150531575127423
question	5.055204450585194	5.045971302721907	5.259212797394118
publish	5.233924409685059	4.942648551295891	5.330054820360437
interest	5.148384573836588	5.042809277213509	5.29287198402766
serve	5.054389024671824	4.969766467201948	5.093391565244869
divine	5.130075300654784	5.024410391250102	5.248837738738336
put	4.95983920697553	4.9301383764004	4.945041240320661
shadow	5.048469772506433	4.927978475183554	4.99279342163167
practical	5.1771981371925735	4.979453197967899	5.322467938476741
surface	5.06754903069016	4.805101659805424	4.958368463160714
account	5.096174351409163	4.987413748693412	5.194687571908407
loss	4.943741328448072	5.100063007684658	5.128726346287434
indian	4.973034943699738	5.038545807927179	5.118468578477415
vine	5.135715985247549	4.7874130132496004	5.004483588300537
certain	5.044583289026701	5.030796139419339	5.204478237831001
sin	4.863287928698286	5.138645558222502	5.09082179954303
necessity	5.0030800839464655	5.081831334672011	5.253437113466658
lose	4.98116167304136	5.065259486548468	5.058950839210922
private	5.1012039012917985	5.062181895976053	5.28020899315353
gentleman	5.15051630692399	4.9593160282137525	5.115149669426205
daughter	5.042148098463689	5.059887253986012	5.0743209077229725
drive	4.842154597543271	5.101253900434375	4.963236395912137
strange	4.9613527313990895	5.056872289557338	4.970401865558573
journey	5.14104497960666	4.942787462947414	5.052977679161557
uncle	5.110766530087146	4.941092466348324	5.009936171499488
species	5.050774412920079	4.942676973506438	5.132328044085942
think	5.03123994399657	5.036061961921522	5.068035617323802
bed	4.996912056462222	4.841449875354268	4.815614127761591
wind	4.941524647560938	4.960528220642661	4.88979094708609
bless	5.08263052981551	4.975032675901283	5.015332471504798
destroy	4.878960127323726	5.105573086097851	5.113106729773763
author	5.210440826731688	4.994223707076486	5.288929571164882
sustain	5.041383105035972	5.059670982390088	5.251544119158313
black	4.959441370800707	4.869271001210009	4.8498718885069625
event	5.078861487716616	5.094547336525231	5.268975747271823
liberty	5.072303897997889	5.120200326189555	5.317310636186137
negro	4.943734105712615	4.967841233190662	4.976055589816231
little	5.105840137412368	4.902853018578941	5.00161145052319
fortune	5.083705410354066	5.081831246679548	5.168697344285404
touch	5.048388136179127	4.983248696024054	5.016241100951265
kill	4.777066928499286	5.0982707225416055	4.902571680084725
feature	5.106329966465385	4.954667140270402	5.095235254172572
happiness	5.119175329131818	5.0804504057435045	5.227341328765087
assume	5.076009276052328	5.033506346494962	5.207146202510231
notion	5.073323111724035	4.990260816257909	5.14912958247725
purchase	5.1646798151605005	4.882525250049332	5.150224043927724
faithful	5.13112584855005	5.072616215597553	5.235066753001194
soldier	4.91870843485062	5.166959927090948	5.096691297767988
father	4.986797463135059	5.071331453368326	5.062475071791947
narrow	5.008091469959063	4.90416978926709	5.005728522788145
great	5.114885994048499	5.0133464955509215	5.236866856308229
tear	4.9076076002269415	5.022115037709096	4.888115684607181
honorable	5.132537158872873	5.119677483890487	5.356457124968135
previous	5.096743848903456	4.974899075657624	5.1946731073066745
good	5.094677656699978	4.999712046599097	5.1196772292032975
domestic	5.148995162964872	4.96386685978547	5.186914580321895
glory	5.159756625273793	5.02208900878506	5.190162460542029
lay	4.997432303664872	4.913466730117048	4.960159556959483
occasion	5.071283835425346	5.061451866838417	5.204219801596975
guard	4.909325602052302	5.122254125303383	5.087807788185063
whole	5.068796261856196	4.961172680588551	5.145062526121474
mouth	4.979960924651439	4.884276861578922	4.855363534384987
receive	5.141199479779098	4.98805428269538	5.21725655971587
take	5.01059879246152	4.984559709336752	5.0564191312836115
simple	5.167787208488511	4.905659443988287	5.14529494543059
error	4.975546929947767	5.106336991250411	5.252736108798778
wisdom	5.101477392593176	5.087959733430221	5.273542640757895
rock	4.9703107120714165	4.901387624716405	4.907013346663006
decide	5.064206504244936	5.076688045185085	5.294160363167988
exclaim	4.915325465228236	5.070080373921784	4.906652407692747
assure	5.069999266378381	5.073692169434466	5.161288577570506
sign	5.040943842115577	4.986353827826285	5.116322367418841
preserve	5.123082952155598	4.937542615739217	5.165008566254793
commerce	5.133785621419364	4.975240285262486	5.2698064566242335
plant	5.1121507427918536	4.802929062066049	5.00153093909466
walk	5.130091261795925	4.867290937856848	4.9208729585443125
difference	5.084244279631914	4.956812652368209	5.19945949439073
hang	4.954962127378931	4.899355882496278	4.834030196320705
following	5.240795766525081	4.874955780700977	5.22818502046882
employ	5.129394439124885	4.926759473845032	5.191802099899863
