deal	5.043116299386724	5.003462712441139	5.104581039310423
study	5.271756176971956	4.9043247432242385	5.242650124840214
afford	5.176434536370626	4.937699131672483	5.213968774629401
service	5.180609707810684	5.010278900998607	5.282531413744279
height	5.065627591932565	4.867446813458568	5.03809048373745
prospect	5.152902821635701	4.986205211813688	5.161930217700676
pleasant	5.232316373263254	4.839806863028094	4.972721193835716
shade	5.123286628284795	4.844596989886932	4.946663846516356
listen	5.01957060744482	5.066731963117471	5.033831100818247
mighty	4.9992664299428045	5.029328139160624	5.076710553479008
country	5.116167692733811	5.00901318283595	5.265373270996798
title	5.219091621628661	4.9664984058229	5.3401338224679575
choose	5.14010766294892	4.945114120097089	5.201689772291777
village	5.143729449385681	4.903332608267811	5.072323274763904
acquire	5.211977732888701	4.965750291179117	5.293986354052504
rank	5.129930385082858	5.053280722947652	5.270071280976339
bow	5.049708773574672	4.961388973554094	4.982617828465244
doctor	5.004802870269478	4.983094434441432	5.002238046407047
talent	5.241521922431612	5.014049571902265	5.318864650775623
source	5.166298365631747	4.967002914307734	5.2475025042646015
lead	5.052066830537306	5.024569918938454	5.1470718304395895
question	5.054244320166794	5.038336281126219	5.260994292216606
publish	5.232689136223297	4.9392050853643275	5.332737756135769
interest	5.146829832701413	5.031353722754455	5.290113561063208
serve	5.052866467147887	4.96184712832951	5.092024605713928
divine	5.127616644145668	5.012180940449594	5.243125460530773
put	4.9569449299447355	4.9258400115778675	4.9469859217700884
shadow	5.041977767908259	4.921497694518532	4.987250958758231
practical	5.174408921784416	4.971243274133949	5.321678297319004
surface	5.057918272489255	4.801760846134723	4.9533911072098515
account	5.096367523445134	4.980344160626462	5.196372709965186
loss	4.943851028143718	5.0864738683166975	5.126073229585577
indian	4.970302792843955	5.031814029116522	5.1182701689299765
vine	5.129483272827894	4.783014237422615	5.000331588217761
certain	5.04382667189106	5.020863232115644	5.203332246330042
sin	4.864372056804833	5.122336526059739	5.085802778063394
necessity	5.002683922876871	5.0693207384988135	5.252376779797508
lose	4.9801906833260325	5.052749502600036	5.0546844620119
private	5.101950697690399	5.05081559323188	5.279588432946547
gentleman	5.149365262496146	4.956907523989225	5.118169448406556
daughter	5.045723102741532	5.04973739704129	5.071877473633445
drive	4.840886411994548	5.089252580872834	4.960362588913592
strange	4.960067580513433	5.047577085090741	4.967284267576402
journey	5.137249219056545	4.937065870553348	5.050857735991163
uncle	5.112461929368602	4.936908553037367	5.011932792661619
species	5.047385915522043	4.933295995609524	5.129439294233512
think	5.031777303692524	5.0268151417890214	5.067423535572438
bed	4.992046786536877	4.836984513133502	4.813505970383966
wind	4.93376382348754	4.952613529231234	4.884304688925778
bless	5.081068459615926	4.96367227002474	5.009270258454929
destroy	4.879429218896304	5.090626305604796	5.109086364700414
author	5.209984079979119	4.9874263655701165	5.288490173361176
sustain	5.038519375664538	5.046913717911184	5.247623061003282
black	4.953682673871136	4.868927402893144	4.850243693107947
event	5.077149183470931	5.084112601197926	5.2667726684041325
liberty	5.071031645797076	5.105997767542055	5.313437786391708
negro	4.941903100572796	4.96265862372892	4.977969176397765
little	5.103131081819543	4.897202307418924	4.9999809656496605
fortune	5.084714061803812	5.070540986623054	5.164733849609622
touch	5.044260236836397	4.97505622780018	5.011775230188353
kill	4.779128584234397	5.0891116702442485	4.903042551220374
feature	5.100641398978852	4.950227854909393	5.091525941411681
happiness	5.1199694795970485	5.065342764797596	5.221854824728975
assume	5.072737908120935	5.025950336725024	5.206113365561188
notion	5.072995679131696	4.984917101064108	5.1514814126479935
purchase	5.164388925784181	4.875625522299668	5.149728159689855
faithful	5.131162605006644	5.0601322596757194	5.2308540775653585
soldier	4.917445262713324	5.155753010045982	5.094422525202273
father	4.9881528376066155	5.06019980772357	5.059156585251371
narrow	5.00176586211444	4.897460366457244	5.001114124545854
great	5.111952802839854	5.004021546826561	5.233948471546112
tear	4.904413080999443	5.010752750997175	4.881894454112165
honorable	5.133635235237585	5.108318632731177	5.355020323132465
previous	5.094024242738399	4.968294051474602	5.195641577556137
good	5.0943453492809505	4.990871826615723	5.118524541984116
domestic	5.147472783285906	4.952770117715234	5.184277035411842
glory	5.155063378114502	5.011765040557486	5.182381078156295
lay	4.991511367960025	4.906918168271183	4.956082215145691
occasion	5.069228254549915	5.051985461937304	5.204335628054263
guard	4.909492618683177	5.109965722039848	5.086172014032112
whole	5.0640208474259705	4.953903381320033	5.142746501936614
mouth	4.971205770092656	4.884465063107182	4.854042839972268
receive	5.140985752514446	4.978623136518289	5.216506675840533
take	5.009858288617656	4.9774049126992175	5.057481077266384
simple	5.164552653980555	4.898532092197216	5.142248276890409
error	4.9762887043234665	5.093806609255793	5.251194044441709
wisdom	5.099933244755048	5.075450479076829	5.268338160143336
rock	4.961862232802932	4.895983773099668	4.901372648392629
decide	5.063303291123198	5.068266443096155	5.295596260776161
exclaim	4.913568867093954	5.062684778168496	4.9050546764970475
assure	5.070108104349839	5.063588017495097	5.160496177487848
sign	5.037903957223992	4.980793550737683	5.115963693354211
preserve	5.120197978840618	4.9292275030805675	5.161564387592076
commerce	5.129344239483568	4.966594835038477	5.267784192165966
plant	5.106443874394667	4.797442252843835	4.996730474099429
walk	5.125334571128755	4.863204008583157	4.918246101699878
difference	5.082763731226365	4.949606548347451	5.199525120141574
hang	4.9504367271787695	4.894875215693238	4.8311596108105945
following	5.237428647625747	4.87185908592358	5.2295821938099945
employ	5.126530796842754	4.9196466396458485	5.191301014982491
