deal	5.046562864858042	5.00475457314439	5.111305855224854
study	5.274700691308144	4.905868634265045	5.248899817813647
afford	5.177852300439679	4.942062150749269	5.219328967396583
service	5.1825341257875	5.012056427628622	5.286705075470649
height	5.071372574494745	4.872869613823023	5.041889791147472
prospect	5.154714569035624	4.988628132407127	5.166312690001466
pleasant	5.234933408232349	4.838565593205038	4.977346284145962
shade	5.12921042221105	4.845877039182966	4.951159084792693
listen	5.021510659391284	5.066292676026982	5.038072535761437
mighty	5.004401371597937	5.031990541983658	5.082663360465651
country	5.118627579310808	5.013902895721853	5.2718505422711175
title	5.220642770829483	4.968236072816417	5.3456880490761085
choose	5.140850701620206	4.948308326553615	5.204704502526525
village	5.147215923361603	4.902060460253877	5.074341817844423
acquire	5.214714363214757	4.971000852772714	5.302146127223168
rank	5.134234150826236	5.055417629922081	5.274944529801391
bow	5.0552748588084215	4.961528075096024	4.987040127131268
doctor	5.00843122736128	4.9813544282108	5.007353092543916
talent	5.244303057916204	5.017190558920029	5.325703356477274
source	5.167463610521781	4.972701767979424	5.255530837315143
lead	5.0541195590938734	5.026534447524015	5.151197050761281
question	5.055022866761162	5.042207340843619	5.265534481675152
publish	5.234348642865198	4.940472401603748	5.337217375631506
interest	5.14737649024495	5.0367445298989715	5.29672198754147
serve	5.057208095844569	4.963465629805554	5.0969705920671835
divine	5.129307332784673	5.01724663089149	5.250179922643214
put	4.962323417467815	4.92641846512086	4.95153390043854
shadow	5.047729861010737	4.922815472046966	4.990750206715236
practical	5.177154112502634	4.9771527202606345	5.329013042918742
surface	5.065238979099005	4.807163703065578	4.95870106708882
account	5.098164169460931	4.982783286986764	5.2014637696224035
loss	4.946231202416185	5.091490227916033	5.132766659635182
indian	4.976510435430346	5.031708430686594	5.121625433470655
vine	5.134321989469897	4.788312085823139	5.005044497597002
certain	5.045418673952737	5.0256665879891695	5.2085549485638385
sin	4.8675402468756666	5.12605023384059	5.093707063523601
necessity	5.004067255022589	5.075985065677891	5.257940428475528
lose	4.983023046897148	5.05525218142645	5.060262157348866
private	5.101805797350819	5.0542897391738935	5.284333869295759
gentleman	5.1530154018704435	4.95388664248936	5.121692999209578
daughter	5.046691394661847	5.04736597082093	5.076441876835648
drive	4.845562006146224	5.089519807214592	4.9641941051804785
strange	4.963017442410285	5.045816630292222	4.971012424201339
journey	5.14062100260584	4.934196097273896	5.053524249236851
uncle	5.111898708062351	4.933859303764809	5.016556530813563
species	5.050213773018272	4.940740848215787	5.136788931038863
think	5.032926552757232	5.027036512736666	5.071990143671236
bed	4.998029969301254	4.836205964765091	4.817448925778243
wind	4.9398280785311135	4.95453989148715	4.888164879967547
bless	5.082526699614659	4.964102464316202	5.016394373150766
destroy	4.883435274823059	5.096355658288908	5.115697197607488
author	5.212596236848674	4.988375788864847	5.294803705321018
sustain	5.04152720193868	5.054564297086045	5.253966094628183
black	4.9640605590803935	4.866318244662258	4.852911276928188
event	5.078634885535499	5.087358139734922	5.270981489739785
liberty	5.0731322674517925	5.111063923287949	5.319891309088119
negro	4.948750596935235	4.960863325624522	4.98271473028785
little	5.1070624924687635	4.897468513812753	5.005327310715358
fortune	5.086961401067425	5.070791633058115	5.171153517128719
touch	5.047360119390597	4.97690864920695	5.017282749294499
kill	4.784928233098892	5.086399838740272	4.906404336271757
feature	5.105539518869271	4.952202818970964	5.094802356244031
happiness	5.1187890373164935	5.069555779660861	5.22830433574102
assume	5.076770356669189	5.029921963157473	5.210626975780079
notion	5.076211972846628	4.986196383821716	5.157074067537731
purchase	5.1655938374989345	4.878260151829337	5.156067999287051
faithful	5.132448494909101	5.060917193976265	5.236323236226487
soldier	4.922634331746432	5.1534703181193136	5.096070732814963
father	4.990025759766797	5.059549996293912	5.064955011774522
narrow	5.0077120674302105	4.90115570937812	5.005539872794871
great	5.115165085036985	5.0086695248874635	5.240330151647267
tear	4.908830797515909	5.011663330327081	4.888579845213339
honorable	5.135024683848655	5.110728407935751	5.360411973847885
previous	5.096967418739465	4.971686166754378	5.199030983214998
good	5.097313160399432	4.991601022550585	5.125396418008691
domestic	5.149255766699043	4.957634360012593	5.191479447634081
glory	5.159222313379715	5.013801763508825	5.188464433060707
lay	4.998565687937962	4.908842848239272	4.961223506593859
occasion	5.072190201203744	5.054458931105926	5.208800706694636
guard	4.91352244327707	5.109693813543812	5.0877793781513025
whole	5.068171185439448	4.95850428829715	5.147583673487803
mouth	4.979464506481886	4.88276779094167	4.8576652872795805
receive	5.14071388845754	4.982445438856729	5.221425968440657
take	5.0127215333446475	4.978164204852581	5.061438867047797
simple	5.1673571114699515	4.902646524497135	5.148162352684169
error	4.978422577044652	5.099988818470722	5.2585705657527395
wisdom	5.102650443378899	5.079939368945309	5.275868114218648
rock	4.969466713584091	4.897652280209618	4.905020244248311
decide	5.064164385104348	5.072400702678328	5.2988783035549485
exclaim	4.917242175023821	5.059064135390427	4.908896027372774
assure	5.07079043829884	5.064387992257952	5.164272796006978
sign	5.040454479649434	4.982412949068579	5.119113425964931
preserve	5.124661354777645	4.934158403824073	5.1679976012663085
commerce	5.132010849671531	4.972525726325928	5.274142227290803
plant	5.112082786236938	4.802507151395023	5.002582703134939
walk	5.129362855361404	4.860634968604543	4.921244255809463
difference	5.085073192687957	4.955280522419193	5.206020443209583
hang	4.957871798118801	4.8939303412443165	4.834602208808922
following	5.238265371607172	4.8738722991901335	5.232922805415129
employ	5.1300238475510085	4.92431714898078	5.196989945651083
