deal	5.041719876628681	5.0074234325590545	5.106818265926128
study	5.271169931877455	4.908990922237008	5.249591013825376
afford	5.175864063289607	4.943849927838619	5.219998391863233
service	5.180216589508915	5.016488853437515	5.288386370808739
height	5.073353529138803	4.871790368691777	5.041458272176641
prospect	5.154337321653325	4.988242269607469	5.1657167862745705
pleasant	5.230663638641887	4.83881571196665	4.972842400227401
shade	5.126525555814922	4.845831699870356	4.94959690647685
listen	5.019373848404477	5.068395237373434	5.0358057119455015
mighty	5.005322423736012	5.032600150383921	5.081414549045671
country	5.117608522810485	5.015058629911872	5.272002281891093
title	5.218723221262928	4.9712843216809235	5.348037287797449
choose	5.141370574949409	4.951029543406067	5.2058989346003814
village	5.145240733193232	4.902969667742528	5.071668277650073
acquire	5.2129354261235585	4.973048113987263	5.302993261752974
rank	5.131502041314321	5.0598366756659745	5.2773552332850056
bow	5.053345191340415	4.9643995018941585	4.985163237229388
doctor	5.001931315630143	4.985053656826932	5.001566025141201
talent	5.240893097555644	5.020790174066906	5.3268121687996395
source	5.166742939006765	4.972456794713736	5.25616421451576
lead	5.053010842899328	5.029323724595946	5.151693041593134
question	5.055409209755667	5.043241289332034	5.266023269774276
publish	5.233073242002478	4.942422224336092	5.336771556266762
interest	5.14640444871164	5.0378479500194695	5.2978030479325815
serve	5.053063200573651	4.967549239931594	5.095448504492155
divine	5.1297403615663395	5.0193164797702385	5.254661333631267
put	4.95910819342658	4.929431886736016	4.946082967534505
shadow	5.047564765300616	4.922298410840242	4.990347811500053
practical	5.176354132644714	4.978139410414096	5.32984441059759
surface	5.065425618233818	4.804262205786945	4.955161883883852
account	5.094717708920909	4.984236756967165	5.198747636528379
loss	4.9438792777702565	5.093135273635067	5.13029701217017
indian	4.974690029693886	5.032769742862353	5.118065712881048
vine	5.133726843022801	4.787186618209938	5.002032195775947
certain	5.044289263108042	5.027253536055556	5.2092401316311046
sin	4.864853627860617	5.129638822371653	5.093879758372273
necessity	5.004559083794007	5.077594748451729	5.259689003914244
lose	4.980946933346354	5.057479504599497	5.058442462612863
private	5.100135939882181	5.05817826207133	5.286431679950122
gentleman	5.145710761007564	4.958519966260579	5.118076807780633
daughter	5.040777728587962	5.052782080732407	5.07593433548803
drive	4.844253466225785	5.091316953880347	4.959970889931883
strange	4.958872245846896	5.047694129443097	4.968029288182982
journey	5.138680551701895	4.934966959619813	5.049057117500623
uncle	5.105846554338604	4.936544792959098	5.009574737921334
species	5.049664562530203	4.940195879367979	5.134301734599506
think	5.02876319164714	5.029644029644021	5.068947095615981
bed	4.99468871078621	4.837842319346692	4.812963332770699
wind	4.94056014661313	4.952308879616649	4.882959897035224
bless	5.079540056491029	4.966519016339349	5.01375314940956
destroy	4.881827170319362	5.0990226501556135	5.11507064711798
author	5.208819417750255	4.991597078889025	5.295152592211459
sustain	5.042555729184252	5.056261272780744	5.256337045632508
black	4.958334696756112	4.868490137706154	4.847566402044921
event	5.078522777022003	5.088064438887763	5.271972253286407
liberty	5.073511710243572	5.113859168371152	5.322219173645677
negro	4.943668919332571	4.963465448808421	4.976206614724521
little	5.101977464913419	4.899788558094811	5.00112381603294
fortune	5.082232534826459	5.075322177980702	5.170285997540416
touch	5.044524230910444	4.978603376183849	5.015208665882532
kill	4.780842200634103	5.0899685924826725	4.899661551969403
feature	5.103100426890717	4.95268021367856	5.096184246105326
happiness	5.1170371832846016	5.072001679290419	5.230935468257614
assume	5.075462720646775	5.0313041014413145	5.212122816236204
notion	5.071936674200393	4.988044805526109	5.1535842679054635
purchase	5.163220788478315	4.880610041183746	5.1541953394645414
faithful	5.129919211281731	5.065619810084921	5.238365920336537
soldier	4.920510221439751	5.15861528818015	5.094549498583716
father	4.9855492209481875	5.06378955854352	5.063338945565958
narrow	5.007762894884579	4.901049837963215	5.004829749627936
great	5.114023435657904	5.0102055589198935	5.240478996290259
tear	4.905267149083954	5.013309795957426	4.883936426293128
honorable	5.132131411025543	5.115836403877473	5.363319502186067
previous	5.096427918488508	4.9723513623438675	5.198550956701714
good	5.091283879752144	4.995118589936649	5.121620161586587
domestic	5.145356710462257	4.959306488976776	5.190734286737188
glory	5.159431130724969	5.01533179006664	5.189855517599447
lay	4.99754328099045	4.9104183248811495	4.959061718672533
occasion	5.069568432597042	5.056388427690334	5.207534607189014
guard	4.912778328698773	5.1138361851367735	5.087721080698596
whole	5.067858606646787	4.958924741479002	5.147112081469204
mouth	4.976398943645702	4.882486508082254	4.85024661152051
receive	5.1390357975527365	4.985005588009245	5.221296896261565
take	5.0098813854047615	4.9809939338088345	5.058301732571964
simple	5.165289041118365	4.904476075040797	5.149359157432833
error	4.976849168309513	5.101803530374966	5.259165127111785
wisdom	5.101341430892934	5.083009482728577	5.278567376839648
rock	4.970967055393182	4.895860942756613	4.901044849623912
decide	5.065829731345917	5.073818868820124	5.300943245188962
exclaim	4.912606552575333	5.062525761696646	4.903461650275128
assure	5.067937043547232	5.067212812683512	5.1625530898022305
sign	5.040084497910384	4.984275671126082	5.118626107668948
preserve	5.121666476639856	4.936427317172549	5.168277809654211
commerce	5.132866744927634	4.971034514329322	5.2728792001897276
plant	5.110389112822826	4.802441573138025	4.999825072027178
walk	5.1261511779619875	4.862935748730786	4.918117290567399
difference	5.0822941593540625	4.955630510833037	5.204360203064107
hang	4.954556051495014	4.896253547122415	4.831335462250353
following	5.237892174955523	4.874233601066815	5.231842505469487
employ	5.1285986465263695	4.926553952187416	5.196304326970637
