deal	5.048085941036207	5.005003686240261	5.109645524982474
study	5.279661285590968	4.906525322987762	5.250811804528816
afford	5.183715131126417	4.941754211991799	5.222203589690183
service	5.1844256542809335	5.010885823879906	5.287224093952874
height	5.075548377281369	4.86960828143162	5.044774637030915
prospect	5.155449729999589	4.988361678360411	5.166787065564229
pleasant	5.234117884314605	4.840521520846878	4.977878216633581
shade	5.128318607162308	4.845037074485545	4.9520898453487865
listen	5.019979692543799	5.0677902718296	5.0367750711203225
mighty	5.005399112605392	5.031335587619237	5.083549611493564
country	5.122707226156226	5.012489028748706	5.272360656116474
title	5.226795992822487	4.963531348856809	5.346067881885807
choose	5.14500980925393	4.946345864142037	5.206801998359287
village	5.148685199471629	4.902809119233315	5.077324099029973
acquire	5.220427419605875	4.970135878969935	5.303411406563166
rank	5.136451061691639	5.055152364423835	5.276168456403631
bow	5.052251212185958	4.960668533364324	4.985012764033976
doctor	5.007274700396962	4.982610631119812	5.004257706908545
talent	5.249365263119055	5.017301438758325	5.32670369633041
source	5.173578390944149	4.971285230380358	5.257074430635304
lead	5.056747738637246	5.027871387116731	5.153836041967225
question	5.05997894189716	5.0397463102645	5.2642142058277575
publish	5.2420890834484	4.936235228016883	5.337019545957664
interest	5.151345197529931	5.0356483050853775	5.295786848735269
serve	5.058613344044054	4.963734160012371	5.098296918235167
divine	5.133481753726443	5.015194171083482	5.251237304735177
put	4.9632209657206445	4.925200549825409	4.950176332314853
shadow	5.0469123245565894	4.9215559532727715	4.991479253526075
practical	5.184814858534813	4.975384545225347	5.329785376334355
surface	5.068910697445304	4.8041979935757455	4.960160769337675
account	5.102487965389853	4.981799672007363	5.201444111903708
loss	4.94524978334818	5.090751981393861	5.131118372618899
indian	4.976771960435885	5.031299393776299	5.122848894865154
vine	5.1375856909021245	4.785285686262069	5.007102592533226
certain	5.050464554061689	5.025207818766169	5.209887075386475
sin	4.865900758424187	5.126325902506551	5.093103480136895
necessity	5.009062015270774	5.074565431707296	5.258307991884272
lose	4.981443155081204	5.056797169783795	5.060547809257631
private	5.105791328079809	5.053285524993803	5.28412295846453
gentleman	5.152877910533581	4.954839491371921	5.119889223171103
daughter	5.041576018171606	5.048878371875024	5.074421880101472
drive	4.842134032497219	5.091854133020639	4.964084955530896
strange	4.9604681385508345	5.04901408531992	4.9708855140237045
journey	5.139912407878559	4.935222729266729	5.055363355917204
uncle	5.108675864908942	4.934015891120059	5.012892271785392
species	5.056325326171482	4.93817806687359	5.137590821011143
think	5.032360186392457	5.028881687950329	5.071260908160482
bed	4.99542516863105	4.836271278531563	4.816761969550636
wind	4.938168861849824	4.954033269915595	4.888287956204593
bless	5.079117347855345	4.9635429548168535	5.0143326932366135
destroy	4.884475314520106	5.09634559612534	5.117436778352899
author	5.218184982066014	4.9877225839855015	5.295816451283291
sustain	5.045392022377427	5.0515825456907955	5.25361325196098
black	4.961002536099932	4.8656539892331985	4.852164317323598
event	5.081414706189185	5.086519442102392	5.270677345106945
liberty	5.076126303574374	5.109186323051682	5.31893643489062
negro	4.9479356359552265	4.962745834491744	4.983213711153168
little	5.107520836625252	4.898954207130794	5.005681815107402
fortune	5.085186399425963	5.072514751800433	5.171069196726904
touch	5.04744084157035	4.976843067093992	5.016083005972904
kill	4.779186202652336	5.089719645135316	4.907172527196207
feature	5.106061915368078	4.95081615855726	5.09395882955803
happiness	5.120136696057178	5.0707390190575286	5.2285962060220665
assume	5.079079229578631	5.0278925817544335	5.209319450713773
notion	5.080615100934705	4.986957466955198	5.156700752599244
purchase	5.168748736208289	4.875178725173932	5.156198271362704
faithful	5.132320596285435	5.061150674961146	5.236776541168164
soldier	4.918876083080383	5.156392690140749	5.09702351329709
father	4.985099393064522	5.059831328899015	5.062274445857697
narrow	5.011015058792591	4.900037968432207	5.007944616936709
great	5.119653122882623	5.007280256297378	5.240652936910039
tear	4.902840095585556	5.011691562822128	4.884791351073267
honorable	5.137189016784471	5.109499066362017	5.360199212861015
previous	5.100633540737691	4.969345442698838	5.198941345687518
good	5.0974210439456105	4.9929839199559325	5.124649485274543
domestic	5.152170286082777	4.957673082997717	5.190743757780562
glory	5.159562256898712	5.012267328301039	5.189267176183805
lay	4.997894965391797	4.906771197388473	4.960747728085596
occasion	5.074599446963816	5.054342746666114	5.207685673290018
guard	4.911771245906345	5.110650500026575	5.088951683831531
whole	5.0728383801894825	4.956812629476792	5.148595262292839
mouth	4.978099634700241	4.881255375804502	4.856448377342884
receive	5.144394855159685	4.980029013591946	5.220894794625408
take	5.01330829168538	4.977640050679869	5.060495925487578
simple	5.173136678132438	4.901826876248936	5.15000500137384
error	4.983379340530594	5.0980487547556015	5.258519620709679
wisdom	5.1060446556329655	5.079242098446894	5.277254563488708
rock	4.9696521394288	4.895798217362756	4.907054038736728
decide	5.06923773181566	5.069652951349602	5.298360220186976
exclaim	4.91154205495272	5.061774794165843	4.905861767283014
assure	5.071353891899875	5.065388994617257	5.163884746841842
sign	5.0431832413868305	4.979923267887095	5.118628116035265
preserve	5.128522099862786	4.932134686565524	5.169092252144934
commerce	5.137433086677762	4.968894151447503	5.27306220930073
plant	5.1157342059107505	4.800386836886428	5.005387283460236
walk	5.128132835501685	4.862029766892728	4.92191649819099
difference	5.09064164564848	4.953256698044724	5.205527716702386
hang	4.953936214246263	4.893044882790908	4.833616941793346
following	5.244669816716382	4.869929936208798	5.233060959288542
employ	5.136660670663024	4.923679555663981	5.1995173709165154
