deal	5.039750237679946	5.00952031961265	5.107863815623432
study	5.2697599482116395	4.908061976280896	5.247019394473697
afford	5.173833511052146	4.9447315579987725	5.218328186333796
service	5.170449830657759	5.0160766104350865	5.284360193245162
height	5.067011021934556	4.875738311612914	5.042450957570074
prospect	5.147570041155373	4.990598642183817	5.16297674305566
pleasant	5.228786159054148	4.840982639783767	4.973142734529973
shade	5.12319865662577	4.84820965255304	4.947922390465813
listen	5.0114523950952945	5.070120658203171	5.0323453353692456
mighty	4.996249184140853	5.0369792676217875	5.079590841090912
country	5.112035057161778	5.016735588238566	5.270395186598191
title	5.211460657793544	4.97081243709721	5.344257748204992
choose	5.131608998712162	4.950477391748679	5.203486851021509
village	5.1391105925708	4.907731892722781	5.074736018256458
acquire	5.207931468343733	4.9735500592842135	5.299666868901899
rank	5.121055250677239	5.060750425536195	5.271992125180344
bow	5.041628506027316	4.966689401211881	4.98173720363812
doctor	5.000158006359575	4.987023663495741	5.003029439043564
talent	5.236379884548994	5.020632135625016	5.322915837081209
source	5.163962852938164	4.974446513581614	5.2535963204696365
lead	5.045849486841206	5.031255171442276	5.149088952937489
question	5.049635478225145	5.043385746752063	5.262600504006315
publish	5.230801767813639	4.941860864856406	5.337518604721014
interest	5.142026618054794	5.038315541848447	5.295080938366614
serve	5.047668219031689	4.968063043274244	5.093248595033162
divine	5.122587813352799	5.018803354386513	5.246540788528384
put	4.954435142100751	4.931424197933275	4.947662721270398
shadow	5.040598424997692	4.925528724455434	4.98768245384627
practical	5.1741008727098095	4.9786067221911665	5.327853882623951
surface	5.06406319482383	4.808642662262231	4.957912054235194
account	5.093278334040087	4.985736396498227	5.19994739703593
loss	4.937089484008364	5.095377639106927	5.129521161706039
indian	4.962641726484671	5.03784660382321	5.118779959053745
vine	5.131842010300341	4.789188162427641	5.004524088859537
certain	5.03956541487644	5.028541641963831	5.206272660771696
sin	4.85722648966136	5.131289634513605	5.0889536923537735
necessity	4.997751788016523	5.078596295004406	5.255273340885839
lose	4.972793842848546	5.060447315436296	5.056445310644186
private	5.094292838471816	5.057713717869178	5.282824905342374
gentleman	5.142404379320684	4.959060856702069	5.117916280121762
daughter	5.031730509800697	5.053967697008236	5.071395669197783
drive	4.833364517116442	5.097228282632817	4.960649470090625
strange	4.95411790664302	5.051151782997145	4.966478721863037
journey	5.130403255432174	4.938482545614088	5.050456351956662
uncle	5.1007565376070625	4.939185693308987	5.012362791168514
species	5.048166820330918	4.943263336372717	5.136581875504791
think	5.024056460646413	5.031326919912685	5.067531633488585
bed	4.990982362049878	4.8410151702719135	4.814493338115262
wind	4.932502770598417	4.958399726878684	4.885094679380564
bless	5.070750604185424	4.968274459789607	5.010293992908422
destroy	4.875198266800145	5.101591063219514	5.113368540894399
author	5.20730390860729	4.991126359863133	5.293135209303148
sustain	5.035564937125007	5.056103913002815	5.252004623073512
black	4.953317540510235	4.873277930691152	4.851049734423339
event	5.07253256122814	5.089011467295972	5.268149498737267
liberty	5.06325227249055	5.113956601145854	5.316531586845267
negro	4.938941588023853	4.970474026543783	4.982884267433057
little	5.099500912537672	4.901783633210652	5.001978913794092
fortune	5.07447677399691	5.076452979068068	5.166569460567586
touch	5.0393821398788035	4.980056012866997	5.012065313418021
kill	4.768439484328673	5.095951459598339	4.90229544844833
feature	5.099297629891718	4.953642410055901	5.091796932543115
happiness	5.110952617050495	5.072586642505079	5.224276086045747
assume	5.06869893419689	5.031687794781515	5.207095216537977
notion	5.070643677966963	4.990866600048292	5.154545769653994
purchase	5.158221557045735	4.881635142994719	5.154907650197328
faithful	5.119399572848768	5.065117472997688	5.232612824672577
soldier	4.904748792435916	5.162633271397263	5.091945976930664
father	4.975625257400899	5.065354289240312	5.05895232120265
narrow	5.003156608503287	4.905318177689779	5.004710615250839
great	5.10897501246694	5.011059748359528	5.237318374396075
tear	4.89775720654348	5.016101036465807	4.882173109590244
honorable	5.121993226615099	5.114387763332867	5.356502522501087
previous	5.091536596559401	4.9730061690896425	5.197362243942625
good	5.086665968180645	4.996036888897866	5.119715814513998
domestic	5.144415404413071	4.959887602495605	5.189060404812528
glory	5.148137467404305	5.0164917179292425	5.183563473863547
lay	4.990409863725371	4.911889268666107	4.957627161150176
occasion	5.064935200023997	5.057076096767875	5.205010159128771
guard	4.899005815878528	5.117276406309051	5.085198784806293
whole	5.064558452341778	4.960735856271646	5.146525910085937
mouth	4.970377409029314	4.888183586885844	4.854427377382825
receive	5.132418490463013	4.984450976110885	5.218303743989312
take	5.00358821451659	4.982428623510638	5.057618787231083
simple	5.164525391617836	4.904577018499537	5.146463249176132
error	4.973870295224412	5.101913365695122	5.255995086568083
wisdom	5.092847890506134	5.082701232504487	5.271164324117817
rock	4.962688774362302	4.90239039285215	4.90394187260357
decide	5.05715308670701	5.073690026910333	5.296270315635452
exclaim	4.904081620371895	5.067109976212313	4.903380641101678
assure	5.059904158796357	5.068377480526864	5.159538179747345
sign	5.031540066767832	4.985354269705682	5.115387119714538
preserve	5.118066675938451	4.935901649981773	5.164301923126942
commerce	5.127578211562926	4.973478222937142	5.27268956034108
plant	5.108892005919307	4.80453702826111	5.00171010978139
walk	5.121041983188534	4.865388667158362	4.917838831678827
difference	5.080979731344871	4.957443582353231	5.2042993073609685
hang	4.947922070050117	4.899477974097358	4.8313800459264264
following	5.2346771321605585	4.873817557788823	5.232089788670656
employ	5.1258225514300895	4.928195955528095	5.197758784359542
