deal	5.04070907676656	5.0058438995533425	5.107352567156522
study	5.272328894585802	4.907210104130682	5.248763173651174
afford	5.176907139990454	4.942180106731575	5.219246687649372
service	5.181468022223956	5.015573492752487	5.289497656857154
height	5.065990477989997	4.869625717597013	5.039658613599731
prospect	5.151498751286396	4.987148051158636	5.16520889272589
pleasant	5.232441671058915	4.837876730344676	4.974451991724098
shade	5.1235615988863605	4.84299811377328	4.948420039411561
listen	5.015633672220736	5.068332946170411	5.035205700570456
mighty	4.999247564397394	5.032136562703524	5.080879683286188
country	5.116003814794569	5.013950007254409	5.271743907962086
title	5.215397909697758	4.970337599595543	5.3463649306294965
choose	5.1376548388464265	4.9511593213004765	5.205594887282203
village	5.146297421960044	4.902806175692485	5.074411258542306
acquire	5.212832107789145	4.970672953217456	5.301744870231737
rank	5.13085809050447	5.056379134425381	5.276988993840921
bow	5.047620649109907	4.9614663786289155	4.983515680936688
doctor	4.999872861889662	4.984319229401153	5.002621660119383
talent	5.24128943219125	5.017552922268395	5.325792199774284
source	5.163023592341533	4.973459501708789	5.25393057488774
lead	5.050981778431079	5.0281995504458274	5.150725690825786
question	5.049354423248333	5.0433376802094765	5.263588922340846
publish	5.229377010045363	4.943470426876993	5.3365393192901145
interest	5.14382252378462	5.036982561772974	5.296618660447458
serve	5.053197650532461	4.965983872919603	5.096418019977633
divine	5.12302333553857	5.019975122727868	5.250231740532266
put	4.955862555296098	4.9278159541275395	4.946588694830267
shadow	5.039976649969656	4.920296419135501	4.9877064119205095
practical	5.173710432718945	4.977534025729818	5.327859906807994
surface	5.059498432966139	4.80210201771141	4.953059899585547
account	5.093375129342458	4.984113560973028	5.199628216470063
loss	4.9406794521342645	5.092526156989483	5.131641664405662
indian	4.9728364480239895	5.033164740199016	5.120610710301467
vine	5.132400067215984	4.783711953787593	5.001384688762163
certain	5.041439139017295	5.026394047417668	5.2081808274916535
sin	4.858171407985567	5.130500426844724	5.092401797470048
necessity	5.000411323228159	5.0767666221142	5.257734848325171
lose	4.977518935988175	5.056392174000787	5.058992728722498
private	5.099035157160974	5.056939351708852	5.285716146404258
gentleman	5.1475169021690235	4.955765488180125	5.119231824312549
daughter	5.038945800510382	5.050618527893344	5.07645936354373
drive	4.840655789189098	5.090743703329625	4.96237494904802
strange	4.956403719292369	5.046749773739505	4.9695288142704
journey	5.13869155039611	4.935417689328123	5.051704657011458
uncle	5.104247671977728	4.9355027023604805	5.0110645813965
species	5.047510764302938	4.939984054224787	5.1347284266948465
think	5.0257166900669175	5.028757367004423	5.069099130387195
bed	4.9911981134121275	4.836616365307719	4.812784041677344
wind	4.9347006598956895	4.951921915721413	4.884123165602813
bless	5.076077241058465	4.9676135815272975	5.014018272778761
destroy	4.878555720926347	5.0978576861941	5.115652280531547
author	5.206984208575763	4.991039076785019	5.2942668049764565
sustain	5.036437767372577	5.054095281351275	5.253229173429231
black	4.9541981644785205	4.866133644304011	4.849111413175129
event	5.074473438346372	5.087370851943727	5.271872532593381
liberty	5.068275251247464	5.112847610071629	5.320554910570051
negro	4.9434350564066945	4.963926539258823	4.979824017555599
little	5.1023433159792315	4.897673332906412	5.001763197665152
fortune	5.0827348983160325	5.0721769600323485	5.171678717818096
touch	5.03993127191763	4.976856082821848	5.013122905029819
kill	4.779274498169083	5.090010029261764	4.904724831052734
feature	5.096159251064745	4.94847774745397	5.092021310549722
happiness	5.114622747592212	5.070849224708036	5.229365342768363
assume	5.0700708288577	5.0286754602974195	5.209387064100643
notion	5.068220498431858	4.986304194302327	5.1529578389217745
purchase	5.164482615567931	4.880407932768746	5.155116859539759
faithful	5.127771686292797	5.064906992414993	5.237121638426352
soldier	4.920013041318745	5.15649328875739	5.097822886699776
father	4.98237960783566	5.062989623659986	5.063226369800447
narrow	5.002924786117121	4.898865684684073	5.002301988944141
great	5.111674522061147	5.009171196602648	5.239666023977602
tear	4.900076693899004	5.012542650005768	4.884491899321489
honorable	5.130700897516186	5.113646019848532	5.362262016756536
previous	5.092170946860086	4.972014398392074	5.198045663570949
good	5.0925633626387405	4.994054698778043	5.122951802631991
domestic	5.146639637874257	4.957764922307594	5.191043192520818
glory	5.154179497471691	5.014150859176461	5.188916842775496
lay	4.992465665655205	4.908420350721984	4.957355424127402
occasion	5.068310583519143	5.055613724832391	5.207949237064134
guard	4.909550430644604	5.1121729009352075	5.088260068952003
whole	5.063829162306582	4.958334706988849	5.146241512121474
mouth	4.9706587705543885	4.881952184431975	4.8508389269242045
receive	5.138273465513844	4.9849561991252545	5.221264771668586
take	5.007522882622647	4.980173118803278	5.05861902154949
simple	5.162627319132844	4.90289138836274	5.14650056030258
error	4.970478649908876	5.101257382041531	5.256696876502927
wisdom	5.097170192911205	5.08220101235098	5.275944527689524
rock	4.9639285567748335	4.8955501200399665	4.900770975734616
decide	5.059139010585965	5.072628818603987	5.298042385997526
exclaim	4.908435960438747	5.06157537129209	4.904169196133982
assure	5.0655320044766	5.066550302906972	5.162099554809829
sign	5.034572882551324	4.984234691114768	5.1173221142876235
preserve	5.11938549410465	4.9343285606852625	5.166766434650945
commerce	5.13098517247167	4.971065021549596	5.2729187207472545
plant	5.109780903472698	4.799945303968051	4.999418607903727
walk	5.125365801518488	4.860601338100773	4.918001742089107
difference	5.079823136456515	4.954835610946758	5.20401659491373
hang	4.949558994358911	4.892505067282809	4.830914142613325
following	5.234334296735305	4.875371558365341	5.231157531246304
employ	5.129002975207649	4.925399396032393	5.196648943587466
