deal	5.0414948794072725	5.0030994770405215	5.105350750038721
study	5.272396995290421	4.90266300837797	5.246757944154488
afford	5.175797701445713	4.938594557355814	5.21642346152593
service	5.1807597872524225	5.009690375044379	5.283428929895618
height	5.070444999608396	4.868223512917277	5.040168544348678
prospect	5.152596779166929	4.98464569191285	5.163309915161845
pleasant	5.232072871031107	4.836716149822548	4.975305336367914
shade	5.124812467782338	4.843137520129285	4.950296621590315
listen	5.0189729499476785	5.064803738051702	5.035230179105547
mighty	5.001833611624747	5.029154690123597	5.079542461847136
country	5.115976283278995	5.00933025580944	5.2676625178638625
title	5.220659396680709	4.96480795520329	5.3445874004225615
choose	5.139971841773469	4.945778101586016	5.202900669574979
village	5.143700588597127	4.901247325410683	5.07272389058058
acquire	5.212159953686172	4.966286837708354	5.2978985326206
rank	5.131555333684428	5.053635642931997	5.272053859845839
bow	5.051930839235429	4.96025265216905	4.984343942916825
doctor	5.001277774404005	4.981540889989031	5.001120159270812
talent	5.2423823842959685	5.014160256335248	5.322011156080754
source	5.165655987700751	4.966585166765134	5.252248364540797
lead	5.051881437889664	5.024397191587436	5.149227765778767
question	5.055109537917559	5.037587866637734	5.262538448090851
publish	5.235238827957045	4.9377353916262114	5.335535160543778
interest	5.146108604400914	5.030509637149447	5.292213653063129
serve	5.053218995634594	4.961902850629884	5.092951369362156
divine	5.128554526079286	5.011654958471173	5.249206600531235
put	4.957962533719344	4.925566164065002	4.946157729702767
shadow	5.044654705404262	4.919462433033335	4.990300860077365
practical	5.176810683538333	4.971788652996579	5.325659541520611
surface	5.06217240940681	4.802225031217332	4.95650577493499
account	5.095467617689324	4.979721949102464	5.1973394386064
loss	4.939712509124904	5.086476323337076	5.125009866266027
indian	4.9726074006055905	5.030372244102313	5.1184039432475705
vine	5.130187046873715	4.784455607400927	5.003182126594571
certain	5.043832728034316	5.021395973062674	5.205492524753333
sin	4.858741242141483	5.1222248087488955	5.088239426202351
necessity	5.001700739514221	5.070808397489844	5.253431733255901
lose	4.977950141326786	5.052316268786526	5.055226102051804
private	5.0998741596823525	5.050602846327362	5.279903143491568
gentleman	5.14840029886838	4.95464087982475	5.117437400311414
daughter	5.038060813054672	5.046559280914099	5.071827576201238
drive	4.838853344843761	5.089266327203943	4.959056994960938
strange	4.958647349172521	5.044204565844717	4.968436386161446
journey	5.1374405112115795	4.933698208542855	5.050939542742006
uncle	5.105243001863578	4.9336655363226924	5.011002844363692
species	5.048206837847164	4.934332572579021	5.131823062971947
think	5.0283223886034705	5.025073314096978	5.067794911763004
bed	4.989745166714583	4.835703308338937	4.813702685799218
wind	4.936233327723599	4.951949177265803	4.885552491233462
bless	5.077187672490057	4.961553232576103	5.012515472229057
destroy	4.87594247861127	5.0936306414422114	5.110307642451643
author	5.2112677900959845	4.985910440763861	5.293214265392968
sustain	5.038755223627073	5.049153897768726	5.249631178650274
black	4.957564670167722	4.8676499995552645	4.850786005179992
event	5.0776910494485135	5.082650207499335	5.268197667063815
liberty	5.070568444057832	5.1066633484275785	5.316153726924068
negro	4.9407406807322625	4.961595930087493	4.977212949739008
little	5.101724080029584	4.896066636025748	5.001126941700093
fortune	5.080099218103613	5.068986164416113	5.165583370262923
touch	5.045040239742674	4.973734573912761	5.014603738694659
kill	4.774780375870707	5.088341708140005	4.900886078034127
feature	5.103222467163947	4.948024899961232	5.093824282542616
happiness	5.115545456751165	5.063757499603781	5.224821042545494
assume	5.07520943031956	5.0257989677551675	5.20744461142951
notion	5.072674074639431	4.98382698219255	5.153178476949702
purchase	5.160829260659041	4.874161266987557	5.150403258400304
faithful	5.1290501824776875	5.05908811992038	5.233997014814051
soldier	4.91893014419714	5.155292990309539	5.0923942829702655
father	4.981120245528077	5.058305647867336	5.0598306848417
narrow	5.0037593815241665	4.897634022810319	5.002821258360231
great	5.11399139919886	5.004559944622818	5.236540442282187
tear	4.900223697620023	5.00899583283391	4.882832403053806
honorable	5.131862517076304	5.108713145210554	5.356975291236089
previous	5.094969229565146	4.968064375748533	5.195733447992331
good	5.091897502096104	4.990215321906466	5.1200997336675
domestic	5.145725182409732	4.952302699350857	5.186316910499222
glory	5.157863387802192	5.010143545627312	5.18652064796854
lay	4.993270006201135	4.907035691851355	4.957991670216086
occasion	5.0702219112103935	5.051308780895505	5.204515931832854
guard	4.9095066163145535	5.110354338368811	5.0850774903871985
whole	5.067313332633474	4.954410321236303	5.144563480725593
mouth	4.97528535445968	4.882190194513252	4.854543718263803
receive	5.139507207549073	4.978866355671747	5.217699186470612
take	5.008665956538638	4.976907097074556	5.057068921199471
simple	5.166461228240419	4.897960289306589	5.146551738413634
error	4.973984531159207	5.095216718930688	5.254121488856076
wisdom	5.100230170132582	5.075880642361043	5.273131358297679
rock	4.965459065509629	4.895348272976305	4.903454868961482
decide	5.064686690418541	5.068524453567349	5.2966899558978175
exclaim	4.911074804191223	5.060064182371556	4.904293908585163
assure	5.06787943221016	5.062810893223015	5.160682344899734
sign	5.040005627865074	4.979653384586534	5.117141592122403
preserve	5.121527688179855	4.930296167302839	5.16497630893983
commerce	5.131879518257767	4.966025512957574	5.269506078412831
plant	5.106873043661463	4.799178257560168	5.000484155802897
walk	5.1254306660005104	4.860941186972541	4.919417134574034
difference	5.083364332612165	4.948823374974149	5.201472337048789
hang	4.951263198369932	4.8938905925791945	4.83227435887006
following	5.241015361119426	4.870768259872692	5.2329058550977905
employ	5.128267919439623	4.920831156243401	5.19275694890767
