deal	5.046430715434095	5.015050152818161	5.112698881934542
study	5.279538721808641	4.91222211047228	5.253374397861892
afford	5.182750372358243	4.949268241962423	5.22661903470888
service	5.186845585337898	5.021936380515443	5.293814706242544
height	5.0737324351667965	4.878155266296513	5.048455460948548
prospect	5.158271912321668	4.997945041489805	5.1725551433148365
pleasant	5.238954861436022	4.848067088934112	4.983215785750633
shade	5.130635581432844	4.853853473973868	4.957174010524041
listen	5.020194312502955	5.07874438975405	5.039297044977088
mighty	5.003530510476333	5.042134421856305	5.085686944435313
country	5.122289565264135	5.021985831326546	5.278076296283008
title	5.226140342232784	4.975236699350733	5.351197553670543
choose	5.146681494457418	4.955585332797473	5.2110986080022945
village	5.152146694544631	4.911071449147329	5.083252787799743
acquire	5.219808789531616	4.977484505099722	5.306949183692378
rank	5.133809046025706	5.0650972160405665	5.279256409081221
bow	5.052493219843621	4.973350509449572	4.98842448949767
doctor	5.006990188785177	4.992914246475866	5.006684302571874
talent	5.2465678056184855	5.024869755114862	5.329014970678968
source	5.172319058053575	4.97993014520433	5.260958551689308
lead	5.0544162557357994	5.037725167209102	5.156459043629462
question	5.057719688488587	5.049267965032513	5.267559830146759
publish	5.240981122024087	4.946660585999451	5.342488396756006
interest	5.151300557572545	5.043968865478686	5.3013003119560755
serve	5.057902879705733	4.9737141474946	5.1013772207415515
divine	5.132009147002978	5.024622727689208	5.253163816707158
put	4.961443239938276	4.937008590662093	4.952526925176738
shadow	5.048034802311578	4.9309324145974545	4.994884906629145
practical	5.181192189664124	4.982336219746621	5.332648315954058
surface	5.068512209455513	4.811152195394514	4.963649227317067
account	5.101907810826865	4.990566841951692	5.2059190907727215
loss	4.949181392645766	5.101218419613059	5.137797744097816
indian	4.977280681655396	5.042621225542176	5.126594177010192
vine	5.141356097804982	4.791857104243086	5.012198102790844
certain	5.048561776361834	5.032649424619368	5.212418340641832
sin	4.866174353591566	5.1378220099403675	5.095733174972205
necessity	5.006362980082095	5.083543274149702	5.26236078368164
lose	4.983677820327992	5.0673758850137185	5.064618733731619
private	5.104430017613046	5.06370155222071	5.290348694825064
gentleman	5.153158795690754	4.964453075133661	5.12419988695145
daughter	5.046894910173623	5.061342693813516	5.08056840530317
drive	4.842532442966235	5.104215483188878	4.968465641483395
strange	4.961990093110256	5.0576858832235505	4.973022424210006
journey	5.144681756291012	4.945846449384165	5.060659637378208
uncle	5.114700667817088	4.946298023623967	5.018175029585786
species	5.056807979945233	4.9453880790134725	5.143073629845835
think	5.0334461050485375	5.038166634717106	5.073446757522705
bed	4.998481386196909	4.845877669907911	4.821538948950765
wind	4.939550909878245	4.9648658132094905	4.892374168127666
bless	5.085529959973575	4.976445520427631	5.020040922663283
destroy	4.883596861524122	5.107250110470564	5.121287503767906
author	5.215878647280381	4.9967814400397605	5.29868146493354
sustain	5.043566513613271	5.061864184182661	5.258550528787524
black	4.961051782998986	4.877309808097802	4.855440552078198
event	5.081914828073852	5.094940394827595	5.275051540483692
liberty	5.0741618135581685	5.121404931784951	5.324106683370917
negro	4.948794238140025	4.972655670862447	4.9869879426080255
little	5.108407585028621	4.906685663660429	5.008495643126307
fortune	5.087738411157767	5.083617734582583	5.1761511795130595
touch	5.047104053488332	4.986703229885022	5.018583362943292
kill	4.782631093182025	5.101617022751019	4.9090164751414145
feature	5.104617526304208	4.958730437824544	5.096859472351421
happiness	5.12194961242424	5.079468168580704	5.233146600514022
assume	5.07704298129449	5.037178593094248	5.212974793253821
notion	5.075926421225754	4.994319158275406	5.15669710732937
purchase	5.1751639792637025	4.885624948672833	5.1654167029572875
faithful	5.133211421937311	5.0734849279431184	5.240549882375042
soldier	4.918181065369599	5.16965667187888	5.100299073483224
father	4.9900377985610485	5.072825491539991	5.067795064972298
narrow	5.007610515036055	4.908625756180996	5.011232670404514
great	5.117781869962101	5.016032081888845	5.24439963199111
tear	4.907957925479944	5.024632610360574	4.890766165970201
honorable	5.136046589045664	5.121768689350765	5.364750118499166
previous	5.101566821534715	4.978343285719203	5.204618815512706
good	5.098260455216862	5.0028319551817	5.128032422420631
domestic	5.153169707866104	4.965197107527641	5.197064372947261
glory	5.1607118324873555	5.023573538730245	5.192734556284397
lay	4.997924644488527	4.918662325885428	4.965207614693298
occasion	5.073284733747066	5.063375289001945	5.212413319608771
guard	4.90913398932179	5.124900765750156	5.092445614653304
whole	5.070832441000351	4.964953651252925	5.152447884465056
mouth	4.977261637432955	4.89350209025783	4.858988951260924
receive	5.1468187872077955	4.990721837387118	5.227411682602108
take	5.013724217871226	4.989010491989207	5.064725377172151
simple	5.170746108789667	4.908111747066288	5.151927757470265
error	4.979291627633571	5.107689990742584	5.260609669522091
wisdom	5.102845312669379	5.0889230092101645	5.278071967515886
rock	4.969334177596113	4.906702875896486	4.9103703865107
decide	5.0665139298563835	5.07973786198113	5.301783465922532
exclaim	4.912977278496388	5.07442771264954	4.908546279828962
assure	5.071542860873248	5.07634438187687	5.166934439637723
sign	5.042523486214666	4.99024177008514	5.12104992460963
preserve	5.12688359293122	4.941397923018359	5.172243589544009
commerce	5.137556268131348	4.979042388369669	5.280642707104813
plant	5.117763242996048	4.807111601997176	5.00946441487503
walk	5.130165418400202	4.8712021357284305	4.9258416265332885
difference	5.089425396010968	4.959567168949087	5.209108209669464
hang	4.95529717939188	4.904325973805435	4.83702214744743
following	5.246116265887669	4.87910659407513	5.2384598736048895
employ	5.134920069175032	4.930501353474443	5.203507765448638
