deal	5.047652640352279	5.015304504526123	5.1115677811600895
study	5.280193442770752	4.913881430088558	5.252840072291648
afford	5.183057776196043	4.948930039469125	5.223567786232562
service	5.182874520344639	5.023870946073512	5.290305051201021
height	5.0755666933203125	4.877037022281269	5.044960360369781
prospect	5.161334753867261	4.997754801676727	5.170418496888074
pleasant	5.2445984576925815	4.848264772381991	4.981622552408669
shade	5.136555435581588	4.852573890914226	4.954843728684657
listen	5.026286278933098	5.079550800643646	5.040464394768793
mighty	5.007654696584324	5.043230972648857	5.084713869948771
country	5.1215610410528	5.022137887179128	5.274636992119442
title	5.220562268455146	4.976049457646566	5.346209553153708
choose	5.14365836919867	4.956031036661955	5.206647400298373
village	5.153266913131641	4.910448773952345	5.079677568834261
acquire	5.218146840209925	4.978553849796085	5.3046607732035636
rank	5.1338624697834865	5.066207003963941	5.278486234232758
bow	5.055809016770715	4.973838455272075	4.988579575986169
doctor	5.008174011262458	4.99243859523019	5.006282638957652
talent	5.247732518013994	5.026710775646383	5.329508741002938
source	5.173675467574129	4.980419923858168	5.258583812622982
lead	5.057359771441251	5.03741343011582	5.155503178176403
question	5.056891976605744	5.049047338884772	5.265168922375389
publish	5.237834431024767	4.9462259695052175	5.338230263777599
interest	5.151141040515152	5.045419576565093	5.2995937838139415
serve	5.057852414577689	4.973190232405829	5.098442933295993
divine	5.133485048353393	5.027857737835696	5.253096431887149
put	4.961116958734392	4.934873726005293	4.948649634588807
shadow	5.053198828266647	4.930280552113901	4.993252394116842
practical	5.18041709214507	4.983336073006747	5.330620766911173
surface	5.071731939895437	4.808301223816302	4.959358018996554
account	5.1008058447278275	4.990240197367379	5.203216002307103
loss	4.946992481019085	5.10252040406459	5.1342228937808665
indian	4.976244764660737	5.0412661150663185	5.1225260642261485
vine	5.14182313306889	4.790443894427092	5.007188184493122
certain	5.047994917621183	5.033426191774026	5.210003271006834
sin	4.8663719619323755	5.140334204308954	5.0940715751775025
necessity	5.004888276126572	5.084145902555646	5.259157037330433
lose	4.985340404408039	5.068260482880716	5.062518727446657
private	5.102581922856961	5.064436728053851	5.287044560217514
gentleman	5.152583101639104	4.964087905851747	5.122690346517462
daughter	5.046487689352895	5.062321400898982	5.07895131834416
drive	4.844905642647656	5.102517164866939	4.965230763464394
strange	4.967514850638014	5.058034689808141	4.973033633501799
journey	5.146729537268925	4.945544288559911	5.058083036982547
uncle	5.113251886680866	4.945602211791192	5.016093993004642
species	5.053873699709464	4.946243037807677	5.13686439221544
think	5.035482221696821	5.038880969982247	5.073178807200872
bed	5.001600707411773	4.844234114708856	4.8183348365742065
wind	4.944583945933847	4.96328858503016	4.8887893095728865
bless	5.085886919946024	4.9788359679617695	5.017575721395214
destroy	4.8829813920345035	5.106872422650797	5.1166305805840055
author	5.216644476305708	4.997675897893441	5.297899304898027
sustain	5.043564851090257	5.062035677121074	5.256434479785033
black	4.962800872422204	4.872930104477847	4.85245760223898
event	5.084130100099966	5.095966626936809	5.274943689376661
liberty	5.073948543624151	5.122870434604367	5.322021432138608
negro	4.946225917051113	4.970918994159169	4.9825424774931975
little	5.110796519762616	4.906265579475521	5.007087666763866
fortune	5.087775362124214	5.08507123816908	5.174378920269184
touch	5.051515263013599	4.9870969816104855	5.018479505977794
kill	4.782222962357064	5.10053739680464	4.9062549644002384
feature	5.109757494723833	4.957198613319013	5.097174603173382
happiness	5.124112346563285	5.082457124291691	5.232608326951108
assume	5.078270053945132	5.036861506364139	5.2120163323562245
notion	5.077049006765798	4.994625930739712	5.156760329498143
purchase	5.166934827425245	4.886196461710483	5.156575683922351
faithful	5.133961451173899	5.075199963643421	5.240270272282526
soldier	4.919992562625729	5.169521443651032	5.0988990850228895
father	4.989754520884617	5.074057593102776	5.0665339749917795
narrow	5.010701775713925	4.906680023566999	5.007472521617464
great	5.118870644165117	5.0169353122510065	5.243177308924556
tear	4.9111528080928215	5.0237062112711	4.887791459793093
honorable	5.133986883132752	5.123060484219174	5.363450145807744
previous	5.101050906381706	4.977454538952477	5.201467821736074
good	5.0981056454093565	5.0036613686848	5.126252158417243
domestic	5.153372079204839	4.966006904025061	5.193715461227282
glory	5.164127841639498	5.0259543879586	5.192018167638594
lay	5.000180884225417	4.916833902267135	4.961803651948417
occasion	5.075063944119844	5.063860777843165	5.211096678985193
guard	4.910594643914655	5.123932831034252	5.0899502899601154
whole	5.0719234594510745	4.964096342988346	5.149202845915411
mouth	4.980218307845237	4.890193664288941	4.855868502918487
receive	5.14357576711526	4.990947039130232	5.223519561292772
take	5.013510471022653	4.987682249588044	5.061692836502699
simple	5.172805957246404	4.909486044741793	5.150780425371373
error	4.97945042044897	5.108166152074888	5.259214195966541
wisdom	5.104458905807142	5.091994029372865	5.278440623645384
rock	4.973815639198043	4.90470287886127	4.9068313677691116
decide	5.066137197505418	5.079231265688255	5.299703796827663
exclaim	4.91708228112833	5.073850598326068	4.909325284049778
assure	5.072922641251599	5.07693795648196	5.166995294414916
sign	5.042459248100866	4.990532748151768	5.119204274694203
preserve	5.127546312261157	4.941120079385863	5.170055933565302
commerce	5.134840579330118	4.978461095671848	5.274268440124707
plant	5.118544940484766	4.806103347702287	5.0048884046381135
walk	5.134560347464404	4.871293125619117	4.925065588677076
difference	5.087675313925308	4.96063830001172	5.2064805487246835
hang	4.958518276490127	4.902678838995966	4.834536044904799
following	5.244909926188239	4.878977939936586	5.235221377408418
employ	5.132073239390943	4.930390583628389	5.198763295285449
