deal	5.036812241245243	5.0122069728861565	5.108683912092179
study	5.270558286633906	4.911675993013336	5.250271761795824
afford	5.173349830108663	4.946719066925171	5.219689395716067
service	5.177403233233798	5.017814516622952	5.287032821183202
height	5.063081386873526	4.87793971277067	5.043192697664518
prospect	5.1473150332629	4.995503866986704	5.167881634286228
pleasant	5.22739954154741	4.848961692193203	4.982194108184492
shade	5.11920950168266	4.85427658557378	4.954561152120703
listen	5.009292038222656	5.0781159593203045	5.039477619934088
mighty	4.993562432081204	5.041147847833686	5.082418051630303
country	5.1127203427393715	5.017981881615879	5.269991449922838
title	5.217821217084083	4.9713836838942225	5.344157573995866
choose	5.13665216117387	4.952231741948718	5.204188784359624
village	5.142564538942622	4.909749048056334	5.078594266375367
acquire	5.209388012708111	4.974807550433813	5.300065006972613
rank	5.124776385590396	5.060720264123881	5.273291849413242
bow	5.041968669287921	4.972098584529396	4.988232551945342
doctor	4.996736365581587	4.991924559555866	5.005828061300681
talent	5.23788336473033	5.0216531858893845	5.323720172411534
source	5.162787447936486	4.978058700804822	5.255471056689768
lead	5.045182249345129	5.034295541011693	5.151813852385054
question	5.0492937321133695	5.045338430758799	5.262078329797949
publish	5.236047720741968	4.943795985903401	5.336933904394142
interest	5.141836346208728	5.039877405596507	5.294486634658606
serve	5.048301910554561	4.971294403750665	5.096334120950729
divine	5.122183867847862	5.023335952916933	5.250002991082241
put	4.952103113377552	4.935082371533106	4.94889560221736
shadow	5.037047393317371	4.930825963798948	4.992641057840302
practical	5.173407924218265	4.979364279953872	5.32568979558832
surface	5.057521814988683	4.812277670174233	4.959184103346759
account	5.093971998121585	4.987185152770306	5.200034351812627
loss	4.9368544284176155	5.0980526943222415	5.129934451605659
indian	4.968675466573532	5.0381796620438175	5.120786893220129
vine	5.12886481694341	4.792582790837932	5.005910472549944
certain	5.038911772222702	5.029115101234314	5.205426104720879
sin	4.852778353402063	5.136537671413102	5.090969933472684
necessity	4.996668846509524	5.079602407681793	5.2540039184998735
lose	4.9720032720555825	5.064765413292643	5.059811163868804
private	5.095878250011359	5.059054507063306	5.282702503057058
gentleman	5.143941446412701	4.961316345264214	5.121222228530864
daughter	5.033048160463665	5.058876464313303	5.077632776447694
drive	4.830874896343541	5.101085662313284	4.963075515959739
strange	4.950352419970647	5.057035096493603	4.971740441468409
journey	5.135463389257382	4.944715772242854	5.0585055172300475
uncle	5.102737750611956	4.944404767518502	5.017560178300803
species	5.046380752055918	4.943909575802596	5.134202799219754
think	5.021890805231998	5.036315240119124	5.070873081393722
bed	4.98619555748992	4.847721108635644	4.819548205717918
wind	4.927784841967446	4.965390194757524	4.889494241193991
bless	5.071759846861007	4.976394186522443	5.0187470001352565
destroy	4.872090576536437	5.103492272414111	5.111963444413738
author	5.208679158993049	4.994030111691686	5.294532736234483
sustain	5.033748014852627	5.057844406094675	5.250516327609179
black	4.950932694380274	4.875430180026315	4.853121513141213
event	5.07332224587031	5.091439732429556	5.269803688488375
liberty	5.0639380620341905	5.11677732929609	5.3169050008679895
negro	4.937780631963578	4.97043508153135	4.981609283444226
little	5.097140630949744	4.906065629760882	5.005764381734906
fortune	5.076112206108622	5.079847248184343	5.170466806976742
touch	5.035739793898854	4.985939973827263	5.017377797050947
kill	4.770531493227731	5.099190296367461	4.905195099236082
feature	5.0945116886186	4.956445803432967	5.09453332966878
happiness	5.1094241567213405	5.077278733399418	5.228307600476751
assume	5.067788885705703	5.032982840677112	5.207610008318208
notion	5.067244402628035	4.991689487215288	5.153269695173404
purchase	5.163272813955271	4.884049015955715	5.15675013219699
faithful	5.123369725695943	5.069830716239548	5.237249205941729
soldier	4.9090057673255165	5.165062777727357	5.095749439992091
father	4.976198866433922	5.071120670881576	5.065300760573718
narrow	4.997001106837192	4.90800081300677	5.0058664667911374
great	5.109020434557871	5.0127326349311465	5.238386070662621
tear	4.8930458846668134	5.025126457874564	4.888783671027806
honorable	5.1266759598035	5.115899797436151	5.357859542280066
previous	5.093085229761886	4.9751257674391365	5.198403102519686
good	5.086851078918329	4.999975170138751	5.123572301226857
domestic	5.1420799849525975	4.962868872903041	5.189949935234294
glory	5.151122699226403	5.0221248687232	5.189970003465039
lay	4.987532933789431	4.917537459101179	4.961537031858961
occasion	5.064925905867989	5.05995845973326	5.206919016126208
guard	4.900915171199798	5.120218855278487	5.087686702106526
whole	5.061801289712966	4.96230279863827	5.145943864146294
mouth	4.967408635898141	4.893029183106268	4.8582062638111
receive	5.136805562188813	4.987334686430201	5.22125739197639
take	5.003952971212879	4.985918812914701	5.060346575640412
simple	5.160849447490595	4.907527208486639	5.147882564769446
error	4.969934862668827	5.104169583577641	5.253719979801502
wisdom	5.09309980331565	5.0860546226427115	5.2733915022139195
rock	4.958956323171201	4.907602613348319	4.9075317879998925
decide	5.058307896925675	5.074679399713431	5.2953577102890135
exclaim	4.900913140020101	5.073330826978269	4.909243836872183
assure	5.061437969689753	5.072652569431944	5.164049954898943
sign	5.034331733753415	4.988237008434283	5.1186439677601285
preserve	5.117546351904274	4.938966319400393	5.166755019531031
commerce	5.129653372220568	4.9753046800886604	5.271967640470089
plant	5.104918428235996	4.807905173937207	5.003060951171155
walk	5.119646414175833	4.871596282838694	4.925323164809489
difference	5.078910422852501	4.95731797901768	5.202147622785837
hang	4.943915446181436	4.904330072558968	4.83502046386723
following	5.239317240055093	4.876826948400042	5.234547089909874
employ	5.127042329326705	4.928321002786292	5.195919820470499
