deal	5.043177424200549	5.010927264315162	5.111669126560446
study	5.27523417726451	4.910137997222532	5.252460161420446
afford	5.179981708527261	4.945973806365829	5.22454607983645
service	5.178981873851154	5.02127617322991	5.291528395117906
height	5.072059717600752	4.871436239091209	5.047111665387956
prospect	5.157198933219084	4.991246997867707	5.169666990732104
pleasant	5.2341775411119205	4.839633366051509	4.977211162433678
shade	5.128406444009323	4.8432402370519965	4.95142511811514
listen	5.019494491507162	5.070838440025719	5.038006559009944
mighty	5.003044278849544	5.034566886351693	5.085257508444728
country	5.119391041085257	5.018497844315655	5.276338771274473
title	5.2186590618694115	4.97508154955443	5.349681294082509
choose	5.138156971423385	4.954199798853026	5.208883584360144
village	5.146131347722279	4.905019775887774	5.078968766196318
acquire	5.216202162950029	4.975850712452078	5.30655483788989
rank	5.129389093854674	5.062824977357261	5.278172359545264
bow	5.049301711143822	4.965898660049986	4.987189354119377
doctor	5.002845827859396	4.987844974376902	5.006422074867628
talent	5.243404205309007	5.023405882872724	5.328437141043438
source	5.1728445001133805	4.974125148332641	5.2599957241990705
lead	5.054339907726904	5.031886457578336	5.155918826949124
question	5.055851060534424	5.0469995796566645	5.268625937069248
publish	5.235997295578995	4.945631183312125	5.342704781836457
interest	5.1490636298290715	5.041115774315297	5.299959654093175
serve	5.053138447529831	4.969656343692354	5.099456355554904
divine	5.131214361630886	5.019296777207913	5.252709135517265
put	4.957405913189739	4.9317780911183124	4.9525103534794495
shadow	5.047721260400913	4.921103836456454	4.99182320178314
practical	5.179847759630491	4.980942529157014	5.333291533834051
surface	5.068837713211386	4.802880418864928	4.962366831331823
account	5.099088546991508	4.9871695632371535	5.205553049095018
loss	4.945313284787997	5.096408903309043	5.135514326552894
indian	4.973900406437542	5.036965469634822	5.126395341242045
vine	5.137427986968843	4.786074645410169	5.009517583741878
certain	5.046428794282534	5.02894267398887	5.2124055722386196
sin	4.864963470020028	5.13089491673489	5.093879508988547
necessity	5.005540652690611	5.080527160358957	5.262562202992161
lose	4.980873541587076	5.060305111271789	5.062157286316513
private	5.100540374174796	5.061999813553158	5.28823680079044
gentleman	5.146072935661099	4.962250610776542	5.121567723992979
daughter	5.0390039883072095	5.055421804717233	5.075059053009631
drive	4.841405950285062	5.095551784579263	4.96697041460885
strange	4.960340096744609	5.048573736585571	4.970210430629128
journey	5.142068134654652	4.939027373062736	5.059210286644494
uncle	5.107965951813711	4.940684610203678	5.015622919374054
species	5.0538478961903515	4.940997874879042	5.141835671791566
think	5.03013315059556	5.032523835369693	5.0718864988661725
bed	4.994167595659049	4.837634299883804	4.818526639605529
wind	4.9403706158793	4.953776264995799	4.8908440322033835
bless	5.0795610072298665	4.968600337092477	5.01537636423107
destroy	4.881696783583392	5.100775692317744	5.119424489694862
author	5.213212758454377	4.993571037426449	5.298152246077199
sustain	5.0423825754261395	5.057959214139915	5.258395786904885
black	4.955700480306551	4.868071072547054	4.852224433820471
event	5.0814869573832295	5.089603002559569	5.275128825567436
liberty	5.071311089520846	5.117647147609893	5.322809077304163
negro	4.942601962082213	4.968098622005768	4.985001795605216
little	5.103664386557216	4.901410164327625	5.0057407961886
fortune	5.0836903009899945	5.079366443292035	5.173385259951241
touch	5.045389356955207	4.978620544986936	5.016809167607488
kill	4.778008565064337	5.0943487603916395	4.908685440744212
feature	5.103658675997251	4.950482528706052	5.094588762169331
happiness	5.120212239757036	5.073636289797329	5.229699286906127
assume	5.074331764093426	5.032830357127446	5.212131072482809
notion	5.07330650624137	4.99103323537483	5.156804588776055
purchase	5.16593043841461	4.8852384040737045	5.161697223896222
faithful	5.129335900551311	5.069566180725061	5.2387727692658075
soldier	4.915175063339071	5.163837086465589	5.099672916837208
father	4.984044314098718	5.066803828435918	5.064252891025274
narrow	5.008152028482072	4.901395110669751	5.009681170497719
great	5.115755543980725	5.012272278922383	5.2445037383306525
tear	4.905638277032464	5.0135324716142895	4.887031549697619
honorable	5.131932776672183	5.121102591000737	5.363751796228954
previous	5.097836732361912	4.974231067926469	5.203741409625848
good	5.092899396127566	4.9990424718869475	5.125568090791845
domestic	5.148379575313658	4.9613139305943195	5.1928710264016
glory	5.158731472301617	5.016705443452609	5.1908216756594285
lay	4.995088002877913	4.911307790657074	4.963715800722163
occasion	5.071498603253233	5.059139841700173	5.211781378782325
guard	4.9081344322959115	5.118594802229545	5.092036744140554
whole	5.068122023836919	4.959897445211798	5.151594705383034
mouth	4.9764700004024265	4.883605561671228	4.858918162094561
receive	5.14090260079486	4.988110241525552	5.225844522004651
take	5.009544819972179	4.984001003808784	5.063657129949128
simple	5.167210530759116	4.903559616628836	5.149687730361991
error	4.980130115838586	5.103562077183703	5.261147239336209
wisdom	5.102406173732337	5.085003727748941	5.278297714234288
rock	4.970326145473766	4.896774511609704	4.909652986970594
decide	5.0646559339238255	5.077642654198679	5.302682919493349
exclaim	4.911245653881581	5.065765816493608	4.907659123298516
assure	5.069833858909003	5.071862245926742	5.166933910638465
sign	5.039343729328869	4.985467784107521	5.1221577876720845
preserve	5.1238328626975465	4.936300562563273	5.170933979209379
commerce	5.136719275327778	4.975930258588737	5.28071298988745
plant	5.1135719769419765	4.801110338072225	5.006571956544419
walk	5.12560601025743	4.863512322149201	4.921819017046271
difference	5.085021057527593	4.957329477421877	5.207860778032719
hang	4.951447069634449	4.895440436377743	4.833937804130592
following	5.241044704941939	4.875679921059924	5.237853734251785
employ	5.131507998601349	4.9292779219298035	5.204072152607393
