deal	5.0437430850888	5.006457186736998	5.107290817471545
study	5.274120773236159	4.903991229169547	5.2455154230651235
afford	5.175811812299361	4.942162547091576	5.21629294834813
service	5.179967082923666	5.016776786041567	5.284645372036687
height	5.069638837025126	4.872037297449451	5.041152597632605
prospect	5.1518478677736725	4.989843370038561	5.162171886153148
pleasant	5.233814849120111	4.839555028880984	4.974018244074882
shade	5.12576305137779	4.844702835286035	4.9483687637314056
listen	5.0215637793164785	5.066372023059517	5.033221730919228
mighty	5.004231194639352	5.033338205506005	5.081061269798989
country	5.116764848217299	5.013346155922454	5.26756460622226
title	5.220525111992881	4.969817602719843	5.342881867212498
choose	5.142929933135801	4.952336581313787	5.206120855471986
village	5.144153636325804	4.905381563642459	5.072149350286836
acquire	5.21427359178966	4.969336682118502	5.29826660657525
rank	5.130256988117435	5.057096839226875	5.2716834816391325
bow	5.0517174303359615	4.964629918456815	4.984576501023448
doctor	5.0053384945124355	4.983810253507343	5.00298038371753
talent	5.241783230274477	5.015995515037515	5.320753086131099
source	5.168637995530152	4.969716904543613	5.251189068577846
lead	5.053069102800319	5.027326703522698	5.148748926861491
question	5.057371049823591	5.040174902294645	5.261766064282873
publish	5.234306583554178	4.939797251372716	5.332395296273214
interest	5.146040174243246	5.034599658601166	5.291793609688548
serve	5.054361895640246	4.967011062295772	5.09557604257876
divine	5.13235154042323	5.015092147778408	5.248388611174089
put	4.959905417949686	4.931007014306541	4.950593917277816
shadow	5.045927907854541	4.9222456391051175	4.988753470449078
practical	5.178233025187189	4.973250581846774	5.324935852764432
surface	5.064046465556796	4.804156434071538	4.957177230089283
account	5.0955756111526185	4.982578219735021	5.196979683809857
loss	4.9412261204785395	5.093410156170038	5.12797037856417
indian	4.9736234910527655	5.034291534776951	5.117850943498041
vine	5.132759589578651	4.788403285531254	5.005477268798511
certain	5.04601881898984	5.0242395218056375	5.206421656531566
sin	4.867121997413966	5.127280324038763	5.0916053935058585
necessity	5.004228108322858	5.074460310106547	5.254478753762192
lose	4.97973681666923	5.058616365355331	5.057955852932692
private	5.099613006288983	5.055796663444808	5.280717388035278
gentleman	5.148695538440103	4.95702947883056	5.11707741173262
daughter	5.041037371006162	5.052984830612338	5.072503703768147
drive	4.840903925392359	5.094487974800271	4.961844383767674
strange	4.960032519877563	5.046846959310357	4.96695374803565
journey	5.136710551412304	4.939269041579811	5.050124052918788
uncle	5.10880552722502	4.940631311414475	5.01314674564845
species	5.0503367106095	4.938436748647673	5.134850274467146
think	5.03162664698337	5.029751176367756	5.069282399682947
bed	4.9943199188939	4.839768624975443	4.816201821819187
wind	4.938463292748713	4.955156870461475	4.886365247672728
bless	5.083193151243304	4.969891632335715	5.016161746995244
destroy	4.881105124662158	5.097823240120013	5.113821032006795
author	5.211233854016699	4.986219953631103	5.289424604697022
sustain	5.039871517715708	5.052453329153411	5.249826426868425
black	4.956334284200198	4.8692522315549915	4.849823590609047
event	5.076806212521033	5.084539509207558	5.264944826098205
liberty	5.073366140405489	5.110703083917498	5.3158548676953155
negro	4.943517143607246	4.965799282263826	4.979634365594019
little	5.103607716071584	4.8992398311933325	5.002066007013761
fortune	5.080141586513279	5.075869503459103	5.167374965991281
touch	5.047196442930262	4.975874217457068	5.01400097359577
kill	4.780653909261042	5.0956133187577795	4.906763596482835
feature	5.102286629478121	4.946905634707582	5.089281064487255
happiness	5.118183824155296	5.0691491049064945	5.225159130628345
assume	5.074610326269518	5.026634346512348	5.205342772139156
notion	5.075668911010411	4.985180391080467	5.15415466417064
purchase	5.163321084096344	4.88446351433755	5.155138150746493
faithful	5.130249488893408	5.064271130358086	5.232809910071594
soldier	4.9173893343992505	5.160730070548526	5.0938314055465055
father	4.986673070961036	5.064723256731888	5.061362278291974
narrow	5.005858479412597	4.900145039864969	5.003660805996443
great	5.113840526551014	5.0075630584817	5.236317311408694
tear	4.905930220616539	5.014082530101192	4.885199569168397
honorable	5.1316927158435615	5.1133693445874515	5.355793232594062
previous	5.095121004240219	4.970233451717733	5.194342038149921
good	5.09493924047604	4.995584985445824	5.122643106742834
domestic	5.146696105744732	4.955672160170134	5.186572520174758
glory	5.1577911578241356	5.0158125812228445	5.18657874707423
lay	4.995427932674143	4.9109283131617	4.959396920200091
occasion	5.069726780650899	5.05295622336815	5.203130096733176
guard	4.909072338759103	5.1161514725537796	5.086462180090547
whole	5.067684901323804	4.956532128804486	5.145002351209079
mouth	4.976774945044145	4.8842600554177915	4.854491808004594
receive	5.140125177964861	4.984467809144034	5.2183167465168205
take	5.01050156173298	4.981771613571138	5.059000701949881
simple	5.168155915627754	4.89898115892181	5.145720241661891
error	4.977751646590672	5.096204527138161	5.253409459549827
wisdom	5.10290130985404	5.078710126517693	5.272553175090933
rock	4.967784355170058	4.899440843441263	4.904334578479377
decide	5.065655324059463	5.0709758858984255	5.295492284644666
exclaim	4.913042895810128	5.06435777834642	4.904622631789941
assure	5.069101490333463	5.06715467123585	5.160306256377827
sign	5.041087792484766	4.98369380009297	5.117581171545041
preserve	5.122318556648518	4.933398140453456	5.16530277611284
commerce	5.1317025327447015	4.97122959731362	5.2702397151896
plant	5.110997282792897	4.802372421739175	5.002920812794291
walk	5.127144520304806	4.863988348934635	4.9194637450090895
difference	5.08525468914327	4.9523326261621845	5.202895859645208
hang	4.951986718278013	4.898211668674298	4.833792397693464
following	5.240075930185759	4.872466984326811	5.229617670215569
employ	5.12841584703637	4.924529847741748	5.19507329895171
