deal	5.043478794904727	5.013914039626939	5.112431273977362
study	5.275023338388527	4.915027733771135	5.2553622991420985
afford	5.178075090738193	4.95076042385385	5.22534237809802
service	5.1786212547294594	5.026037860026892	5.292874579865141
height	5.076216873920184	4.878360653867091	5.047695996145342
prospect	5.156708684273931	4.996951496514494	5.170801462271688
pleasant	5.240409677238493	4.847168572642316	4.982448003103141
shade	5.134192976400978	4.852592712004257	4.957044311614507
listen	5.020773788319243	5.075785937562287	5.040845367454201
mighty	5.0068389983238895	5.03971134185286	5.085138328086276
country	5.117204655640117	5.022276865742975	5.276257653050483
title	5.216602814916763	4.98103093744317	5.352579613588694
choose	5.141175286968434	4.959022317500228	5.211618725995486
village	5.148091795928719	4.9130708273400545	5.079315271361152
acquire	5.2147192620527525	4.979132152593135	5.308122688173382
rank	5.131150124184234	5.067041376859617	5.281047350155531
bow	5.0536720646395645	4.9734786958268336	4.99033415776256
doctor	5.003663477602192	4.992130874424318	5.007436902471864
talent	5.243035892296854	5.026461059437229	5.331761752019987
source	5.169323636634446	4.979183829395891	5.260344947538708
lead	5.053917692678176	5.0361521433786915	5.15571801886032
question	5.050649105973677	5.05029860826517	5.268056689192287
publish	5.230627044787857	4.951410423413593	5.342542056527208
interest	5.144849325096093	5.044345925738779	5.301055987644207
serve	5.056086166007166	4.974230692401815	5.1017659651141125
divine	5.130908051431351	5.025237309845115	5.255967778982085
put	4.95959222268092	4.936126446521171	4.952806808192718
shadow	5.0510164860316085	4.929523463875487	4.995173262446097
practical	5.175543123874761	4.983795207434589	5.333687015788027
surface	5.070194898373141	4.810135728297032	4.962719211729655
account	5.094613228758192	4.9920840391249	5.204837599901803
loss	4.943917069518634	5.099579326666608	5.135721728308384
indian	4.972070311714194	5.043339296884624	5.125415230662607
vine	5.140200625030511	4.793160468360979	5.011740330251412
certain	5.044486632830329	5.032849138783273	5.213193629749084
sin	4.866404622284068	5.1343506014479265	5.095918598567435
necessity	5.001240642660456	5.082983254973989	5.261305146815104
lose	4.983500571410143	5.063955133695949	5.063578622456852
private	5.096804050065604	5.064709968106501	5.288081127591493
gentleman	5.147347629845661	4.967411186563418	5.124925680140607
daughter	5.043930207608039	5.061417169459809	5.080097880528688
drive	4.844187119362378	5.098958095395937	4.965235718207591
strange	4.964011083723719	5.053999876915575	4.973639985234574
journey	5.1415898556267985	4.946162801539426	5.057738165380306
uncle	5.108845554009806	4.946661837063211	5.017136292608216
species	5.051471912137305	4.945336037284083	5.141544486792209
think	5.0321715967697855	5.036392931120048	5.074571297375722
bed	4.99897990457874	4.845264358232093	4.8189795735322045
wind	4.9433199051674945	4.960465371875549	4.89025290044535
bless	5.085717974515174	4.975070215088824	5.019316688784749
destroy	4.883261784809738	5.103888739505537	5.119939151807343
author	5.210280050645994	4.99852060941495	5.300545061544161
sustain	5.0399647837688555	5.061776682207776	5.258993299409861
black	4.961612088286485	4.876970788890334	4.855335914305738
event	5.076997863901517	5.0946240089052575	5.274616749957763
liberty	5.070326053116751	5.120388415277373	5.324069401667272
negro	4.944537151683975	4.972967540178309	4.984357216919024
little	5.107300470430562	4.906818619512261	5.0090333571297885
fortune	5.085433610246555	5.082708142601355	5.1754121526382235
touch	5.047541741742174	4.9851739763204685	5.020886059937784
kill	4.782593572551147	5.098339353061904	4.907565046026358
feature	5.105120451471154	4.959215448120909	5.100786382844329
happiness	5.12064808645248	5.077440442488938	5.233335031848838
assume	5.073084542863689	5.038147071637939	5.215420469233799
notion	5.073127663439322	4.993726118549833	5.158778687689548
purchase	5.1647406171811525	4.889972902216836	5.161072565223848
faithful	5.12930775507143	5.074342859281972	5.241754319516259
soldier	4.918524694937584	5.167447152369775	5.099653404725219
father	4.986658564971221	5.072495002369631	5.066874117150193
narrow	5.009462620144965	4.9076425905414975	5.0090888155955176
great	5.114438709514032	5.01654895235493	5.244468690350142
tear	4.909488991545387	5.020123066976042	4.89001928247977
honorable	5.129237254519592	5.123408689668346	5.365336646864669
previous	5.094224268459891	4.980348920103752	5.203606636825898
good	5.095184403704103	5.002477553620162	5.128348491480115
domestic	5.148399456208989	4.965585291348846	5.196624930093695
glory	5.163569698689258	5.022713878635613	5.194512160645826
lay	4.997546467533338	4.918423946324437	4.9644451567759615
occasion	5.067890253049359	5.063410905197175	5.211959538042033
guard	4.908332776093623	5.122896878043815	5.090774992018564
whole	5.068470631709644	4.965446737919498	5.152075864001082
mouth	4.977922244711927	4.891822494131071	4.8584186628775266
receive	5.138051543025213	4.993078132927441	5.2263881423685525
take	5.00945064038298	4.988720589480201	5.063982651999896
simple	5.1690671062492575	4.909499809521984	5.154604146598402
error	4.975565853483233	5.105675005620953	5.261458999872264
wisdom	5.1025648341861505	5.088293741407598	5.28116639318109
rock	4.972671129576579	4.9047129876266675	4.90737105428893
decide	5.059906541666442	5.0806123433146135	5.302287057705647
exclaim	4.913797384780576	5.071179806798696	4.908372612526021
assure	5.06782181393029	5.075282208128071	5.167104151632637
sign	5.037787064728511	4.991937951500063	5.122324349936333
preserve	5.124863351689376	4.942623211809846	5.174362811954261
commerce	5.130618066264824	4.97957479965507	5.277791290333718
plant	5.1176327420937024	4.807830915140141	5.009292438426152
walk	5.131604496470294	4.870985739945214	4.924646848638026
difference	5.083953044452764	4.960956580196718	5.209942092628273
hang	4.9577088062492685	4.903374675728494	4.8366303708385106
following	5.236315654028116	4.88423193611123	5.239051066467265
employ	5.128774281733598	4.933197299037691	5.2027058149054035
