deal	5.041056909265698	5.014376570752229	5.114247049001868
study	5.271323324720304	4.914273828872546	5.255821156635341
afford	5.1727870305008885	4.949975625274473	5.224611385894725
service	5.1762562511836725	5.024525732922367	5.295562258859486
height	5.071995241491273	4.874648243903036	5.046974461495443
prospect	5.150760134780993	4.996555755238483	5.171694744622556
pleasant	5.231766249243495	4.84564134831836	4.980459923031316
shade	5.127629315052264	4.848621512880154	4.954556965555814
listen	5.020635552694175	5.0786585076304185	5.045439999207227
mighty	5.006722437642354	5.037196649797951	5.09024599743105
country	5.1146597799044375	5.020251711178247	5.277343613759193
title	5.218953917512533	4.976341347317238	5.35462083337333
choose	5.1382322380427325	4.956024653618515	5.213054758705393
village	5.143292425708043	4.909947228622811	5.079944921548501
acquire	5.210511725995486	4.977806888345522	5.307694889175598
rank	5.131626405306254	5.064577449614544	5.284801418253275
bow	5.053638104293004	4.971863373847574	4.993964866603638
doctor	5.001916072054814	4.995149062592851	5.009293982478108
talent	5.240213376224488	5.025916774026691	5.33284634118038
source	5.165458158188461	4.978283111763162	5.260282382117262
lead	5.051702756758581	5.035992759003887	5.158766057920783
question	5.051395432551871	5.051055281987254	5.271268627012277
publish	5.232200419858284	4.949295922514313	5.344217432136271
interest	5.142097316659683	5.045283655487236	5.30244401790775
serve	5.0526987689481935	4.972589528168939	5.1024536487346595
divine	5.130552312963768	5.023791351911969	5.2592478260963444
put	4.956188424408122	4.93507790621416	4.952741680346909
shadow	5.047922793891842	4.92669750962623	4.996100900266974
practical	5.17317339059785	4.983101808281124	5.333738793543255
surface	5.062988681900535	4.806649098942216	4.95868864028294
account	5.092393154946414	4.991796189776627	5.2047629040428935
loss	4.938165511918503	5.101798144259376	5.1355059437761845
indian	4.971733746953228	5.039376987592728	5.12621182338702
vine	5.1289834964601875	4.788652086105396	5.005283608469606
certain	5.042187918241785	5.032336797343685	5.213587513876465
sin	4.8649116170847	5.135663462341443	5.100064562417479
necessity	4.99793821804723	5.084333775943702	5.262861970492036
lose	4.979572199032447	5.065156352657188	5.065739612668333
private	5.095456499789812	5.0662137986649975	5.291856742854535
gentleman	5.146106434020719	4.967383716548531	5.126488841679462
daughter	5.041518884561277	5.062767058994588	5.083784038787356
drive	4.841204057141996	5.099862697794454	4.96872485579451
strange	4.9625467101016225	5.055156970511476	4.976234231180646
journey	5.136430141216676	4.945049812702665	5.058780111052505
uncle	5.105175896956548	4.94776341969882	5.018518924554336
species	5.045459063028286	4.943132407889857	5.13738756283294
think	5.028992487832693	5.038174759977863	5.076669756699764
bed	4.992499170166501	4.843891146309734	4.818547299134178
wind	4.937789141389281	4.958779380611568	4.890277763937773
bless	5.080927861264006	4.974473351248844	5.022147449940046
destroy	4.879682923575212	5.102346731336938	5.120414252160675
author	5.210833163089963	4.997263757638267	5.302176955487457
sustain	5.03764004867837	5.061290669230771	5.260133642158205
black	4.961362288876356	4.872160573805731	4.854604535029958
event	5.0759711657752655	5.096086700511448	5.27789487400782
liberty	5.069567711058137	5.120280769549386	5.328684726749335
negro	4.941844014810082	4.971136498402309	4.984390644176894
little	5.101941203967586	4.906190715659721	5.008231691578882
fortune	5.080861951334798	5.08284110873499	5.177875026981023
touch	5.046250104793495	4.985191727390598	5.022235076627852
kill	4.779047861005454	5.097408125161088	4.909790425157102
feature	5.105234562903022	4.957169985958239	5.100570707123557
happiness	5.114865381339264	5.079456027621446	5.235587298206734
assume	5.073451512716361	5.037308048698808	5.21649114798307
notion	5.0724723107968375	4.993733099220425	5.160077655542273
purchase	5.157723561974363	4.886829234420109	5.159005618738828
faithful	5.129371382930909	5.074307714790836	5.246843280353825
soldier	4.918206315831837	5.1674069678097725	5.105385928583502
father	4.985216771300879	5.073768908592855	5.071312629949803
narrow	5.0060751364678575	4.905018752132249	5.009730642918271
great	5.1125310170676785	5.015634639666097	5.246203125326831
tear	4.905334647625451	5.021081142736747	4.8911056293304656
honorable	5.129608587114843	5.123892781518276	5.370175867808744
previous	5.091543056645967	4.980189338216634	5.203599845634968
good	5.091049538334028	5.00244229176083	5.129237678652512
domestic	5.142362430801136	4.964905238420115	5.194626749500313
glory	5.161576807139578	5.018737488117074	5.1979149042188855
lay	4.99559812396365	4.915079379931873	4.966004001155304
occasion	5.065553885696022	5.064874340388399	5.213562656921017
guard	4.90784110710379	5.123012226564262	5.096146389582972
whole	5.066653714684592	4.963261512195333	5.1528490280841845
mouth	4.97712094037322	4.888949929669769	4.858506885124143
receive	5.135372713948055	4.993615860108475	5.227237297701718
take	5.00674029442369	4.989125964569755	5.065369559720679
simple	5.166269692091709	4.907633343269074	5.153619371144987
error	4.975060936020971	5.107132565485676	5.263506843019432
wisdom	5.101921267004896	5.087541448817265	5.284597117085657
rock	4.969369900263225	4.900634160610764	4.908759312628674
decide	5.059865431974339	5.081603260254498	5.305988449823296
exclaim	4.913481979592174	5.074324123475109	4.913171056513848
assure	5.065967633230716	5.078026951397637	5.170673995293131
sign	5.039704966865831	4.991302705288902	5.125786512281987
preserve	5.121516380850726	4.939522921717032	5.17272396452168
commerce	5.126222253598242	4.976924014124046	5.27649340820495
plant	5.108274159095937	4.8027579204164175	5.003778610138064
walk	5.126205829079764	4.869937013618405	4.925949860304258
difference	5.080292653633947	4.959887608297713	5.208043101129852
hang	4.9550272452790285	4.900019252822873	4.837752432033743
following	5.235664576103833	4.882050372265462	5.238614104385967
employ	5.12503154211598	4.930743605263274	5.201301045051174
