deal	5.035767692686151	5.0089691217815275	5.109154490235189
study	5.267837062589062	4.908661350896743	5.250343023695352
afford	5.173453176079763	4.944393964224519	5.22298122230364
service	5.173829266122914	5.017562910891161	5.289959098070723
height	5.063173141108975	4.875582009554937	5.0439998977783915
prospect	5.147899396783972	4.991304547178638	5.167746678731144
pleasant	5.224091831375253	4.8429908536665005	4.97834348097591
shade	5.1164021878633195	4.849401537866762	4.951928477516164
listen	5.008264880666504	5.070442136838393	5.0365201167045495
mighty	4.993996240512864	5.035421080802804	5.0806173211648185
country	5.112901971901857	5.0155783949718336	5.272391740715356
title	5.212977019532914	4.970749941852086	5.346461449217167
choose	5.135372284552687	4.951836588392389	5.208892717553038
village	5.139909283948335	4.907475428672931	5.080007997055205
acquire	5.208981380065629	4.97275546225518	5.301849383108937
rank	5.123185697584962	5.0602045960755	5.275345232600131
bow	5.037763530304853	4.96814644093122	4.984913499735321
doctor	4.994092683102862	4.987651188395789	5.005053514100919
talent	5.236747048100548	5.019640662245809	5.3250864844452845
source	5.163430882956205	4.973264316351977	5.255945861957068
lead	5.045732153463039	5.031732873638753	5.153590616212656
question	5.049479706441684	5.0429879200870955	5.264848630518842
publish	5.230977191940525	4.94214641496822	5.3402568206473084
interest	5.142564466370431	5.03708896635889	5.297265874937305
serve	5.045894261891834	4.969724314183707	5.098583965027067
divine	5.120860893914508	5.0183976034184	5.249485400284646
put	4.950158498480583	4.933136495458253	4.951790395849886
shadow	5.035650089259628	4.925926595810531	4.990774790549367
practical	5.173374206718868	4.977405736359087	5.328967464758378
surface	5.057570877070705	4.80896805145117	4.9597505251978875
account	5.091908885844756	4.98578705315952	5.204090091552131
loss	4.936765287162904	5.095022651485442	5.13361205489703
indian	4.965174242802998	5.038459405153546	5.124175321008376
vine	5.12683017770905	4.791810303699816	5.0084062008367685
certain	5.039280136944919	5.0271999215214045	5.209730683943337
sin	4.8536639601069895	5.130426644824058	5.091085925473633
necessity	4.998666490116779	5.07738103149347	5.25880679162243
lose	4.971414335517184	5.060401878209545	5.06033165583908
private	5.096411353463095	5.056831557153738	5.286691112312045
gentleman	5.139982131929792	4.960376046762532	5.121587644698799
daughter	5.028877508910129	5.055157710360632	5.074910011536209
drive	4.832635793646115	5.096907154907439	4.965427179115101
strange	4.948597120583309	5.0502645459336755	4.969920461951994
journey	5.130821016949354	4.941846409821771	5.057939117361988
uncle	5.098912786822045	4.940886931103203	5.015275150612173
species	5.04499229248339	4.941107693461113	5.13810891399226
think	5.0211444370418965	5.0314725389651915	5.070737594835404
bed	4.984185981390426	4.842890615812613	4.819087310551761
wind	4.927464705690241	4.9595126189638385	4.888458281360288
bless	5.067643340341795	4.970508908396588	5.014323076588556
destroy	4.873081239359914	5.100578741088569	5.116090374667798
author	5.204830066532325	4.991285568896863	5.295495238786559
sustain	5.035315858377111	5.055476176609479	5.254467795607332
black	4.945645025235508	4.874131758069249	4.853512663652643
event	5.073682281267035	5.088548326048822	5.272965305001334
liberty	5.065107426172524	5.113263166939551	5.318343571262936
negro	4.9364385117331855	4.969276005882109	4.985186013659775
little	5.0953769301634315	4.902648385298293	5.0056936199332265
fortune	5.07381062228254	5.077315142844663	5.170154752573444
touch	5.034125039858416	4.9804564969315175	5.0151194717772505
kill	4.768520324451273	5.0978729909127	4.908681787904848
feature	5.093475252045882	4.952450483843966	5.09313998789192
happiness	5.110399650064018	5.0719728590610975	5.227622251586181
assume	5.067609889102896	5.030898865219681	5.2103368478383905
notion	5.066721899564197	4.988610432639012	5.15424747135273
purchase	5.159011806418316	4.882476072197449	5.15927889025992
faithful	5.120518333510524	5.066787984425328	5.236691613834605
soldier	4.906722691882088	5.163510117720689	5.097184616156738
father	4.973479451632809	5.0666962942630285	5.0628337900368185
narrow	4.999335570378506	4.904389934818839	5.0067583416805785
great	5.108437556630463	5.010659678493177	5.240608345775976
tear	4.891782588617915	5.017311350225727	4.885446292419329
honorable	5.125483879884853	5.115294321753996	5.360655483614887
previous	5.092293933634968	4.973844123936532	5.203375211516147
good	5.084768786987561	4.99756399270551	5.123947702195201
domestic	5.141496907304174	4.959171818577189	5.191491906726077
glory	5.147862707244982	5.017073958373584	5.1866338607096
lay	4.9856096040294	4.914399051887063	4.961627476840779
occasion	5.064426724214886	5.05722634039937	5.210161556554596
guard	4.89934594402147	5.118327075641721	5.089931797867091
whole	5.0621290882401295	4.960106026470966	5.149172059139026
mouth	4.9640030569069715	4.889357608895767	4.856351287910239
receive	5.134416006257999	4.985358047948103	5.2247395897734386
take	5.002908730325875	4.9839596734524365	5.063272456695065
simple	5.159149069874565	4.903352613996427	5.148235966548244
error	4.971411342479673	5.100852501361277	5.257338272897974
wisdom	5.092394416189105	5.082582399749225	5.273669036999749
rock	4.958082836105144	4.903143681402586	4.9064487504485
decide	5.05966208314408	5.0733008464008345	5.2997048614707145
exclaim	4.899105383719122	5.067569781802566	4.9065878662873015
assure	5.060326752028186	5.069487868006375	5.164679846123462
sign	5.0309607590396626	4.985382529902943	5.119755157890421
preserve	5.115605007466754	4.937260305340847	5.169268420575801
commerce	5.127620635756224	4.973228231654075	5.274002196726208
plant	5.10359417693637	4.806396548382384	5.005336630381896
walk	5.116672903857681	4.867437102092953	4.92331757860484
difference	5.079436475070104	4.955565674835123	5.205957800506488
hang	4.940469669786558	4.900859969531231	4.834774676751657
following	5.23480063377971	4.875904685161719	5.238199655135581
employ	5.125296039236636	4.927134118407439	5.200385058736157
