deal	5.039544617501364	5.014266561741479	5.106347949173108
study	5.273017816495178	4.911682546728478	5.247634911964459
afford	5.176486543079947	4.946984123571295	5.219767080616236
service	5.1784867787244515	5.020754460736187	5.287222931903794
height	5.0750940965581774	4.8699369138317765	5.042807155152092
prospect	5.1542506977062255	4.993459592182857	5.166286331668148
pleasant	5.233011052076985	4.845494925286172	4.9776406616187066
shade	5.128646919795685	4.847504618462217	4.951979107047776
listen	5.017570184479024	5.077424119252138	5.035958822686619
mighty	5.003599865244835	5.03635251756888	5.0815673504366305
country	5.117200283357945	5.016985513572109	5.271488151024273
title	5.217148728824284	4.973962484525892	5.345154235004589
choose	5.137472731274499	4.955557080991235	5.204946082562745
village	5.146191109803693	4.907361390791694	5.076524595246723
acquire	5.213231525570082	4.97391820991915	5.300520588227182
rank	5.130435134964514	5.06143763016935	5.274943816510984
bow	5.0517976033913445	4.968967488600071	4.985186475983341
doctor	5.000232751911896	4.993714715257504	5.001339923182766
talent	5.241133610962829	5.022674329105837	5.3235915624637205
source	5.167767661801892	4.974519554413519	5.254901887685927
lead	5.051630094707684	5.034751926375868	5.15211821103782
question	5.050750083338967	5.049443123927728	5.261773298563084
publish	5.234118205398178	4.944978126187347	5.336149556481538
interest	5.14565049861835	5.04171055271134	5.295440044899942
serve	5.051231375805403	4.971666099858518	5.09635439870659
divine	5.128442287624534	5.022385231373078	5.2497084738642315
put	4.954468138316983	4.936826944727902	4.947590274725218
shadow	5.046964742151429	4.925928367148837	4.99070591070477
practical	5.175539904714459	4.980599247279209	5.326511664426551
surface	5.0664634374739075	4.80402071410081	4.957356166963998
account	5.094557491045057	4.989166447077411	5.199550584808326
loss	4.942133543645519	5.09806888403455	5.130415615328133
indian	4.971382574407245	5.03694023733804	5.121271274824625
vine	5.134315578338659	4.787543160512289	5.0040668658941225
certain	5.042529955210355	5.031271077384158	5.207480153035466
sin	4.8605486358505665	5.136599368137881	5.090256258834524
necessity	5.000590076603159	5.08134437808193	5.256272866772818
lose	4.978614860480303	5.064492597356531	5.058852252115862
private	5.0976948980129215	5.063683213652717	5.28441156614379
gentleman	5.144905982298423	4.96586528296942	5.11850173686024
daughter	5.040123967085558	5.059717075943942	5.074906131021154
drive	4.840241887729519	5.099323750604402	4.96329754611825
strange	4.958975597838287	5.056178552575793	4.970176766854599
journey	5.139636272464562	4.942312679152824	5.054999662621852
uncle	5.104020731819271	4.947280071835755	5.011765677629946
species	5.0500207219725555	4.941350127603069	5.136010306422866
think	5.026270482062569	5.038730040759981	5.068319454720652
bed	4.9932219655379315	4.84425240887859	4.8157691387735975
wind	4.939296574428257	4.958103121271781	4.8872911086755755
bless	5.077467074967361	4.975031719500251	5.014278905615507
destroy	4.878875730812887	5.101979415497535	5.114632790808369
author	5.209848676329131	4.99517478803651	5.293225361097682
sustain	5.040550755342816	5.057001106635993	5.252485329084317
black	4.958380640099629	4.871108112217018	4.8511618376349155
event	5.07920155832606	5.091104252740011	5.270680570092975
liberty	5.069656867922892	5.117148175037956	5.318362844127544
negro	4.941007747461125	4.971459174619675	4.979992732113829
little	5.101906416261041	4.9057615088516195	5.0031433035745705
fortune	5.081526429833245	5.081544889415783	5.1701554884354755
touch	5.04420755491696	4.983719849454422	5.014710668178832
kill	4.774776810227128	5.0991970018186645	4.903460054974689
feature	5.1055803922806495	4.952267408614396	5.093472497237578
happiness	5.116143201601337	5.077636618338991	5.227971763346087
assume	5.0734814392402345	5.033540099730772	5.208460395017954
notion	5.068661981409132	4.995167732974678	5.151533597982922
purchase	5.161540365231122	4.885910349986192	5.156090736085746
faithful	5.128281242584692	5.07228283759998	5.236310280915574
soldier	4.916391116396581	5.164966035233225	5.096254388556941
father	4.982488833285727	5.0716553227719015	5.062048713976986
narrow	5.007749526405703	4.903031638386355	5.006040982643922
great	5.114103837776619	5.011586260695011	5.239315548515535
tear	4.9039040618537015	5.019647438549363	4.885357456592269
honorable	5.12904888363784	5.120869240544174	5.35938215430457
previous	5.095933544789315	4.975484435122017	5.198099238625259
good	5.088902998685361	5.002947385767132	5.121823803880046
domestic	5.145866295723421	4.963113780935026	5.19066864065835
glory	5.159055842601326	5.017184586473821	5.18917555510084
lay	4.994868410108819	4.914388641574003	4.95980250258876
occasion	5.068243669431016	5.0613977034755795	5.207005293644415
guard	4.9078615400284935	5.1214780900120465	5.088128656594293
whole	5.067499059547581	4.960537053081789	5.14686149029291
mouth	4.975978245345374	4.887037732368843	4.854858814506674
receive	5.138313815116724	4.989410451877378	5.2212051048346595
take	5.006542785062377	4.988314554361932	5.0590939765388745
simple	5.166086086519511	4.906579487057073	5.147047680450945
error	4.974407836306682	5.105739059150743	5.254902509438341
wisdom	5.099444929699728	5.086427828492927	5.274530621041843
rock	4.9702357172962905	4.89887551560741	4.905350703975555
decide	5.060278416438541	5.07936677948345	5.2958116184936515
exclaim	4.909732381990014	5.07273803438779	4.904875396175338
assure	5.064929776364737	5.07556416719132	5.161978768140468
sign	5.038131911589854	4.989352459416501	5.117863178407182
preserve	5.122529771693011	4.936035548174257	5.167467471146157
commerce	5.131560633722481	4.973414563958002	5.273440660488755
plant	5.111242497209746	4.802510356529753	5.0018784314517095
walk	5.125861360592581	4.870485322968098	4.921256384311793
difference	5.081791308188606	4.958456007055714	5.203689577714751
hang	4.952804225223842	4.901845069452084	4.833289340016065
following	5.239181981192325	4.877965694017	5.2327291654178785
employ	5.128517979678108	4.928510612659026	5.196823561955101
