deal	5.038827166338046	5.00425904029325	5.10708649293422
study	5.271607062633075	4.9015827655451565	5.2456894816440345
afford	5.174409860521332	4.939662291729284	5.2167856891453726
service	5.176043580127646	5.013888705179313	5.28602619259027
height	5.06703807078844	4.86843007350785	5.041312417696288
prospect	5.150733668658578	4.986947871956513	5.165599157553839
pleasant	5.2331546143032845	4.836153216476421	4.97795682154116
shade	5.126091027787712	4.841823140631865	4.951917838745303
listen	5.017384960083939	5.064543285394252	5.038112630668567
mighty	4.996684030022679	5.031730362279326	5.081470317906643
country	5.111168979841704	5.01314433301962	5.267978886851135
title	5.21071772884359	4.966461076601647	5.341395805128623
choose	5.136166639106675	4.948419013676284	5.204874918299523
village	5.141536426027132	4.902976352343588	5.075473073799157
acquire	5.208881829702833	4.968479348015297	5.297725582811087
rank	5.125941728359614	5.057628998144026	5.274833882051162
bow	5.048933814615196	4.9621076393683365	4.988639320443412
doctor	5.003738773684989	4.979059161042068	5.0040463949204685
talent	5.238966797037228	5.015038261649526	5.322299999455694
source	5.162716615286577	4.967921493057519	5.250187584304837
lead	5.048137830990532	5.027652121059668	5.150739597432972
question	5.0490762125287185	5.038425390958433	5.260605439059416
publish	5.228397103302266	4.934954313953685	5.33114517739278
interest	5.141672936651589	5.034565221837708	5.292916832475364
serve	5.051277706479148	4.963897876112631	5.095506787562528
divine	5.124486669211722	5.013758895085706	5.247280724656168
put	4.956029452611086	4.925822850294934	4.94880288131031
shadow	5.042613001240527	4.919194964102277	4.991134703115876
practical	5.171598793742065	4.9729954817288275	5.322729548598945
surface	5.062653843338885	4.800263354958069	4.956426742112024
account	5.092111277877386	4.979854539531103	5.197176394586952
loss	4.939318654424682	5.090422031499177	5.130209466140972
indian	4.96489515569313	5.034308597745941	5.119937835620008
vine	5.133595362171457	4.783493815960721	5.004630449110327
certain	5.039502485153664	5.023499273247557	5.205227411198417
sin	4.859263304304929	5.126650552238451	5.09162563836698
necessity	4.998027325899907	5.074178111013652	5.2538888832178285
lose	4.97636537343337	5.055816870318026	5.059843869386252
private	5.095438642091978	5.054160248091329	5.281208285416446
gentleman	5.1464300055561	4.954443603346506	5.120061130136075
daughter	5.039798036146236	5.049538299670582	5.077735311653682
drive	4.835948321798529	5.093704241238873	4.964918186381491
strange	4.956951318019157	5.044497498571178	4.971110643185882
journey	5.13492904463396	4.9340946542625455	5.053593558860163
uncle	5.1073156400936695	4.933353551325249	5.015519726937806
species	5.043822527203015	4.93690713868967	5.131419307566026
think	5.028079854747194	5.026004866743159	5.070922878272929
bed	4.994911892249711	4.8338110394384595	4.817748015888089
wind	4.934972305534158	4.952425486028341	4.8889610543556
bless	5.077560492827784	4.965033159637631	5.016781619876287
destroy	4.875074161071523	5.097755182575311	5.113660417061533
author	5.205993706340792	4.9843991199429505	5.28998547681091
sustain	5.036042515889651	5.052081784071659	5.250875640053893
black	4.954688138103655	4.866010315381903	4.852753138397679
event	5.073932800414884	5.0830968445975655	5.268019008610382
liberty	5.064959184041672	5.112059508736298	5.316965257419922
negro	4.937188573486182	4.965034762807404	4.980815884995787
little	5.102689067301958	4.896056539653315	5.0042666827767714
fortune	5.078559726440794	5.073631067528037	5.170605860974377
touch	5.043838352272351	4.973227251481795	5.016224629655286
kill	4.775141405289405	5.091832098447198	4.9084949445810855
feature	5.101340588921075	4.945755715880142	5.093676519580133
happiness	5.115408503723183	5.068844277242039	5.227632279426414
assume	5.0703450348067305	5.02651387985117	5.207910993298229
notion	5.068614031881189	4.984679640550147	5.152972370653118
purchase	5.157170568980699	4.878521842649	5.152012768385705
faithful	5.125692780427589	5.062896854457772	5.236549096008779
soldier	4.912975377557545	5.159709658270253	5.098462121880093
father	4.983323995956323	5.060779797823197	5.0650349225092
narrow	5.001353906496702	4.898927930740934	5.00359030759905
great	5.108538348101925	5.006213908985674	5.235843619968729
tear	4.90441883612854	5.009743932903692	4.888655290420628
honorable	5.126993097065811	5.1123997933654355	5.358439399203082
previous	5.093029214480465	4.967236917672022	5.1959611472566545
good	5.0902667836249025	4.99278395622563	5.122777099463628
domestic	5.144309704295696	4.95607426727214	5.187905316006867
glory	5.151924177528597	5.012888989309287	5.187763955298894
lay	4.992139323310413	4.907935744156787	4.960658624964371
occasion	5.0668587707006845	5.0525940313326085	5.205601208160724
guard	4.9042270814121505	5.115251516715998	5.089739585267104
whole	5.062988218318806	4.955167342834446	5.144389646430708
mouth	4.972519985573334	4.8793507704937795	4.8553814703499425
receive	5.136741242817011	4.98055986204262	5.219205755166653
take	5.006973894652706	4.977953458001264	5.0597967870056255
simple	5.163763464536582	4.897768031984149	5.145012490955356
error	4.971739399178667	5.095701029673099	5.252936177582653
wisdom	5.095626613818389	5.078700407564359	5.272702869881217
rock	4.963289430439184	4.895800054678746	4.905488129113261
decide	5.058485456303356	5.069450651072654	5.295682300125552
exclaim	4.911027118630947	5.0603590458820324	4.909626581002485
assure	5.065356383115656	5.064643331580937	5.163254156231016
sign	5.035111439406812	4.978797065187599	5.116856176136103
preserve	5.120337032182669	4.930998018406205	5.165044831657638
commerce	5.123610222481085	4.970450791460467	5.267852340794517
plant	5.1097155162052506	4.799204851183067	5.0016320820022795
walk	5.1257999356305985	4.85978733015502	4.9226201250939505
difference	5.078726744485776	4.95141927894033	5.200725174329055
hang	4.951252240585081	4.893289096800367	4.836335343408512
following	5.2362914581110385	4.86746365319585	5.229724422379766
employ	5.124333747723892	4.922384357531709	5.1932098967103855
