deal	5.043041823090756	5.006714221470803	5.107154595458523
study	5.272784678770379	4.904956621431767	5.248734573619132
afford	5.177279432880562	4.9420083000614135	5.22049815231957
service	5.182123353376413	5.014841347051227	5.287299946735701
height	5.075450547635329	4.8688542901090335	5.047473935429732
prospect	5.156935804887184	4.986689924760892	5.167094474303018
pleasant	5.235280589028366	4.836956092163894	4.977306999319884
shade	5.131874499424639	4.84079092314763	4.954136279135096
listen	5.024901641365499	5.065171063124907	5.037985594246743
mighty	5.00838398511496	5.0295175724307235	5.084186807906228
country	5.120042229392213	5.013023010426891	5.272144723743297
title	5.219257313706821	4.967775101111526	5.345141611627296
choose	5.142420668157422	4.9493495583278815	5.206530438535415
village	5.148022925110008	4.903217575323619	5.077057225955947
acquire	5.214473876946725	4.970145572040637	5.301774051125074
rank	5.134664577381246	5.056549102721322	5.277372868576622
bow	5.057210022915344	4.961110301065861	4.988835889346637
doctor	5.004365658909936	4.984324699069212	5.002487622234834
talent	5.242633848225187	5.017282638507321	5.324931699701364
source	5.169420516876233	4.96935172100278	5.255221120547124
lead	5.05634457850031	5.027130077404041	5.153719716170056
question	5.056378980858985	5.041316402001426	5.263816413337241
publish	5.233568900464012	4.939213831664039	5.33620130614967
interest	5.14795451471297	5.036272310523364	5.295748686468867
serve	5.055499805227029	4.964568824580237	5.096554940823995
divine	5.133237176290905	5.013189364937518	5.251060701065761
put	4.95902669714344	4.9285291616769165	4.948746663068511
shadow	5.051284442687203	4.917899565484237	4.993623288063276
practical	5.176817720728054	4.975400023110516	5.328038486990444
surface	5.067369064365356	4.801537642291996	4.960641784976143
account	5.095263308418721	4.983642198833593	5.199133409747518
loss	4.945463650675482	5.091682403216508	5.12958161740851
indian	4.97700639029189	5.032757910547549	5.121578253960534
vine	5.135958758109709	4.784221917329672	5.007287380981611
certain	5.046577299789535	5.0250911535916725	5.208633565416099
sin	4.869504987638269	5.1244762061792395	5.091806936584428
necessity	5.005901292881668	5.075784921740071	5.2583705404408105
lose	4.98348603993438	5.0551733272415245	5.05953783325919
private	5.101102164543079	5.057203402314766	5.284660740923772
gentleman	5.148004980718217	4.9582437447402885	5.11890634067804
daughter	5.046650304481812	5.049612286638278	5.075552028311901
drive	4.847540502743076	5.09150115873633	4.9657651943467584
strange	4.964766470665889	5.044290264598959	4.970435594560459
journey	5.140420299311296	4.934520557104266	5.05379546607809
uncle	5.108309402143926	4.938176919647639	5.011871896123965
species	5.051194710833706	4.938668870239622	5.136371231622924
think	5.031834448479363	5.027995695658071	5.069406024700978
bed	4.997232473185562	4.836065274756754	4.818124177626311
wind	4.944793109310992	4.950945986835547	4.891013190096719
bless	5.084534990800193	4.963906287919747	5.015093194176767
destroy	4.885709230136875	5.095286929819035	5.116103364564923
author	5.210763963507359	4.9869009008355185	5.293340007004433
sustain	5.0450180825548685	5.051825315432278	5.2549206241513495
black	4.962059403908855	4.866188748575665	4.853254972847697
event	5.081786635527653	5.084813379797203	5.27139505154066
liberty	5.077168103793442	5.110089033651216	5.320799684276453
negro	4.943592448617901	4.966028000988487	4.979786846640754
little	5.104039299383514	4.8982681514506226	5.003320461238563
fortune	5.084408902590574	5.072783650945272	5.169229634740388
touch	5.049839796745496	4.974418044049387	5.017053013525652
kill	4.783513406241851	5.09065312151336	4.905129594741148
feature	5.109204441881989	4.94642053824811	5.096632023103509
happiness	5.121582914610296	5.068304588993938	5.228655504496098
assume	5.078037634918315	5.027552847324709	5.21045922407164
notion	5.071575276914285	4.987663395667102	5.153347818132854
purchase	5.162044222605361	4.880530660094794	5.153783357258702
faithful	5.133640213570419	5.061500370912742	5.236154925381735
soldier	4.925159301263312	5.157044204529071	5.0987855445426575
father	4.990843873747682	5.060852090431604	5.062753833768623
narrow	5.009952522786379	4.8989822687467415	5.009222038581246
great	5.116247351378707	5.007477839998275	5.2403101239318115
tear	4.9128604559469204	5.008698076704731	4.887746679141569
honorable	5.134474434265541	5.112824811058514	5.359596800273974
previous	5.097483363224776	4.970228708532601	5.199030650221298
good	5.093988769283564	4.994038901542783	5.121669351844929
domestic	5.148860142592007	4.956872526457628	5.1901595110298695
glory	5.162726297844083	5.009442862115684	5.190037401770231
lay	4.999366383814397	4.906879033380003	4.9620010458561365
occasion	5.0722210277216755	5.054644834381432	5.207821774430687
guard	4.915524951355623	5.11309888906247	5.091342850022451
whole	5.070186993677883	4.956403078722673	5.148752919712331
mouth	4.979962383169518	4.881575407505306	4.857299293850737
receive	5.141682282911679	4.983264503244967	5.220967823391374
take	5.011097561826484	4.980261762225118	5.059871999741898
simple	5.168095545398236	4.899463854780713	5.148686407496937
error	4.9786691081903625	5.0974050619069855	5.2563051190684265
wisdom	5.104427792222334	5.0774186464334345	5.2752630604196185
rock	4.9736606351819415	4.894345820783995	4.909119372154066
decide	5.066371990756337	5.071788238717175	5.298995544567965
exclaim	4.917515433413798	5.0620633160099056	4.907618469112274
assure	5.070536211487244	5.066653616618242	5.163049475025348
sign	5.042834880184163	4.9812285745399	5.119569689988659
preserve	5.125087253554871	4.931544851949046	5.16849783710084
commerce	5.134309350941484	4.970747654464052	5.27432943593847
plant	5.113606315984423	4.798789506548734	5.004738578851362
walk	5.1283212852122055	4.861802650600745	4.922904581360835
difference	5.083555236258009	4.954450999014017	5.20406517225217
hang	4.95702675221458	4.893010371500072	4.83592846596968
following	5.239763619965091	4.871635998302556	5.233367549504569
employ	5.128281728843345	4.925174268316395	5.197719188182023
