deal	5.033873109653139	5.0106870802245655	5.096903812877884
study	5.267120411951788	4.910792903088275	5.237464335620216
afford	5.169032470634386	4.946334621002739	5.207120120496211
service	5.169729862572345	5.021071557120405	5.274634983400182
height	5.067943657243392	4.8728942864926035	5.034418773728651
prospect	5.144875524383289	4.995170047707897	5.155938166481164
pleasant	5.229361644971968	4.843027643957973	4.968075599858967
shade	5.122931645554781	4.848566252488146	4.942652443010594
listen	5.010704254066236	5.076630582362991	5.029975318384058
mighty	4.994155476964216	5.039182798136068	5.074187714472245
country	5.105850465480714	5.0201745942010625	5.25869987876544
title	5.207397215097518	4.976187408832279	5.333509109811615
choose	5.132976880390475	4.953719921242774	5.1950665261932345
village	5.138808839698368	4.9079276961363965	5.066679097256138
acquire	5.205447245495576	4.97563939358436	5.288797088929104
rank	5.120484197008564	5.0639874330757255	5.26343409191054
bow	5.046783445420342	4.968582064461971	4.978505363527675
doctor	4.998414585158636	4.987334502669076	4.995198403025252
talent	5.23243494015575	5.023914560268968	5.312345583063974
source	5.157893644012155	4.978224459107793	5.243967548161639
lead	5.043665587759204	5.034811261801267	5.141572280015362
question	5.044421156628734	5.048487706196387	5.253053596340388
publish	5.224599850944613	4.946095418995985	5.325789614748997
interest	5.136155071000873	5.04317510089478	5.283784202821355
serve	5.046921153473556	4.968822292818408	5.084296325321916
divine	5.118380910062414	5.025889350445625	5.2403270191804365
put	4.9557180310510835	4.928894299057592	4.939313748330811
shadow	5.040022980382407	4.927432700839941	4.983058966535721
practical	5.167581100588792	4.981383540265556	5.315017534959089
surface	5.063675121730142	4.803970971125831	4.948882207243009
account	5.086962989391073	4.9876387842972765	5.187766221318318
loss	4.9320433788743205	5.09847998164164	5.119170765409285
indian	4.962976266495749	5.039447618674065	5.1102631094853095
vine	5.131846452539587	4.7863859068350365	4.994899346366827
certain	5.035366753844619	5.031050948587403	5.196237625626015
sin	4.84920558422732	5.137727970598632	5.081480268030318
necessity	4.992384839221099	5.0821113306683445	5.244926082732159
lose	4.971079724785123	5.063459706705305	5.0496082526595565
private	5.089107652834747	5.062445716498708	5.272358949615488
gentleman	5.1407443813459235	4.9607856629401015	5.108596970856985
daughter	5.030648529261846	5.0598720217205075	5.066030336163361
drive	4.8324710682416665	5.097724635067104	4.954334975280301
strange	4.951547090955316	5.054912611098094	4.961850551064944
journey	5.132267221255836	4.941876847847974	5.045819091245512
uncle	5.10127239028987	4.941473388124095	5.005207128036979
species	5.043019248367396	4.941768757643208	5.123894372667987
think	5.0209688650386575	5.0350832114466035	5.060167596112362
bed	4.99313267363492	4.838753780146124	4.809847391379049
wind	4.933341694989516	4.957999632632547	4.88032306242047
bless	5.070943299381964	4.974442962495829	5.006595049943496
destroy	4.867876744760552	5.103584146550339	5.102824231478731
author	5.1995748603851615	4.996143624110399	5.282272630482519
sustain	5.030266959170285	5.0596992302966	5.241815580070298
black	4.955430141683164	4.868677226368215	4.842906830671583
event	5.067361108287268	5.09479484689292	5.260528419727254
liberty	5.056916279699777	5.121195873793229	5.307722849809357
negro	4.93601272776957	4.9669112827614885	4.970309264297229
little	5.098973124025362	4.9013031107980165	4.993216348630526
fortune	5.071148531476754	5.080844298689209	5.158158165484163
touch	5.039293599607695	4.9831846358623615	5.007452499674579
kill	4.77048703577018	5.095869193221381	4.896291907560871
feature	5.097822090636383	4.955866587036486	5.085284735061115
happiness	5.105830625727513	5.080127121693446	5.217222253785001
assume	5.065949339356116	5.034773578328414	5.198222844499934
notion	5.064693231611007	4.991055529517637	5.142406638446784
purchase	5.155828474842309	4.883010506193804	5.143156251816354
faithful	5.117537725177891	5.073761733956319	5.225905964445631
soldier	4.907457734923829	5.1660058167123495	5.0873387546885445
father	4.974165403088777	5.071312272860349	5.054019529785018
narrow	5.001606332875949	4.903036224443485	4.996497748240472
great	5.105114349372487	5.013552341906242	5.227718825023505
tear	4.897862001017308	5.019222893278528	4.8789729133254465
honorable	5.117532123699241	5.122319934591426	5.346899083972546
previous	5.088696194566715	4.975318223833861	5.188020044132957
good	5.0835934604737245	4.999029033515651	5.110341164749468
domestic	5.138052841702306	4.962538859700488	5.177018602503308
glory	5.147885186109985	5.022650706246694	5.179882894442671
lay	4.99093701366092	4.912093699871277	4.951501508242036
occasion	5.060166398380274	5.060970490994989	5.196110097758002
guard	4.899452425837173	5.1211570651986245	5.079288216500893
whole	5.061163051688875	4.960822372288246	5.136510452095133
mouth	4.974240508521096	4.884713111153492	4.849161237305727
receive	5.131346512679913	4.988321681715661	5.209241733576271
take	5.003545242273302	4.983491727759139	5.049785847053539
simple	5.160722197795917	4.906042498056427	5.136848577631331
error	4.963242885365368	5.107060685790358	5.244512952357491
wisdom	5.088647538282585	5.089552077721978	5.263735564447129
rock	4.963809555750733	4.900393993359521	4.8986064133182365
decide	5.053349069434843	5.079119429887515	5.287451727162917
exclaim	4.905742080718632	5.06906502934002	4.900049631667728
assure	5.057835174793286	5.074140952052963	5.152518247032113
sign	5.033434647283082	4.98790536656337	5.109966180991009
preserve	5.115612006373688	4.937157128796423	5.1548551790989325
commerce	5.122890530894213	4.975961502181497	5.26082100160618
plant	5.107677638911175	4.801651082593621	4.99179305929579
walk	5.124223527103097	4.865616002902917	4.914199822502679
difference	5.075370601633103	4.957988514545367	5.191244997536227
hang	4.950117338903929	4.897508349230214	4.82605513836474
following	5.232779532057553	4.87761475130309	5.223015842374688
employ	5.123512738576556	4.92663160741103	5.184855932331693
