deal	5.038319319714508	5.014156725056289	5.10518016256945
study	5.271116251979569	4.911764960419602	5.247246274956241
afford	5.175378209438392	4.947466934813973	5.218524614625006
service	5.175010795231216	5.022375295218522	5.285712085705277
height	5.067919956935576	4.879734893069333	5.044422142781911
prospect	5.151035692340921	4.996231684562338	5.164960999709828
pleasant	5.227780530138648	4.846706342606751	4.9735607813214315
shade	5.1221739390243535	4.852914018442086	4.950577915218112
listen	5.012673195548061	5.078087899221233	5.034465631151261
mighty	4.997457006489765	5.042260212350656	5.080882599838892
country	5.115758937630897	5.020044073120891	5.269817789692998
title	5.216489430487677	4.975713581061827	5.343068756623357
choose	5.136661824177185	4.9571604050435605	5.204353888238729
village	5.142167844080765	4.911809322723006	5.074216155107083
acquire	5.211925264278749	4.976387027811753	5.300217956550615
rank	5.125162178630625	5.065322339827144	5.272979641881605
bow	5.042871645973717	4.975187219956703	4.98428690578363
doctor	4.9974140649406635	4.993810678668207	5.001498474317755
talent	5.238495296072271	5.023848860025671	5.3225032421208915
source	5.1675240644065195	4.97662562967889	5.254592405555576
lead	5.049770811076077	5.035444962880197	5.150296780805291
question	5.0533577729187025	5.049992986280524	5.2635154647947076
publish	5.234505356068757	4.946871446023807	5.33691630850023
interest	5.144436450064248	5.042109663826899	5.294009369805028
serve	5.048962827774718	4.973022203987356	5.094424649545906
divine	5.126240205024355	5.023497745874896	5.249361055133913
put	4.953243293921785	4.937966535611038	4.947385222011836
shadow	5.041964837114994	4.931395572436615	4.990992764797674
practical	5.176825729127593	4.98135064660255	5.327816375432254
surface	5.063104328506295	4.81225634749554	4.95996121784237
account	5.0950544332672525	4.9900502885718785	5.199230948695731
loss	4.939814542944111	5.099816063431951	5.129517522770181
indian	4.970135338404814	5.043991239117077	5.120895545205297
vine	5.133356375551879	4.792448861204746	5.005959796141561
certain	5.04297160707546	5.031933153047469	5.207362856274392
sin	4.859484226251584	5.135716702757671	5.089447646206056
necessity	5.001504649545283	5.082692527130991	5.257072349282562
lose	4.975419252794069	5.06507285034198	5.0569280509650545
private	5.096212080013229	5.061504247031867	5.281845225577616
gentleman	5.141388189721772	4.965585552967953	5.115861946383964
daughter	5.034227161271797	5.060128972378148	5.070191690912851
drive	4.8357535617762615	5.103329690482381	4.961418164496989
strange	4.954832921241256	5.056404780526075	4.967068586483973
journey	5.1357789396677775	4.945292864301678	5.0528991207190685
uncle	5.101660501696225	4.9465914179870065	5.0094025564035904
species	5.049852020257542	4.9442063673600245	5.135743595378856
think	5.024453680772627	5.037615748741874	5.066635044712925
bed	4.9877251954793325	4.847888341805522	4.815366548163428
wind	4.933809944684011	4.965503455218167	4.8883150939587905
bless	5.073308666936213	4.975134919252773	5.011245012962745
destroy	4.877911731969772	5.104795958648583	5.1136252327351865
author	5.2092771447909385	4.995135978849408	5.291893012229438
sustain	5.038702611605441	5.061068297864053	5.25397394999546
black	4.951934165505593	4.8796059074386475	4.851039318867659
event	5.077211023703427	5.094116002874904	5.270896977166877
liberty	5.06771493307361	5.119535126158374	5.31709071710936
negro	4.938353105846937	4.974583717671844	4.978436511773931
little	5.098227153639069	4.906761753497206	5.0003481958025695
fortune	5.077559158074843	5.080637953142066	5.16556466283231
touch	5.039202566002133	4.986339154134455	5.014200594611443
kill	4.773019969700888	5.1030441622581995	4.902878742512088
feature	5.098540484110508	4.959702788899885	5.094267387094136
happiness	5.114096355959345	5.0756731961693236	5.224755740585079
assume	5.070626500866589	5.038021916067687	5.209258052960023
notion	5.06935780488409	4.994992344535855	5.151154779543039
purchase	5.1617382255140924	4.884989908730605	5.152386382938459
faithful	5.124228276996698	5.0718122948232836	5.233209865372783
soldier	4.910505355500833	5.169229089629203	5.094587009157095
father	4.978524435789419	5.072589688685079	5.05933131530887
narrow	5.002383578396516	4.908649064855989	5.005515261896916
great	5.111840634679846	5.015295607915222	5.239004097777777
tear	4.897986047797646	5.02345910129496	4.88430861312323
honorable	5.127594023440991	5.12053012178529	5.357155743397771
previous	5.095096461884685	4.979122498370758	5.200248152289423
good	5.087814804944639	5.001626571962314	5.119058544294472
domestic	5.144422129011921	4.962476043123822	5.187348092006741
glory	5.152617204157292	5.022106512536364	5.186602222298909
lay	4.9902486853129	4.9196657769897945	4.95980449838814
occasion	5.066673301765738	5.062948874824196	5.206878532974525
guard	4.9039401088115975	5.123966722709917	5.087106293416341
whole	5.06513582779041	4.965096230016065	5.147648247956343
mouth	4.969424120746649	4.895956204820852	4.855948694974577
receive	5.137083368362827	4.990266915733445	5.220063590660902
take	5.005290104696943	4.989104977684371	5.05868423376164
simple	5.163392353789041	4.9076628887418545	5.146210519186188
error	4.976239715104884	5.105640533373542	5.255732387169929
wisdom	5.097285014535944	5.08710018842959	5.273079758631205
rock	4.9640083361589635	4.9086188224646135	4.906560317914687
decide	5.062126654897682	5.0806776927680755	5.298146427038538
exclaim	4.9039908749772465	5.075263000928288	4.904099558130445
assure	5.063549710310191	5.075714497076524	5.160579715850764
sign	5.035540720286749	4.991830331728777	5.118669379787154
preserve	5.1199506187010675	4.94019011572452	5.1673174541121405
commerce	5.132799474841338	4.977130139766803	5.273469433028838
plant	5.109784243510365	4.807268054225114	5.002617021819571
walk	5.119368021508882	4.872083414564639	4.918658274506353
difference	5.082294994978223	4.959797824347129	5.203216711143605
hang	4.9457572024325795	4.906447955587973	4.832180951335868
following	5.239200947837842	4.880361696874571	5.2347235051891134
employ	5.127584753312723	4.930885496577147	5.197363598483865
