deal	5.044115263932216	5.014390595816854	5.117793400836432
study	5.2777102231619635	4.913739986779888	5.2571689402431705
afford	5.181570265428899	4.949476972430732	5.228873162450284
service	5.185200061936503	5.022293123615053	5.298813263991174
height	5.072264018996876	4.876141627104999	5.04742538931193
prospect	5.156829508116208	4.998123493775092	5.1760055022216696
pleasant	5.233915003873347	4.846914650927933	4.981782885135325
shade	5.12647279843704	4.851725917077541	4.954243345152162
listen	5.017202741663938	5.0806820759790545	5.0453358714579455
mighty	5.001814562615729	5.041694016257224	5.089251391155225
country	5.121697943727428	5.021185333922826	5.282006949530112
title	5.225735197871759	4.973243903238445	5.355770810483384
choose	5.1450411762822865	4.95576578544184	5.215934697086548
village	5.147615388291858	4.9109570797223885	5.082431343667051
acquire	5.218281805887109	4.977253646629796	5.310507973945861
rank	5.135942772019906	5.064845669137991	5.285748084107143
bow	5.050123146287569	4.970405883082515	4.991737484465149
doctor	5.002129664937236	4.99356948409484	5.011140934705039
talent	5.247751470603421	5.025424052435393	5.335411081947384
source	5.170357122100857	4.980142638208768	5.264284924916859
lead	5.054258896746418	5.037586943532504	5.1614015448651465
question	5.058198810207681	5.0508642264286285	5.276678778578121
publish	5.239864262143447	4.94689821647199	5.347928715732302
interest	5.15126832430196	5.045296908810549	5.308504660825065
serve	5.055487783970757	4.97251237721982	5.104034483978799
divine	5.131422033137104	5.02643072322814	5.259816559866508
put	4.957517126353392	4.9343038504087575	4.955010641603605
shadow	5.045355779942722	4.930053007966337	4.996022358676006
practical	5.182535838689725	4.98357190014553	5.33924959288857
surface	5.06360195507234	4.809436888337923	4.960908493774012
account	5.099534162539764	4.9912350770148395	5.211059541907278
loss	4.943063918787229	5.102798647227375	5.141537118671269
indian	4.973327966863342	5.041188572448613	5.129413506852574
vine	5.1344350239095835	4.790717480205706	5.008036660500548
certain	5.047366668654951	5.033930169859083	5.218216673858593
sin	4.861322388744249	5.139878992712283	5.101298912488349
necessity	5.005751562606826	5.085321250133856	5.268927563044508
lose	4.979666997148669	5.067552988653938	5.068350948305607
private	5.105590501899355	5.064728730221565	5.297476642372625
gentleman	5.151947160334781	4.9636709273547215	5.128464899887502
daughter	5.041271997636606	5.0604459686649195	5.083194359497369
drive	4.8391423732336625	5.102865066654428	4.9717037326172475
strange	4.957755779056837	5.058827426149433	4.977192445948215
journey	5.138595427241661	4.9459440123089475	5.060982810571914
uncle	5.10766058931671	4.944232553431642	5.02091379730448
species	5.052104274770838	4.945096261023804	5.1429562153153014
think	5.029611267969065	5.038963410144063	5.079373246773397
bed	4.990352921782711	4.845101372210677	4.818485054697931
wind	4.934593474550068	4.963801909687498	4.892863066190165
bless	5.078458146581304	4.975453177179438	5.021552423296482
destroy	4.87983307924127	5.106738041623703	5.123369480777272
author	5.215291911474721	4.9972902376688095	5.3044855155421216
sustain	5.0433181512945096	5.06220241547783	5.264248491702861
black	4.9567811700228255	4.872218530148938	4.8545535693040485
event	5.080790896215966	5.098555023364667	5.283194137560649
liberty	5.074980293990868	5.120937703052343	5.3317533612456085
negro	4.942486846991579	4.971207805556159	4.987156994909053
little	5.103901310528807	4.905692662948595	5.009582214993172
fortune	5.0847432672541855	5.083010256891879	5.180071016587647
touch	5.043640080479228	4.986163590979696	5.022246498503258
kill	4.773431307247885	5.101724442233069	4.9117005559964175
feature	5.10416195940236	4.957354086407745	5.100257379420757
happiness	5.119821151953499	5.0813364975013	5.2389861672882
assume	5.078235752275789	5.0369062573553895	5.219761639300781
notion	5.076011952281898	4.993893619018787	5.164350852149762
purchase	5.167877591874943	4.883212083618153	5.162666794234515
faithful	5.131775770280127	5.074154586714609	5.2476256973256445
soldier	4.917342299387746	5.168983602183434	5.105924187601592
father	4.98344120315411	5.072925706474486	5.070989025375999
narrow	5.005836039183281	4.9070269506371185	5.010173213587799
great	5.117564861590951	5.016455800951956	5.24991410968455
tear	4.899323749892939	5.023365319568243	4.891068595158187
honorable	5.137649717566101	5.122064854391686	5.37377981139609
previous	5.099611748011224	4.980012768952101	5.209543364314367
good	5.095232073408384	5.00187423679046	5.132267450528662
domestic	5.151292328967209	4.9647133429110095	5.199629544838506
glory	5.159876841305905	5.02257701701356	5.196795969968154
lay	4.9936251371124625	4.915958345768856	4.964947271249364
occasion	5.072787706679806	5.065792536628428	5.219405732441256
guard	4.908968110612866	5.124308885337487	5.098138994607645
whole	5.0697532888340815	4.964761218418234	5.1557161534680205
mouth	4.971815456536373	4.889598668715453	4.858477773942702
receive	5.143832932530868	4.990887181948376	5.231866489874679
take	5.010226432748002	4.988098785910552	5.068581472466335
simple	5.169359703461959	4.908177515121608	5.1544927893915755
error	4.979018886555312	5.109682787971598	5.268923160602313
wisdom	5.103544051629017	5.09026380565133	5.285612418293803
rock	4.964173469841474	4.904913203850182	4.908400219786234
decide	5.068403896860286	5.081428838433869	5.311824453667014
exclaim	4.908076024691563	5.0735229566525355	4.913106063038204
assure	5.069484043835528	5.076962409669773	5.174166974836471
sign	5.040396996870635	4.991187400023259	5.126953949709644
preserve	5.124790364810589	4.939948188557755	5.174508861647772
commerce	5.1365454979422305	4.977402655820314	5.283205354264377
plant	5.111069394406935	4.805802893827587	5.005075350286517
walk	5.1261576587555915	4.870214062111326	4.925300498669651
difference	5.088290278223081	4.9599866740468945	5.214271634824424
hang	4.950381366710892	4.9017380370857655	4.836693704485411
following	5.24481739645632	4.879454955124244	5.24352029457543
employ	5.133022446788377	4.930577929360764	5.2054960884737325
