deal	5.055386281078001	5.0069988364437865	5.117003884267718
study	5.280711494161237	4.90986808185123	5.2553958738349325
afford	5.186408948998836	4.944808975135516	5.2271539921932435
service	5.190510001599326	5.017005692056263	5.295622815488073
height	5.076433939483295	4.8753183466512775	5.045574124428178
prospect	5.1612614687405225	4.990786030264883	5.172294811132969
pleasant	5.241272422062105	4.841709386317738	4.980708688724438
shade	5.1322321363718135	4.847556209648981	4.953077272103357
listen	5.028684661917656	5.067990438847856	5.042232046094445
mighty	5.009991420579565	5.034349904128661	5.086364872555537
country	5.127231807361311	5.01676518037907	5.279853053383536
title	5.228491664559054	4.973533415819949	5.355087196029529
choose	5.151314607852382	4.9531472833240535	5.213918714111069
village	5.154139416402061	4.904914313769096	5.080641882640615
acquire	5.222205535311622	4.9748668331637536	5.3093527843592305
rank	5.141172482045014	5.060648346310555	5.283873623120092
bow	5.059128682703141	4.96566162827975	4.989246403755736
doctor	5.014158924555702	4.983119214149917	5.009518748051186
talent	5.252553414972216	5.021543544543091	5.3342812875582055
source	5.174327225411303	4.975075795080709	5.261452976774914
lead	5.062701401901717	5.029660714742997	5.158127379943036
question	5.066368736089471	5.043671506985091	5.273763080976235
publish	5.243495489776056	4.943617058999018	5.345244618899266
interest	5.156360840025784	5.038437287394337	5.3047011437631975
serve	5.065213187676453	4.967197702574817	5.102832517848263
divine	5.135568521216589	5.019958607229659	5.25622815149687
put	4.971256520192852	4.928770646438533	4.954844516450461
shadow	5.051309995549352	4.9241229554377535	4.99347827318524
practical	5.186384106848089	4.979493501001479	5.336595681674276
surface	5.0708303472558125	4.807434462190467	4.960666564756968
account	5.1079082065306896	4.984106947941814	5.208788445325749
loss	4.952937434052786	5.0916876766589825	5.137903416457342
indian	4.984356552571399	5.0338793594206805	5.127743612917242
vine	5.1412728875323905	4.78938040975763	5.009099803342692
certain	5.055435479739311	5.027316798537646	5.21662738079085
sin	4.872119051345502	5.126852560373379	5.097081774364154
necessity	5.014145919013195	5.076555456119205	5.265370534120775
lose	4.989274480568954	5.057804087819282	5.064951861263888
private	5.111299088439162	5.056807895807481	5.293347445890049
gentleman	5.160652762657839	4.9584487632244825	5.128685101255646
daughter	5.049820476856542	5.051613806074511	5.080532464346498
drive	4.851822722164118	5.091082607648187	4.9672853093873615
strange	4.968883509300115	5.047179897555111	4.974807618325065
journey	5.1457353729439275	4.936907278323156	5.057249932629969
uncle	5.118230045359728	4.936704120968336	5.019150246068762
species	5.059433354231307	4.941754235147987	5.143410817957901
think	5.041071553567421	5.0294663289024895	5.077200976756764
bed	5.001216232071238	4.837064656063017	4.816393125330411
wind	4.9450157021381145	4.954755548772339	4.88898756222727
bless	5.086854619173292	4.968256503384073	5.019034438889862
destroy	4.890911439870822	5.097222186945886	5.121247217528912
author	5.220509933465527	4.992089767754919	5.3025612224430185
sustain	5.050113702640254	5.0555334578717614	5.260670763410856
black	4.966664613707012	4.868608992341433	4.8536485314740805
event	5.087610653539248	5.086873803195294	5.277983786536066
liberty	5.081930361796354	5.114021057436246	5.327260125760994
negro	4.953697876370731	4.963095014355228	4.9858152016735096
little	5.114206949622362	4.900284271344755	5.009313041262759
fortune	5.092255425727327	5.075011969663866	5.177628892734302
touch	5.053697245612314	4.979133858035047	5.020340874679019
kill	4.790636990706165	5.089128622721988	4.909157725962222
feature	5.110068553173134	4.953339789831516	5.099210649436006
happiness	5.125792252502899	5.07203844073355	5.23504008910506
assume	5.085222476840035	5.031349118764832	5.217954236195631
notion	5.086366696149776	4.988760388757754	5.163984586744695
purchase	5.172706501159232	4.882438742667267	5.16283811369129
faithful	5.1383293607305065	5.06504004163852	5.242630437071464
soldier	4.929132440448172	5.157825475032395	5.102289034400622
father	4.993991101403028	5.06230002686109	5.068068998662136
narrow	5.0128168958081405	4.902760791595026	5.008639880320771
great	5.1241881303376315	5.011267944146578	5.247764616755501
tear	4.911188251049098	5.012403546508958	4.887358885864373
honorable	5.143086588621796	5.115246013348884	5.369962452043774
previous	5.105729128738707	4.972135861021146	5.2055982181833516
good	5.105405405599634	4.995565370605891	5.13115003975544
domestic	5.157501177514238	4.959797475287109	5.198066979881704
glory	5.163768681967338	5.018485215006692	5.194047278244358
lay	5.003670031314299	4.910790320422389	4.963298655194892
occasion	5.081949669166228	5.055252018841187	5.216042767387183
guard	4.920641966850052	5.112386302574376	5.093811993912851
whole	5.077192613050733	4.959912893632292	5.154137891527471
mouth	4.983578664521957	4.884389965664146	4.857077863760837
receive	5.150395196048714	4.985328635684022	5.2294838887148485
take	5.021729033534821	4.980653523263452	5.0668962401286555
simple	5.175353341536584	4.904916779019696	5.154309456061912
error	4.987548997503036	5.0998146684954015	5.265237154843832
wisdom	5.1096757982802625	5.082953054548916	5.282622427429004
rock	4.973301002970339	4.898769596818186	4.9058548154966015
decide	5.076086620163891	5.0738899975668454	5.308168801971375
exclaim	4.922024073519541	5.061806665695942	4.910311459626992
assure	5.080549147018603	5.067370112626266	5.171674212520174
sign	5.048513145150225	4.984404839078701	5.124962222529813
preserve	5.132384819400302	4.9367778254333015	5.17382258889283
commerce	5.141467722441027	4.974831852473596	5.281876882048587
plant	5.11859701235918	4.804179235859399	5.006307545512389
walk	5.134419878448078	4.863754047141038	4.923484060834539
difference	5.095238123251384	4.957131673033993	5.213877097586133
hang	4.960700098929511	4.895826739082005	4.835220051065238
following	5.248095515771343	4.875740499651227	5.24001774016333
employ	5.1390566444283845	4.9273746211679335	5.204683904489655
