deal	5.030719029428511	5.015349011067034	5.102783804905453
study	5.262801249722764	4.914065381441484	5.24213264425211
afford	5.167305788675385	4.949490897334526	5.2132172052525005
service	5.171337751405664	5.019764752307881	5.282505226331288
height	5.061859982390503	4.8789560681408295	5.036996046538005
prospect	5.144741085441065	4.995428280898747	5.160119836021181
pleasant	5.223823902271892	4.844139633960763	4.970189555659004
shade	5.118651322450377	4.8510420443145605	4.94461251269552
listen	5.007036710309983	5.074998362729936	5.031548683452292
mighty	4.99291975969291	5.040970259004126	5.078040164907747
country	5.1085656316329295	5.022600254998818	5.267061544496138
title	5.209935770432022	4.975528264847431	5.340868378715027
choose	5.1315045501549	4.954666637046242	5.202360366857196
village	5.137838576808538	4.908772665308767	5.071012484194415
acquire	5.204292039519184	4.979477943039351	5.295395058681491
rank	5.123188057857464	5.064095921650036	5.270622609846433
bow	5.041585050682897	4.9688225358771865	4.980779523007266
doctor	4.989740484708951	4.992376546600495	4.997705233294445
talent	5.231849469416421	5.025746208836645	5.317629367312796
source	5.156437471253043	4.981695791626097	5.248615858384851
lead	5.043983209006958	5.036177237197591	5.147556808420076
question	5.042942920849527	5.051110169610647	5.259798037114182
publish	5.222011712759815	4.947219532983497	5.330529269619415
interest	5.135839717993451	5.045156383543822	5.290334343242562
serve	5.044334744715724	4.972802360352785	5.09177019597056
divine	5.117872936357305	5.026788850925495	5.245757405176499
put	4.946697930199235	4.93618232579509	4.943931431337314
shadow	5.037068544942167	4.9291473169113935	4.985383544086903
practical	5.165560859937324	4.986181698145106	5.321787709747613
surface	5.054214834210887	4.812688112255702	4.95093399933847
account	5.0836293435518405	4.992337901448686	5.194040333563569
loss	4.930164751185995	5.102768914734175	5.125491669186684
indian	4.964401373461458	5.041585370051771	5.117218213733806
vine	5.124403307419362	4.793280754437628	4.998572361506234
certain	5.034003708082183	5.035292385260176	5.203329698679562
sin	4.85161764644547	5.1401516973192365	5.089437993913316
necessity	4.992345054034158	5.086199537137539	5.252695035545368
lose	4.96951297177253	5.0659666978060365	5.054688315543598
private	5.090574688573395	5.062543322441635	5.279138264181309
gentleman	5.1378715306620935	4.961796472274115	5.113738843184472
daughter	5.032917896689331	5.0575269797008255	5.071999698927294
drive	4.832187596444279	5.101035517223552	4.9600710017507215
strange	4.949510983432723	5.055768534490413	4.965626066185244
journey	5.128569072593471	4.941435503346624	5.047436415941041
uncle	5.095687329227296	4.9423613686375205	5.0072010797689535
species	5.038059760585212	4.949957534317898	5.129931544421023
think	5.017894296150817	5.037169378357483	5.064978074374354
bed	4.983690476874333	4.843762971107092	4.811072915153482
wind	4.9278399623157965	4.962252848659063	4.8820417222984664
bless	5.068852389255596	4.973647686685645	5.011533747080883
destroy	4.8709175709374195	5.10838605258414	5.112007416395681
author	5.198658033135828	4.998140857046497	5.287650579827012
sustain	5.029981496923152	5.063421264401228	5.248729006692266
black	4.948963190522093	4.874576901068791	4.8463692526067215
event	5.067213136465876	5.09599425092156	5.265501365105751
liberty	5.062254742586189	5.121343831682315	5.316242297133283
negro	4.932964618422997	4.972901859235466	4.976677988053341
little	5.092944048890973	4.906103718664309	4.997702673164214
fortune	5.073592533081142	5.081756753641063	5.165287114291488
touch	5.033149431259633	4.985150122251603	5.00979535368005
kill	4.767962608559331	5.100221127023274	4.903108397104048
feature	5.0940372366199735	4.957531708463346	5.087318981740377
happiness	5.107727905550359	5.0798883363269836	5.2233937166742255
assume	5.064637734265602	5.037166208655586	5.2038432845951
notion	5.061343866193893	4.997171091241483	5.148954271364087
purchase	5.154752929386957	4.885751727457992	5.150715364201147
faithful	5.1201443005071745	5.069954827729626	5.2318832228518115
soldier	4.909877594658554	5.163978919339345	5.092759085138478
father	4.975337332480174	5.070205216490105	5.060295474779144
narrow	4.998322301483053	4.90819528363445	5.000375613651805
great	5.103234319887699	5.017534433960815	5.234096368201369
tear	4.8932388073349	5.021501497944167	4.881797116245893
honorable	5.122671030663482	5.119821262773086	5.355075904266627
previous	5.084707701751944	4.978953445797979	5.192715369149938
good	5.082614468912318	5.002181582238516	5.118192789337718
domestic	5.1380548472232075	4.966073554332373	5.18459180632601
glory	5.148873700912888	5.021408895303326	5.183784047707196
lay	4.986001209880091	4.9164559474138505	4.956105407833844
occasion	5.058322772953512	5.063496312458472	5.201539637232307
guard	4.902008345296207	5.119587527954499	5.085305272882054
whole	5.0571473881818045	4.966154262890291	5.142393443314475
mouth	4.9639849499297	4.890318156524283	4.8485591205588925
receive	5.128849227464692	4.98991513880295	5.215900794477549
take	4.998760402224586	4.987438991074591	5.055149846329816
simple	5.156099185659802	4.910396718026718	5.141860602573356
error	4.963982690581636	5.111941657298641	5.2520815976889805
wisdom	5.0904253632984515	5.09030866995449	5.2701712149030255
rock	4.958699653015464	4.9046056009655326	4.900454826272409
decide	5.053254527693741	5.08035782144234	5.2937351159752275
exclaim	4.899821377199105	5.070136725164877	4.901733818141165
assure	5.057042658328878	5.073730696326308	5.15789830084848
sign	5.028391299124407	4.990003814624694	5.113953695530899
preserve	5.112497823671874	4.942181201230389	5.161723714287118
commerce	5.123724120267976	4.979661047214383	5.26834737006421
plant	5.101665309200308	4.809224347850384	4.996953663321134
walk	5.117246026326621	4.866809172526373	4.914921176695158
difference	5.072434272552419	4.964939500908752	5.199179932330581
hang	4.944151558453439	4.901121904445879	4.82883107248776
following	5.22654752079844	4.879243245303815	5.226442031978963
employ	5.119050394068384	4.932571925347665	5.191000583705155
