deal	5.050662108235922	5.002600253865393	5.114916524376888
study	5.275055281470654	4.901853622111391	5.256778412482498
afford	5.180051678365694	4.94225277494127	5.230574503245217
service	5.18070441509153	5.017219686273812	5.300874706717865
height	5.092370840138132	4.860152859049905	5.05549919040893
prospect	5.156222563420951	4.980762823424972	5.172673086234855
pleasant	5.253355551860305	4.823171863479069	4.982702099882719
shade	5.1518660863999095	4.83183092523749	4.962557101175359
listen	5.030763825932244	5.05874379187518	5.048492434661303
mighty	5.0153980616320055	5.02737239702761	5.090816337148176
country	5.11312942276271	5.0122780916357	5.276942283745851
title	5.2128489383546635	4.970921427534759	5.354268080013439
choose	5.14917216996116	4.946292612319448	5.22024644495946
village	5.154179428800986	4.894088894458135	5.081781187079552
acquire	5.212369933425808	4.970606563207937	5.30861990341288
rank	5.134423137282908	5.0560364866268745	5.287310816102096
bow	5.074633800079592	4.95532644257107	5.000416820835424
doctor	5.020528627536241	4.974044686602762	5.014895541713241
talent	5.24065441799786	5.017115576521809	5.33235538945395
source	5.164423169656018	4.968663288560962	5.261622213900948
lead	5.05633955977299	5.026449281156651	5.164443407590982
question	5.051116303115152	5.041637073141946	5.273746131532138
publish	5.224613673168326	4.938161430257422	5.343120440220133
interest	5.140554422607046	5.032355812249799	5.300613206089706
serve	5.067842791728433	4.962806047630065	5.109909638279085
divine	5.132624963949795	5.017199748101424	5.26475712311141
put	4.983642174418066	4.9235318435159945	4.9640563578940435
shadow	5.063929142503061	4.9113900255942555	5.001375344001587
practical	5.171547042510578	4.976821552695473	5.334522223675988
surface	5.087482555744138	4.792320416455442	4.966109388181046
account	5.094739501297945	4.976628723933997	5.204540407530025
loss	4.9472902244312404	5.084483758902526	5.136586917137161
indian	4.9780788700651755	5.02991540022192	5.127615588711403
vine	5.154554344971373	4.77558880216898	5.01424128385316
certain	5.0488627068374	5.023233347349256	5.217864818053988
sin	4.869653671499187	5.125588118553249	5.103983222565846
necessity	5.003669087782421	5.075804775213487	5.268631006321557
lose	4.990811391051238	5.049278593189312	5.06729736984308
private	5.095522794364297	5.057854678148699	5.296607437184397
gentleman	5.154810063399457	4.952755475964236	5.129237669380278
daughter	5.049541175475222	5.042885930558636	5.086268804532594
drive	4.857685231276366	5.082413321623481	4.973711265046163
strange	4.976205240280091	5.034850053587915	4.977933325004592
journey	5.144266305456597	4.926424650439572	5.060397851638559
uncle	5.116215083543833	4.926105539739979	5.018546310784818
species	5.059146831564688	4.933187501376707	5.1413726211842405
think	5.0406060805755954	5.020203169300595	5.077930398272696
bed	5.027211303096924	4.8242272134963295	4.831685330407132
wind	4.96296602980903	4.938888789175962	4.897898276094892
bless	5.094421983480428	4.958273776985035	5.023316403586379
destroy	4.888610784655977	5.096307546621495	5.126936588044513
author	5.203564320884587	4.983811212886855	5.297950644307624
sustain	5.0426081391028506	5.0537618937439355	5.2666525874874495
black	4.987619401679052	4.8568445364481585	4.863637779963992
event	5.071544696512842	5.0759068087548895	5.274166493905636
liberty	5.064920498180476	5.109420054032905	5.326641696315743
negro	4.955582392169802	4.959127747920214	4.986193691114785
little	5.121879008724142	4.889312708220715	5.01221320692577
fortune	5.083879764732813	5.069916233805099	5.176803600594831
touch	5.06450956556837	4.966418127099247	5.02742935662927
kill	4.799100728975229	5.077571187704259	4.911966711853865
feature	5.120044637662926	4.940765413793299	5.107500500753499
happiness	5.116310156592169	5.063483322840134	5.23378197130614
assume	5.0808892269217365	5.025206689709912	5.2223985534683335
notion	5.077740853331922	4.979582511025838	5.156451423523031
purchase	5.167237645584941	4.884565220938865	5.165708919343882
faithful	5.12863910409557	5.064750194695148	5.250081567595326
soldier	4.929872342315179	5.153997300386146	5.1106688510000025
father	4.993284836216565	5.057930613209688	5.074627139128393
narrow	5.024516212365793	4.897517885490764	5.0209807271072835
great	5.117214648056942	5.006020498842642	5.248580049463443
tear	4.928267416028012	4.999130185569893	4.896383158372561
honorable	5.121713059308782	5.119871456827651	5.37265321100834
previous	5.099009003717691	4.962366438129636	5.20865099009898
good	5.101819723967791	4.991631417535314	5.132119029770054
domestic	5.153927702596442	4.952487590444483	5.198230333913254
glory	5.166925296290862	5.0076819276855415	5.197339689703684
lay	5.018727822197587	4.905203914364073	4.976632725392571
occasion	5.071967021514033	5.0483065001881515	5.216390107632676
guard	4.919876708916399	5.113435983068252	5.107910171827117
whole	5.077978108198261	4.952408047752906	5.157260350770378
mouth	5.003467292665812	4.873094889800721	4.867712062250275
receive	5.142595235703938	4.982888641516019	5.234637671177137
take	5.023172339105885	4.974692684765862	5.073199220535946
simple	5.179612843660895	4.898480428314039	5.160499590956854
error	4.9703291900048026	5.096515613409115	5.264705518327441
wisdom	5.1013814771953285	5.083109605316883	5.288553128436216
rock	4.989589188429384	4.887765552431803	4.915890560723923
decide	5.058867786739098	5.071409451043471	5.3090519547145325
exclaim	4.932980821246715	5.05087672719952	4.9171765913997385
assure	5.0685352338396985	5.063748846733505	5.172212810119678
sign	5.052281300398055	4.980367123979903	5.134898838301954
preserve	5.1335748171831215	4.929261183722101	5.179674566140118
commerce	5.127698704985608	4.973393549489631	5.279361501809609
plant	5.132582456191937	4.792630957912971	5.012838866163887
walk	5.151676359903055	4.851658558112387	4.934957960949051
difference	5.087907660369953	4.946495180670347	5.207451252983575
hang	4.9859583444012054	4.88544905270596	4.849622498342821
following	5.239372909815023	4.863972427977321	5.241761722620355
employ	5.137585083402737	4.926518339628395	5.209900477890864
