deal	5.044555704920121	5.005619789393685	5.091698126917187
study	5.266500309632336	4.913872536005772	5.235556330482871
afford	5.1713910846142825	4.941548303019386	5.202215567773272
service	5.174067178306024	5.018849152301388	5.27648625043889
height	5.0809366537837874	4.872296723650883	5.0350908775587335
prospect	5.14458918716394	4.987703571304297	5.146533891346406
pleasant	5.223516246858958	4.842665309207967	4.954122840906918
shade	5.127037622524798	4.8438938497815744	4.9321382365671935
listen	5.010687236819186	5.072035891775182	5.012947847748711
mighty	5.005677368961582	5.030560832667118	5.064585223795205
country	5.114099510709447	5.008547587515374	5.255058964018675
title	5.214855764155748	4.969808998830849	5.333826119889132
choose	5.136495264524491	4.95136551955649	5.189961875230604
village	5.137601327338966	4.902111318747349	5.055567095693392
acquire	5.2104900376994925	4.9714374925682705	5.287946006542992
rank	5.131439585177176	5.057764200873828	5.265138954657
bow	5.055546763440617	4.966124655074862	4.974039300863469
doctor	5.004557014330069	4.986022660039759	4.991101467444033
talent	5.238003837650442	5.024350390206738	5.312126581872691
source	5.164076752800279	4.965117403407915	5.236319439956322
lead	5.047693938403305	5.024945371230548	5.131263880891707
question	5.0471567514530955	5.042310286740741	5.246620622750443
publish	5.226183938274254	4.945794316732535	5.3267689014404915
interest	5.14070374020632	5.034235835513795	5.279599743889555
serve	5.054619007911681	4.961441647972527	5.079750786749552
divine	5.127046519012155	5.015654947087611	5.2333604289260185
put	4.964995581372738	4.924867738588886	4.934273004984357
shadow	5.044845091541877	4.9206411062582065	4.970906127930171
practical	5.173064144237584	4.978477431332325	5.316377795298198
surface	5.071591324812332	4.798977487493126	4.942993618982414
account	5.092109322680358	4.979814923174645	5.1834751448433
loss	4.943877155470892	5.082873489771179	5.111297834502087
indian	4.967777420314304	5.022279126601652	5.09782929495274
vine	5.138031800068817	4.785408646082812	4.989590531481696
certain	5.040297640042692	5.020879537504741	5.188275485579329
sin	4.868488242644698	5.117906474484817	5.069276864867481
necessity	4.9979803022388625	5.070029512886871	5.238585179469786
lose	4.979463898560695	5.0518638795851345	5.03663492009889
private	5.093281063582823	5.055941474605349	5.269432594710132
gentleman	5.144485930051003	4.962266155486081	5.106408911347787
daughter	5.039127779284289	5.048690068873057	5.057505232484689
drive	4.843521593019204	5.082274554883736	4.940175919746211
strange	4.954243701150272	5.043847761410856	4.943320481959135
journey	5.126638732450476	4.936977291727209	5.032522498052068
uncle	5.104911803061814	4.940719821622059	4.9989439631589585
species	5.054034330351094	4.930807807844793	5.118449606308899
think	5.026267734935059	5.029300221020606	5.04816051124942
bed	4.99734679630933	4.834512024725979	4.798582711113412
wind	4.940048836357916	4.949540496860414	4.867095960291468
bless	5.080620266554152	4.964211353783516	4.995994791693594
destroy	4.884519462527485	5.085390228567641	5.092827764379589
author	5.205604466780961	4.992708701780743	5.279301523219855
sustain	5.041457366359579	5.0501381888925305	5.240184479496146
black	4.96950908708944	4.864000846567102	4.841877077491865
event	5.067851396350574	5.083403332384243	5.250715187330242
liberty	5.069641358761106	5.108061391499166	5.303304521698807
negro	4.94607989848414	4.958708644038573	4.964247309170619
little	5.102336043102465	4.898117171647162	4.984573220500731
fortune	5.080595936879196	5.070253192421274	5.151411972114262
touch	5.045834790629049	4.976832437114254	4.997291814864282
kill	4.78639508835289	5.078809434670611	4.880483843275941
feature	5.102469427085929	4.951724681379426	5.080295906465377
happiness	5.111799955934135	5.064649961026941	5.20509470904761
assume	5.070399379918861	5.029310486649462	5.194553742488385
notion	5.072207877218976	4.985681496503425	5.135730633993694
purchase	5.161546332288239	4.875614172044556	5.138689538800786
faithful	5.121895268713799	5.065395390322159	5.2194786107495545
soldier	4.916541019269674	5.158670953215367	5.080619702394376
father	4.982690153008409	5.057721223204006	5.042474670741484
narrow	5.009166210916109	4.895483343866496	4.988030723742131
great	5.112833770413331	5.0056459352881975	5.224176236121566
tear	4.910396302389083	5.004444135788127	4.866290357224023
honorable	5.126222273552078	5.114712384433194	5.347271492837074
previous	5.08804768047373	4.969266838279137	5.182460710388569
good	5.0917808257034025	4.992311440483338	5.103962028722368
domestic	5.1426796640553425	4.95188176673465	5.1713495211149745
glory	5.156492309696923	5.013032545820053	5.171398817475393
lay	5.000594937715308	4.905016481819996	4.944200514041587
occasion	5.062166623595889	5.0532482372197745	5.1884217185289305
guard	4.906432794638241	5.112085069482458	5.071280352497893
whole	5.068316000215975	4.954811004853806	5.133568789060227
mouth	4.983565320037011	4.882514204839767	4.844026479616772
receive	5.134092270960912	4.981260023566257	5.205575765832965
take	5.0088845887576925	4.976338560264251	5.0427091936059405
simple	5.164995196520059	4.9041170465770465	5.131659906391647
error	4.975353149842199	5.094030265851778	5.238526282473212
wisdom	5.098088514419616	5.079930290491596	5.257429611960831
rock	4.973287512986057	4.893243945516079	4.888194514874381
decide	5.054564747519964	5.075721250984081	5.281649645019628
exclaim	4.915293780019621	5.06196885306747	4.88997999235861
assure	5.058975938901148	5.067144838556888	5.140235194520057
sign	5.034823513812575	4.983513190026939	5.103384355181697
preserve	5.125166674039931	4.927495803660172	5.15310517382048
commerce	5.128615157467725	4.964323049661721	5.258595669672702
plant	5.117187933964749	4.79794438928812	4.985982813678412
walk	5.122539301942409	4.868959109923507	4.901984467574312
difference	5.0843564125652945	4.9474118047627655	5.187841650330051
hang	4.960557588889992	4.894753573569286	4.81777436712902
following	5.229376380995841	4.878568577787992	5.2225617932163715
employ	5.127683084200603	4.924974293937251	5.185348632324454
