deal	5.060616912991138	5.013897765247727	5.127656240732171
study	5.278474193405108	4.926575396178396	5.262991009232851
afford	5.18487132546241	4.956540745821037	5.237838743683957
service	5.200469847500819	5.019485146388375	5.3057781283989245
height	5.081320057297472	4.884140815444666	5.059158858149358
prospect	5.1602953381821575	5.0032249840303065	5.193076256688274
pleasant	5.244303946479062	4.847562132289092	5.004084648555081
shade	5.136353264612763	4.858364858880559	4.975726874716342
listen	5.032086840442478	5.076909161727737	5.06080551301461
mighty	5.015888058146137	5.044545137973882	5.102261513502587
country	5.127311907855504	5.026893353376028	5.2863235059076805
title	5.235315242037205	4.980410792275459	5.357723914865903
choose	5.153077602834016	4.953636024569845	5.2155017300289765
village	5.15630257511945	4.910025445701997	5.097200826782988
acquire	5.2213344676918325	4.9905171384336455	5.3153917348885855
rank	5.14473984972354	5.070636978145766	5.293380715102851
bow	5.072231964583114	4.9683349317262735	5.010047218050263
doctor	5.024455787841114	4.983209523491335	5.024436250600687
talent	5.251380053904407	5.04111308466074	5.344946869499191
source	5.169206456195449	4.992802550424337	5.2707468764909615
lead	5.059984493732892	5.039172570229002	5.168538895939008
question	5.0597438882023935	5.053515232740474	5.272935736863191
publish	5.241047100886699	4.9578092715552415	5.348313376332746
interest	5.153079732501057	5.051272521528867	5.311274950857544
serve	5.073363905542134	4.966358127604624	5.111508144693575
divine	5.134111242191568	5.035422567272022	5.263493766818056
put	4.978704973283616	4.924986159246915	4.9620083447933565
shadow	5.052045202685498	4.937647897878021	5.013020620253226
practical	5.177531849373273	4.998687658058544	5.337088166970868
surface	5.067686608697843	4.819395657348819	4.972828276329401
account	5.1063121252130035	4.992290130199872	5.2149696764088675
loss	4.967634526892907	5.091224218592263	5.152458061117833
indian	4.988003779570659	5.036161097806642	5.134629972828439
vine	5.1444050950965154	4.796372342953709	5.02145612615177
certain	5.051693196797971	5.037570286647567	5.219159854280822
sin	4.881511152790472	5.130558046077473	5.10630294120613
necessity	5.010274541567261	5.08582890911803	5.267186584246114
lose	4.999007672575219	5.061966411427842	5.082451361654099
private	5.114730806012054	5.063715865178845	5.301376363610024
gentleman	5.166349336671236	4.960552126380959	5.14166717061167
daughter	5.073245984313771	5.0431011735293785	5.1024083545422965
drive	4.861515003850778	5.089528614464229	4.986506865014954
strange	4.9764321897283725	5.052571718829558	4.995105819947216
journey	5.152452842929472	4.9428348353226275	5.0815129927522555
uncle	5.132170630127871	4.9353630624561795	5.04020726647735
species	5.060173547452505	4.948187221194806	5.143823097737641
think	5.048018279284445	5.034052010535707	5.092515048139582
bed	5.012920174344682	4.832730841409057	4.837369263245729
wind	4.947603030651396	4.962420357808151	4.912154192610984
bless	5.104946823759088	4.962976130928789	5.036465562264698
destroy	4.898055850359498	5.098643203958758	5.129246358327724
author	5.216808281331655	5.01022850545073	5.310040703174193
sustain	5.048986954257534	5.067616574855133	5.267604388669638
black	4.9802680923454155	4.868352735786398	4.871984972812092
event	5.081442568361259	5.103415506315257	5.290005977240314
liberty	5.080095448743111	5.1230770821297815	5.331929079432672
negro	4.9659068115612	4.959886183215583	4.998198010792473
little	5.119955964430707	4.902946101125303	5.023834156002709
fortune	5.106847143842986	5.076987439111642	5.197771222869431
touch	5.057392512018554	4.987992199388079	5.036456368121113
kill	4.813202210025895	5.076475861469302	4.924589298247605
feature	5.109171993917354	4.970750140259362	5.11695504918241
happiness	5.128653923297845	5.080741896774416	5.249076717689362
assume	5.080855953948853	5.044252525444462	5.225538252463162
notion	5.079260809175653	5.001987606059223	5.166289540782162
purchase	5.1886040075161	4.87573395373558	5.169836329099004
faithful	5.147216019618147	5.072048709575967	5.258941087123646
soldier	4.947646896016078	5.15457172512793	5.123091195694879
father	5.014135244107864	5.056804723248665	5.087401254272888
narrow	5.012685127484612	4.912528535485681	5.022300510398826
great	5.123058472990398	5.022812486768154	5.253803897765747
tear	4.927395893158241	5.010815636172057	4.910457652349833
honorable	5.149441249752563	5.123344517346461	5.379594538102346
previous	5.09924877339548	4.982351070110674	5.2130576873823316
good	5.112775016434311	4.99720985558434	5.1432158535857
domestic	5.159028860401817	4.964518481659195	5.206682894180763
glory	5.172304527517768	5.031524612309567	5.212748670233929
lay	5.009769878734479	4.91190178123797	4.976880006327508
occasion	5.077192379818933	5.065812920784242	5.224992783203006
guard	4.929721894643873	5.111930821477285	5.1105405080598345
whole	5.074323935656446	4.968574507718293	5.159260344081865
mouth	4.991077725215982	4.890389685731805	4.878038272868573
receive	5.154135817693324	4.988552235008183	5.236177480882544
take	5.024926952010504	4.981356335653169	5.075895717278375
simple	5.17312738916997	4.918120750150246	5.160551201631191
error	4.981578255742465	5.116882691850267	5.269222993837548
wisdom	5.110699703806932	5.099063192827279	5.292177854649106
rock	4.977642803011804	4.906079845484036	4.925444993824009
decide	5.067028328547388	5.087918249133845	5.309770486935609
exclaim	4.938673019381827	5.059007205978558	4.935477752106958
assure	5.083759626100277	5.073516862785066	5.185103574601283
sign	5.050598549265805	4.992433220632243	5.132543556511442
preserve	5.13211125298212	4.944946634824091	5.180766489918296
commerce	5.138219457074161	4.984246688698655	5.28498948673125
plant	5.120815304198524	4.809975195599628	5.015027311142096
walk	5.140895624466189	4.868072774778204	4.9460729961433065
difference	5.092023653261695	4.963961788439837	5.211033379796819
hang	4.976333343088793	4.8959172096409	4.858450035732482
following	5.239639424343752	4.888922088388494	5.245963127996529
employ	5.139717628983688	4.936712817937366	5.208034181424562
