deal	5.064814044070174	5.002443028218347	5.119378313873125
study	5.302720287057052	4.911017369168827	5.268899102025036
afford	5.199503881721614	4.942520280620455	5.235867756660026
service	5.214944317211071	5.019666869937764	5.305230701307152
height	5.082573415330884	4.881439429360975	5.060079318125617
prospect	5.176407051266485	4.99465628417741	5.179405611917046
pleasant	5.249836012494167	4.845386924729882	4.988882867496249
shade	5.140232178055638	4.854883080658979	4.968154552904732
listen	5.0424493572996125	5.07680635170545	5.052075619320425
mighty	5.022948399252226	5.038173379871924	5.095940751733664
country	5.146091124687395	5.015996139787294	5.287412914896873
title	5.2549510970746205	4.979522523240608	5.369141082989877
choose	5.173362718465294	4.955318214992055	5.226424976849303
village	5.165428033548693	4.907583812772034	5.088615616396894
acquire	5.2421335845885535	4.973390546957408	5.320258851374152
rank	5.165156472872029	5.067442108371149	5.300891184998219
bow	5.069979049334162	4.9771409473233446	5.003992704782439
doctor	5.021035431545472	4.981814542311204	5.011550307404082
talent	5.274415006663808	5.022269511810564	5.348102746035486
source	5.192347292166925	4.977262160933541	5.270981620324699
lead	5.074987967941341	5.035076308218196	5.168739232303327
question	5.086139883336501	5.042298057555412	5.282455710451457
publish	5.265568784116842	4.94474672420007	5.355026208317445
interest	5.178771012149578	5.040753366885569	5.313060794404373
serve	5.0738531720977695	4.967605933502261	5.1105675149504135
divine	5.163878018184521	5.027940375458022	5.27324566927364
put	4.968454543009537	4.9227018832188385	4.954712273250864
shadow	5.061305429886564	4.932255609623942	5.006594857787413
practical	5.207059994185174	4.9774356647805345	5.348189335736963
surface	5.0683268632118965	4.802885303201547	4.967677235179934
account	5.12085512368514	4.980542801846103	5.212141865671806
loss	4.9666612249886155	5.089379605380649	5.136480999126725
indian	4.994334695162024	5.0338138348336585	5.13417042354748
vine	5.144920811735805	4.78389362731386	5.017498304795735
certain	5.071435177584375	5.024400224201589	5.2246773490463285
sin	4.889535064827027	5.130855086827378	5.102330097548436
necessity	5.029440217791682	5.073741528589069	5.272099216470229
lose	5.0012595695460345	5.060297981222002	5.069269885360015
private	5.130526515831122	5.060302534046058	5.300296038402644
gentleman	5.17357054912765	4.959565699472854	5.13688588244944
daughter	5.0698576118704075	5.06350210956499	5.089869693623767
drive	4.8531560182399325	5.092503280527741	4.968184927654733
strange	4.977819101449381	5.050952973179253	4.9798549037922095
journey	5.152182389631123	4.942471815889911	5.059045245254504
uncle	5.126414812394975	4.941570934893672	5.018714836043515
species	5.0693002595493155	4.9332050907880785	5.146604828224526
think	5.052704511009712	5.030005910638551	5.081428165221189
bed	4.996264104303033	4.837162688644846	4.817364675404915
wind	4.943300540029238	4.955190871068534	4.8919392785310745
bless	5.106003355418995	4.976911995057569	5.026230384879555
destroy	4.902383797444356	5.093039921120694	5.126341687910383
author	5.243831442637452	4.994877933272325	5.316082520820257
sustain	5.069559989647659	5.055359053608345	5.271036234334257
black	4.964860590873281	4.8710177035289846	4.862721254285811
event	5.1080885869268515	5.090066158180601	5.285119819351422
liberty	5.108927874821905	5.119591609000212	5.3408546979753675
negro	4.95581502897995	4.957146891368169	4.984497548935733
little	5.119668841523057	4.899993872752756	5.015668070539517
fortune	5.109441685376409	5.0788172260330695	5.182645412027061
touch	5.06461150127234	4.985189550842105	5.032106416868754
kill	4.790187450161305	5.085405494494828	4.905387948471689
feature	5.124482114036006	4.9608160805605745	5.116116519594043
happiness	5.148750729361741	5.07930125980497	5.245305342739495
assume	5.104709580138528	5.033072244051161	5.231135881588099
notion	5.098047152576271	4.98468995212139	5.172147518999676
purchase	5.185587828319317	4.876739756921712	5.161744698153915
faithful	5.162935890807521	5.077297302685212	5.255568890410484
soldier	4.942517089433458	5.164622497468203	5.111758049429581
father	5.012308908307299	5.069766674351773	5.0745100235406735
narrow	5.011721273741313	4.904591513216751	5.017325579498176
great	5.1415370010837265	5.01076234415009	5.256903287272382
tear	4.916914961326089	5.01857725817203	4.890115637569335
honorable	5.170049014983953	5.1197472357110625	5.3819066637889525
previous	5.121622462942603	4.971274154045413	5.212601797750559
good	5.119621409373376	4.993928107361025	5.137145656022005
domestic	5.174153848396017	4.958752394578578	5.2061586713178505
glory	5.189099384785558	5.0292078808803	5.20987401437596
lay	5.008594493073929	4.911711232743005	4.971652939480109
occasion	5.09779112951498	5.054533538564833	5.223050904493383
guard	4.929566142446058	5.1221331158326056	5.103575388554898
whole	5.089641932088264	4.957209266830442	5.162826055198286
mouth	4.977060055914213	4.884712446065921	4.860601744501397
receive	5.168811325591154	4.984646998982817	5.23546662146941
take	5.029668010787816	4.9798063880582415	5.07112338144472
simple	5.190421760436144	4.905966001264627	5.168776252261064
error	5.00623465152451	5.09863177907885	5.273327051568509
wisdom	5.134282363985998	5.0886274389292	5.2973823547225365
rock	4.969925680221939	4.901663282034573	4.911743972313356
decide	5.096997258756654	5.074174059044731	5.319116783886641
exclaim	4.926102075026245	5.068440442142664	4.913468991138271
assure	5.0935280422408	5.070108452030431	5.178056961444104
sign	5.062956039202027	4.987735003378439	5.134088262023229
preserve	5.1452933582523634	4.937561294031251	5.1861710647089
commerce	5.155757679173333	4.971265866260265	5.286747790773625
plant	5.1228617208994045	4.799076448904955	5.016874982414128
walk	5.139216725025302	4.8703439190866185	4.932835333357791
difference	5.110802277948582	4.953149306104581	5.2207764756919035
hang	4.960055033760404	4.899991718961736	4.842587038600075
following	5.268172469002014	4.87889211384229	5.251967723261742
employ	5.1501848888667405	4.92126503665732	5.211053178404576
