deal	5.033034805228077	5.007664491809457	5.105032053741334
study	5.267169462431095	4.906490598022577	5.247051172663322
afford	5.16890252296666	4.941135212232229	5.211717505636726
service	5.171797639306061	5.016795821388391	5.286708942872961
height	5.063837649007389	4.878646940617232	5.040565601802809
prospect	5.137769682724996	4.988879834937445	5.156733108451894
pleasant	5.229604447087846	4.83296557047069	4.977518659732066
shade	5.1224674216690875	4.842179258287133	4.946874498624914
listen	5.01059053205195	5.065760363612433	5.032172554767185
mighty	4.986049571963131	5.033315145592204	5.072966979407425
country	5.102271529156915	5.015045336946531	5.26248264670288
title	5.19926089198552	4.974486648130685	5.333477729502389
choose	5.129900980931856	4.947103244262012	5.198782190502234
village	5.144725448984186	4.896907445789252	5.080759959228277
acquire	5.203348498329308	4.973006955001911	5.294550360863135
rank	5.124301132097219	5.0645983365632805	5.276514547012987
bow	5.046341051483243	4.969284273773907	4.987326793577283
doctor	5.00225686914134	4.982857198819307	5.010071175858573
talent	5.233929252251583	5.023592769312466	5.324927329437718
source	5.148534327956678	4.97115909923263	5.23746478812996
lead	5.042141756985007	5.027385932331751	5.143721566653106
question	5.035188253544577	5.044075944334594	5.25049078765369
publish	5.218193107827866	4.944891733656119	5.332891019852843
interest	5.132081690057569	5.040034071539038	5.288337069379367
serve	5.045746866879906	4.962594660764788	5.089231670380753
divine	5.110208998434204	5.017495157221648	5.230703488167603
put	4.950678811086495	4.926284952337569	4.944019524506253
shadow	5.0326500312790445	4.921036981826993	4.978576607060207
practical	5.162407496371965	4.9806794857137335	5.319206978499049
surface	5.056415637646829	4.803895436432139	4.9489597507848675
account	5.08516752283798	4.9834085167913775	5.192887281203019
loss	4.927731361557783	5.092574069831063	5.117892037996586
indian	4.961402790314202	5.028949787012522	5.1133895696205105
vine	5.125551095834613	4.7841200135273905	4.996809513255169
certain	5.032767086544965	5.024140860706165	5.195042563957273
sin	4.842941258372328	5.124815076923383	5.070404371722679
necessity	4.987782752687472	5.075197900351413	5.243458089927451
lose	4.964748032217007	5.055439365033623	5.044965055120093
private	5.089489469646235	5.0573289904216026	5.2816846993223905
gentleman	5.14860702771451	4.960180545186172	5.130530001199415
daughter	5.032408379939241	5.0515901018775144	5.072621685969973
drive	4.8321215902635775	5.089009298706506	4.957329053687836
strange	4.950739081003071	5.043186601626822	4.960610009333977
journey	5.128031806319991	4.929462675540176	5.049830366674382
uncle	5.097393846051024	4.933574960414428	5.014620084129974
species	5.038194236553422	4.938249908791729	5.123865239245791
think	5.016760544294462	5.025664381143911	5.059727719953382
bed	4.994181378699582	4.827293828337979	4.816623012630419
wind	4.924815607486564	4.952527519116685	4.879510863098502
bless	5.062152069888085	4.962793144006541	4.999111160797075
destroy	4.864024989129778	5.093616383625426	5.098371138581933
author	5.1967347929306635	4.993272662611703	5.2860143619859565
sustain	5.025783420583129	5.058485651014182	5.242792587792666
black	4.960318337397993	4.871224215054757	4.857895213967437
event	5.06213540897188	5.087287915665316	5.261133451034428
liberty	5.049554355813094	5.115246216762411	5.30780922445462
negro	4.946001732932783	4.962185614502997	4.988215147587395
little	5.10022200478861	4.896136633261696	5.0022755667359675
fortune	5.066939950304205	5.075314962811192	5.162038622648421
touch	5.0383724379923525	4.977293136150524	5.008358624551543
kill	4.770406558732801	5.080245554383445	4.895977435495412
feature	5.101301533376376	4.9557118576889065	5.094400161795328
happiness	5.0973794401455494	5.068784446910763	5.21106305311854
assume	5.066802156492122	5.03478258815889	5.2055094242239255
notion	5.061643478228887	4.989364002770057	5.148465617829831
purchase	5.150035122055133	4.874551784859525	5.143996284763851
faithful	5.116556164539297	5.065287807296676	5.229030196257933
soldier	4.911265535763514	5.1594456387235175	5.100829299175672
father	4.974051803179378	5.058233925080154	5.053366824495814
narrow	5.000531720981808	4.899872077087247	5.000979197801515
great	5.10087247965764	5.011520661303422	5.230527205055568
tear	4.892874427041901	5.007973292580588	4.8737461633148715
honorable	5.115466406482543	5.119796982744727	5.352948083604487
previous	5.087601095082233	4.970616610107177	5.194316897783976
good	5.0825062803016845	4.992303091570071	5.115226905900423
domestic	5.137508354506849	4.95618905054357	5.184693461994957
glory	5.134838576990508	5.016357573010763	5.1742754424037125
lay	4.987340236266206	4.906433523034274	4.952217694949501
occasion	5.062067546667111	5.054199616788241	5.205625588908821
guard	4.90055300485522	5.114717224249462	5.086754014934085
whole	5.059433869436464	4.958297716373777	5.142216191131978
mouth	4.971406194312298	4.883929465419668	4.8587915636859895
receive	5.13215196514778	4.982785731514536	5.213205388245357
take	5.001850788598906	4.977952619332613	5.054000546155417
simple	5.1612250453495925	4.901822827555132	5.140811345264184
error	4.956008418150558	5.103667829796565	5.2386812008760675
wisdom	5.081594282390157	5.083417071397053	5.259593674240331
rock	4.9560714958113845	4.895233691648236	4.898096871207611
decide	5.045847658681641	5.075817385514083	5.2875756387339035
exclaim	4.908274339585048	5.06313019457639	4.907769661122862
assure	5.054440021667979	5.066488452089825	5.153125174423564
sign	5.030235365956319	4.981672163886001	5.110148814323256
preserve	5.11249566457422	4.932825099109614	5.1565431315806
commerce	5.108601726615984	4.973679870672779	5.26023460575214
plant	5.105529882450779	4.7974011141410235	4.994447215947671
walk	5.12728374685358	4.858056353301922	4.926746187787
difference	5.070792439225135	4.957589604905713	5.1932087535596265
hang	4.948348117501374	4.89503361950863	4.831203950954797
following	5.230108144160724	4.87511367933582	5.2287537200933984
employ	5.125049147975558	4.924802111362607	5.195955320719304
