deal	5.025011091498751	5.029203580362106	5.090536655758396
study	5.262267255641217	4.928831635157789	5.231972909311976
afford	5.167286459998441	4.966215157466033	5.209714972906684
service	5.168138987170201	5.0420406772107045	5.274994955927775
height	5.061577890183474	4.888060127354168	5.041379611435075
prospect	5.140469918454696	5.013352823850515	5.161621539195659
pleasant	5.225257105834524	4.850285497889877	4.9714416403693305
shade	5.122784280816038	4.854245312618979	4.950843320811368
listen	5.006508975693783	5.089244037172229	5.031110091350434
mighty	4.988682932000341	5.054364274486172	5.0773509887738655
country	5.102273637876803	5.042214397311217	5.258614551522813
title	5.204465942644429	4.997947848161507	5.326012942177844
choose	5.131140716178883	4.975266915385426	5.193951114512838
village	5.13681578083504	4.9201880005620975	5.068937648206419
acquire	5.201264028655147	4.995086113533673	5.285894066267191
rank	5.1194414707075895	5.079442014472312	5.265089410329914
bow	5.044653390005703	4.97339850420707	4.9841932913325
doctor	4.986778851836031	5.002986137093589	4.987874118677434
talent	5.228414603958891	5.0433652402646825	5.308224578931757
source	5.153507985755429	5.001277645402075	5.244249945435243
lead	5.041341364077597	5.05102583843371	5.14536120490966
question	5.037238142691544	5.073646010408996	5.245138167102628
publish	5.216913286768103	4.9790846490679455	5.318341123232231
interest	5.131148971211893	5.071189242658995	5.2830112211388185
serve	5.040524541605499	4.985913654093426	5.085990653656181
divine	5.118176430970885	5.044218826861664	5.237843604335149
put	4.9463392487187	4.94246091973799	4.936822964575039
shadow	5.0366294671645075	4.93693720229906	4.986681672487148
practical	5.161535073201924	5.007177089988309	5.3089457072650985
surface	5.058338119733886	4.814142555649167	4.952825184472736
account	5.078064139133064	5.012472337274171	5.183342027489286
loss	4.923504953128725	5.1250981435032115	5.1207647235627505
indian	4.9579584823882765	5.052040771384884	5.109127467511145
vine	5.12981995141129	4.796904322015332	4.99672422560347
certain	5.0286768636613015	5.052131932757492	5.191762664377157
sin	4.847046428350806	5.157386625222316	5.080459381978179
necessity	4.98895926495305	5.107562042717174	5.244392005636078
lose	4.961368915711324	5.082559135505519	5.051621088753243
private	5.087916073818827	5.092381406652877	5.273509705221454
gentleman	5.137171161121176	4.972741634922195	5.104718024417201
daughter	5.024125147027653	5.072293910857594	5.065772045688243
drive	4.828080479126422	5.111501021731725	4.96285266378015
strange	4.939483864226653	5.067015021529141	4.959674169462066
journey	5.12590955041261	4.957162685847895	5.050284763514968
uncle	5.089011105334178	4.955423339927745	4.997175659391492
species	5.039206327644061	4.96445143629244	5.122946259368976
think	5.009189906361403	5.051737064542802	5.053574019416013
bed	4.9905945592079926	4.846960426139775	4.817203466862743
wind	4.927971826029002	4.968637558385612	4.890221634786273
bless	5.067860178010464	4.985696927714376	5.007738341613264
destroy	4.865358605584071	5.124398503769301	5.1073974533459205
author	5.191335002768763	5.020954244191233	5.274616237792349
sustain	5.028401340865308	5.0861024550746565	5.2456396029884855
black	4.947703898272705	4.871224173544773	4.844741407515477
event	5.054763471421425	5.1254749104795465	5.259315275651658
liberty	5.0542536632690895	5.14743313272972	5.308215798928609
negro	4.9289044268382565	4.977439330981632	4.966478055160027
little	5.091730333677719	4.9103936031400455	4.99189843048846
fortune	5.063938437573458	5.099048424068473	5.1600129281021445
touch	5.032330411488344	4.994158272311183	5.007205597420533
kill	4.75721908689836	5.106769463296967	4.892766230179541
feature	5.091585976621718	4.964957774049006	5.084992886045063
happiness	5.099993960887503	5.1023162696205375	5.218552408486705
assume	5.061660889501974	5.053217750357813	5.197419019198539
notion	5.051494894288282	5.00714487672525	5.1272967910104725
purchase	5.158471741994735	4.901390877889183	5.143682581755448
faithful	5.11608057707437	5.091134083485156	5.226572053659464
soldier	4.902638036490739	5.179080338224086	5.0911270397635
father	4.969614608085737	5.083573349605098	5.052959397424784
narrow	5.00078507299777	4.9143083007506565	5.004922034531214
great	5.099702208391001	5.03579540470289	5.228054691139261
tear	4.8924944981340825	5.031353703718794	4.886975903238669
honorable	5.118016701429329	5.144627457817058	5.345802363922547
previous	5.081543180470031	5.003444689010955	5.188761214118788
good	5.077627700013341	5.01296980959287	5.106515664526729
domestic	5.135261434559596	4.983842732300837	5.178587994958197
glory	5.144784172913396	5.037518104656156	5.18305774682514
lay	4.9906087933372305	4.923239250255099	4.9592046076319365
occasion	5.055870928659953	5.084892197585454	5.196735215914856
guard	4.8982732821891775	5.136343920673788	5.085113069515435
whole	5.05497273069097	4.981452388075177	5.137271949620203
mouth	4.96710026758345	4.888209060064415	4.85103584334237
receive	5.13048596162309	5.010074683569475	5.2100006221707735
take	4.996728713091349	5.001868500563223	5.050378178814542
simple	5.157091272493783	4.920125107149975	5.132407642009535
error	4.95468004886925	5.136525283765899	5.238273965721103
wisdom	5.086803138056679	5.107253007677503	5.261562740686133
rock	4.961460610004899	4.9092877560838835	4.908432492612242
decide	5.046951794514298	5.106109128252278	5.281735163301171
exclaim	4.897234527456493	5.076601249199404	4.900683896684651
assure	5.053438939693889	5.089792456931227	5.150766879500448
sign	5.026732966594333	5.00469888430596	5.10449821310834
preserve	5.111004322817424	4.955220044054422	5.158136489700633
commerce	5.120774542382217	5.0005521753740645	5.262417048230499
plant	5.107648596019056	4.810391737138517	4.994715916762775
walk	5.122387881671409	4.871535493163343	4.918273856598649
difference	5.0660339800894265	4.980283596833511	5.183261468716764
hang	4.945258261217437	4.902161421931931	4.830713635274285
following	5.227443750682635	4.90294851035899	5.2183314477135525
employ	5.120004019636363	4.947726400461894	5.184187413249421
