deal	5.04787076471486	4.99718871813504	5.1047343549617885
study	5.271236211776157	4.90131510469313	5.248689780465558
afford	5.172046038860806	4.932108111520333	5.211854091084246
service	5.178221665464708	4.998304288634622	5.275555818425196
height	5.069033219531459	4.8652140339447625	5.033907309455982
prospect	5.15178716233685	4.97531038109414	5.15402867970443
pleasant	5.2411498667955625	4.8408287302091235	4.97969994410857
shade	5.139609023956319	4.847453137339965	4.956990912528128
listen	5.034061433083877	5.058081137205725	5.035674215445226
mighty	5.0044633382354755	5.02270500676355	5.075431374703314
country	5.109029293710467	5.00235422829737	5.260113718478798
title	5.210984143256536	4.95709678658091	5.337024352259447
choose	5.130986640772697	4.934227453826737	5.194075792219946
village	5.142282090392026	4.890127166385293	5.062635746587021
acquire	5.209901852991668	4.961496267408113	5.297915700257152
rank	5.1296744402945125	5.042779983932061	5.265001448553935
bow	5.069360642628386	4.953400271669406	4.984353452572221
doctor	5.018799218053361	4.971620258496469	5.00440579609356
talent	5.2415857673477	5.008958028398247	5.320495862461583
source	5.163302247106279	4.964493084526573	5.250236691771765
lead	5.051874668257422	5.017025637142008	5.143156305177185
question	5.049924533708257	5.023174852634648	5.251926288844796
publish	5.221217753560121	4.929021255647524	5.322211557120928
interest	5.1449379847231755	5.023729782826954	5.286684690016398
serve	5.053222804333647	4.957433933131849	5.091010822815022
divine	5.130704907392158	5.009078099194734	5.250643943318441
put	4.963907438918852	4.918496008872721	4.943907087103045
shadow	5.054812024614629	4.917271916736867	4.990488905502726
practical	5.167854475931175	4.966241044354382	5.320698918925967
surface	5.068573246682901	4.802020828736283	4.956429962328338
account	5.094195254906802	4.9700216444142065	5.189327123022883
loss	4.946170186178625	5.077815211220648	5.121519360514238
indian	4.97425488008915	5.01360805064041	5.106571918363522
vine	5.135764135212439	4.780838316600464	5.003322335448819
certain	5.045564628542145	5.012832678768032	5.202883842492296
sin	4.871557895502209	5.119232914116601	5.095257903994206
necessity	4.999827080767316	5.058585452506854	5.2462882509195135
lose	4.985918723178093	5.046370475628172	5.0537960523577174
private	5.092918370992617	5.041663832649244	5.270825654191802
gentleman	5.155329158267055	4.944864466687969	5.115096902998496
daughter	5.056988772541162	5.039921317185041	5.075942732505435
drive	4.847147915235155	5.076960563330468	4.949789576279517
strange	4.97712555544744	5.042282531797287	4.973115798937012
journey	5.136650479992302	4.922180364324788	5.039226143038595
uncle	5.119912766227076	4.922291619567829	5.009659362699178
species	5.051360052857678	4.932289758655994	5.132012995950485
think	5.039680470575531	5.019183144584244	5.06949570565253
bed	5.005976835039084	4.8310864704387315	4.816115710441979
wind	4.951277113077189	4.94593071351066	4.8810058691929665
bless	5.089905275105811	4.959557731540868	5.018582103860679
destroy	4.881181253416537	5.086849355567379	5.109712606087405
author	5.209629794523272	4.982331498406641	5.29011382991107
sustain	5.0373855474253375	5.040982959755928	5.243120863622828
black	4.974952493739234	4.864429693153233	4.852657581713477
event	5.076927163607554	5.069517442961469	5.256593682442906
liberty	5.065855374894169	5.096781971897631	5.307366898416755
negro	4.951251471546443	4.948748647233999	4.9755795244941545
little	5.1119259963441275	4.893639574674324	5.004474748311694
fortune	5.087253742433703	5.06197600006955	5.164107757558892
touch	5.064415182682111	4.9710787237368255	5.020495183583535
kill	4.788734069892873	5.071002268938821	4.895840459976437
feature	5.121811542874967	4.94611806645195	5.098141471927869
happiness	5.122860345759706	5.06008971697937	5.226724569949128
assume	5.07931335194825	5.018335893757565	5.202746884950002
notion	5.076648492103784	4.978243119231563	5.1531229309897935
purchase	5.154317232444427	4.8695328204156	5.147284309303616
faithful	5.134414037683526	5.0493128134751535	5.230392756167346
soldier	4.92510482494152	5.138749877028894	5.081249801255632
father	4.997629218323209	5.048376106433645	5.0618453074170375
narrow	5.007497287464008	4.895001281201814	5.0014634062181385
great	5.110035267288123	4.997149096606508	5.229866622835794
tear	4.926554502357745	5.007119299368523	4.891011253513511
honorable	5.1282533980830145	5.095450228684546	5.348700008157413
previous	5.091639774627412	4.954942597493216	5.183971448317414
good	5.097860569133941	4.985295949020964	5.121662723603831
domestic	5.149697329214373	4.953950803696266	5.189203643128182
glory	5.154866766574561	5.008104512081799	5.182416109549526
lay	5.000050834331987	4.90216051486178	4.955399546036045
occasion	5.07195013168462	5.040851145665754	5.196059274427058
guard	4.913591997479275	5.093879535648151	5.071111793523501
whole	5.06533708758964	4.947761841342976	5.13869154144432
mouth	4.9940093330347315	4.8758051010455	4.854387408035246
receive	5.13857258462428	4.967973140514428	5.210283694370378
take	5.013124332138756	4.965563176394562	5.050380109081165
simple	5.172050538970081	4.901351760684257	5.15348264908368
error	4.974211078908458	5.08891176186681	5.251072982805935
wisdom	5.101052919911044	5.071495213104913	5.273390242452884
rock	4.9726047566491625	4.888698568471946	4.896636512070629
decide	5.0579248479308925	5.050739460913717	5.282002824575545
exclaim	4.935661310240288	5.047075013418169	4.903534240800589
assure	5.073323847654721	5.050140141356432	5.153570144051224
sign	5.043612456986814	4.966775553989834	5.110383969890472
preserve	5.123269131123357	4.928449773009325	5.164580541958421
commerce	5.120760840295922	4.95889926080916	5.256901764391331
plant	5.1134331501398265	4.798464073961461	5.004845016904243
walk	5.135044637822925	4.858573613106747	4.920269657660038
difference	5.080666431023553	4.945868226466651	5.200151809939662
hang	4.970433075633943	4.8916146391574395	4.835687651521912
following	5.235080002138241	4.858478480486335	5.22014058473887
employ	5.123631997194809	4.915057404697961	5.1882636545015135
