deal	5.055111518415639	5.022986939367614	5.126419578115671
study	5.294768405625448	4.9161654697780515	5.270670528544533
afford	5.185693017730765	4.954378389868356	5.239167585864771
service	5.18306292714399	5.0352989829083485	5.30192635760159
height	5.078799860205375	4.900931826804728	5.078638983241381
prospect	5.165443039835684	5.007956241972431	5.193425913466515
pleasant	5.2533213076392995	4.859142671422392	5.004606655896568
shade	5.149334631925168	4.8656584221643	4.984529133725076
listen	5.0483756674720475	5.084859531550149	5.0648894624264305
mighty	5.014483461020854	5.061700640131694	5.113512499361543
country	5.122851054873153	5.028444207507112	5.289284094044488
title	5.227180458377699	4.973059652598017	5.358915300503715
choose	5.144865230286202	4.9701178302507305	5.22899064729434
village	5.1453075277800435	4.922710745094884	5.094379713195976
acquire	5.227085851244301	4.98122840397704	5.321872281835339
rank	5.1386685799348975	5.078234686098116	5.295997690469543
bow	5.071996756002433	4.994045601215587	5.017523779930784
doctor	5.026181044668956	4.99724340451561	5.025133619867986
talent	5.259588455777062	5.029591818719968	5.343848667043127
source	5.185585618761158	4.978524934082483	5.278299586967639
lead	5.064774788673411	5.047770178565805	5.176287133990787
question	5.071156931505435	5.047848879321607	5.284949906089518
publish	5.241827908750632	4.943955889994646	5.3518839843152834
interest	5.162600643948558	5.043297052274576	5.3143463518970115
serve	5.059397071428695	4.9887637677887735	5.117384549363326
divine	5.158573228483175	5.030457534770571	5.279456466775658
put	4.96276426508576	4.952990453473735	4.972755060540476
shadow	5.069884063430429	4.943540270441682	5.027982837096005
practical	5.193678572815861	4.9830183335854805	5.348334138910856
surface	5.075943294483173	4.824003221183935	4.991342610760133
account	5.103069966472071	4.99238074162623	5.2153573130636905
loss	4.952341253438248	5.1073908494316305	5.151303102384598
indian	4.967774860339415	5.052383314159461	5.1386928264337035
vine	5.139586230865127	4.8072896957222895	5.032777487284613
certain	5.059333521148497	5.036065954899201	5.231083594689757
sin	4.892670014265603	5.143906033131368	5.118457659381868
necessity	5.015846486856346	5.086874667031247	5.27765277775563
lose	4.9970676559130816	5.0797393906117305	5.089490509224908
private	5.10942963260747	5.0657258104747225	5.2974019195877124
gentleman	5.158522143871481	4.969105001058513	5.133721234797491
daughter	5.06619872164666	5.067252977799976	5.099163947475272
drive	4.842352340010249	5.124137777212188	4.987995578700494
strange	4.988010383826927	5.063713716139416	5.001567942313474
journey	5.140291598999145	4.960095704539607	5.074734520648635
uncle	5.123661124379248	4.953728781146435	5.032050568251596
species	5.056777132380591	4.950164685083466	5.156883089994591
think	5.053186153805967	5.045541810219814	5.096389044205082
bed	5.007401569937657	4.861221192682741	4.8433516992404755
wind	4.948539111353852	4.985740170109629	4.921525006836638
bless	5.102546248161999	4.990564628041707	5.0438104535264126
destroy	4.886899705364256	5.117968696372811	5.1393413077541785
author	5.230022781751864	4.993448834840778	5.311529075071652
sustain	5.053337659754154	5.070568178327637	5.279622000183649
black	4.963691130951198	4.896436989987826	4.879521159464326
event	5.0929535191310205	5.097441908268276	5.295380112185579
liberty	5.085574629297996	5.127651555183915	5.3413323936039365
negro	4.941525538846265	4.981845858438962	4.994737893413944
little	5.117205646986948	4.916737665011917	5.026736640021005
fortune	5.09179783630507	5.0924516699548	5.188994919905052
touch	5.075752286261003	4.993987370171536	5.047260518550034
kill	4.77694281191134	5.1225113170481436	4.925983346205902
feature	5.135115159521033	4.9629616755659285	5.129539365140858
happiness	5.145596084345878	5.080853588996705	5.25506345660896
assume	5.09329199793404	5.041856704392652	5.236039311442529
notion	5.095583023800231	4.996549785024031	5.17648375585112
purchase	5.1586797866815335	4.891846213057761	5.167021033922729
faithful	5.149687888875656	5.080168801371736	5.2569162379299454
soldier	4.917088047361531	5.194021509318003	5.11672197057313
father	5.007436954009326	5.079480878683642	5.0853288166659985
narrow	5.015362717105007	4.921438437931307	5.03449045429099
great	5.1217708124201415	5.026590872488617	5.261878633938451
tear	4.930989675003759	5.035729895870071	4.919461714819756
honorable	5.142743167404458	5.124787695191595	5.373521339282379
previous	5.104343881292823	4.98284999887696	5.222836308011955
good	5.105439541956915	5.013111494848661	5.141922290824365
domestic	5.163803578485778	4.966379671451085	5.2102657286962835
glory	5.17237846174925	5.04347237468583	5.220996420221197
lay	5.003414790378169	4.934686858475396	4.988708790780757
occasion	5.082238949161737	5.066982783770161	5.2259226608177425
guard	4.914000224112964	5.143927714476054	5.11071402901061
whole	5.073200541317053	4.975477053006107	5.172410371567999
mouth	4.982682138413923	4.908588098812361	4.881863743715931
receive	5.147547327851394	4.996366510203357	5.237976982031059
take	5.016554440754371	4.9991245289744475	5.081706474872564
simple	5.193469353461859	4.912125817723198	5.174759550740757
error	4.9990135026753855	5.1044783888368075	5.278135949922509
wisdom	5.1229818772537845	5.096700251240976	5.299578373326748
rock	4.972436690724329	4.9270226673542545	4.936591205782958
decide	5.078961211114115	5.081655588058415	5.321346912218268
exclaim	4.933312043866324	5.086241171037886	4.9324173360359955
assure	5.0832428800533265	5.083380626827361	5.183795595673682
sign	5.05562554198727	4.999396911207416	5.144614182531374
preserve	5.134007558952894	4.953364224432321	5.193055546605725
commerce	5.130890832557589	4.983918908458185	5.292092639205804
plant	5.117678842769974	4.821640616658149	5.029403612979197
walk	5.143401029335985	4.888083163355844	4.948114355638828
difference	5.098217069475703	4.961686558733494	5.225847399593352
hang	4.967523538940196	4.925192009297606	4.865084738749863
following	5.248893398802323	4.881991969454894	5.2525078755699095
employ	5.130722486413495	4.939852923302115	5.215404225544446
