deal	5.003790989231971	5.015074107436431	5.0902003212440095
study	5.236610219683774	4.919411252363072	5.2241693981731325
afford	5.13941660446239	4.951000022708142	5.195309406240631
service	5.147828616564016	5.024395519124373	5.266590023237162
height	5.030963637630496	4.863278684547958	5.010640281131052
prospect	5.113690083496609	4.994709434139865	5.141117710070826
pleasant	5.190867489303378	4.841159339154776	4.94862410830435
shade	5.080744532241937	4.851332366558591	4.921613494015163
listen	4.980068140934255	5.083702539927393	5.020763187086414
mighty	4.963770451065256	5.043784076039305	5.060749239838865
country	5.08376585124518	5.026422614045413	5.252992863553142
title	5.1836769473540825	4.994195024668385	5.3356750267098105
choose	5.110224427974173	4.95445487929616	5.184114372040009
village	5.1072320905272495	4.899930569365003	5.042771662263578
acquire	5.17716179665792	4.984294552534994	5.279495451802932
rank	5.09329264304744	5.069222226707989	5.255501755226948
bow	5.008078669009638	4.969990143431847	4.964264914784653
doctor	4.961251367183695	4.987134309254646	4.978918313841731
talent	5.203320327965193	5.03469483371783	5.3070849581663655
source	5.127228929563466	4.992383090566584	5.23557572569952
lead	5.0146310525419	5.0364927044503665	5.129796359005784
question	5.019056467652177	5.055463937525692	5.247798043494645
publish	5.206226201355399	4.957556846712099	5.323723426312403
interest	5.111465179646158	5.050888223441891	5.280503927224692
serve	5.016662754068099	4.971287445186232	5.0726080551915596
divine	5.086705638234302	5.048500599285567	5.2355077815212905
put	4.919959750503704	4.922225654317635	4.921917645748103
shadow	5.000406837478215	4.9311916339159945	4.964713315332129
practical	5.143499738969457	4.990864227063192	5.310445261771065
surface	5.020684104242015	4.796146516348999	4.921666230037488
account	5.062844571566097	4.992336666612408	5.183581706493341
loss	4.909541076487268	5.100257036184343	5.114155788653593
indian	4.939499172611936	5.038235204721633	5.09911597696365
vine	5.098226294069697	4.774653788258366	4.96678076858414
certain	5.007958283199954	5.038077886292826	5.189763122265587
sin	4.82419941895738	5.152805007756041	5.078105042558513
necessity	4.968881836640786	5.085609344201038	5.235640221407281
lose	4.944263882618937	5.066600540563746	5.042030821132687
private	5.064292829399967	5.066531834450067	5.264599276405785
gentleman	5.1053685450243815	4.9592653523165655	5.096094387286062
daughter	4.996533132166651	5.0653139662440605	5.053600167761586
drive	4.807731956583971	5.088032542641329	4.939922290513626
strange	4.917737488978517	5.060545483809086	4.9533861176317595
journey	5.1019182892253925	4.937511087161607	5.0261701554563745
uncle	5.065222326061711	4.937008224849104	4.989149537300616
species	5.016645994775713	4.945516912777617	5.115281568899662
think	4.989517599605559	5.039397632509927	5.0520671615084245
bed	4.948994140920363	4.830049987277718	4.778068961642064
wind	4.9027419097048694	4.946592382246083	4.860160968106771
bless	5.038046905355323	4.982944662989126	4.994630854658743
destroy	4.848825997080953	5.110294271311833	5.098012413716188
author	5.176548358041289	5.015350589770526	5.284409012860271
sustain	5.006700755583723	5.067306701581612	5.2360599931396825
black	4.913009813063748	4.864301431564224	4.82412167873274
event	5.045413211609762	5.098627025419638	5.252352588345414
liberty	5.040462538838079	5.130149928154491	5.3037069395074266
negro	4.901847490334438	4.959263277773507	4.9520680003920345
little	5.060916239610543	4.899943973246008	4.977649808611839
fortune	5.041306829492167	5.086905633691911	5.151187638613774
touch	5.00249455070019	4.989733207887159	4.996967011042561
kill	4.748684826107092	5.08363406529034	4.880024960912113
feature	5.054274399562572	4.963332187543905	5.0722350311705755
happiness	5.07758748340766	5.088519696150656	5.207775508606458
assume	5.036104121345568	5.043433880331898	5.194226147709972
notion	5.032497750675501	4.998040470948736	5.138077333072378
purchase	5.124635419843519	4.886144889415641	5.127520848932165
faithful	5.092123384003453	5.086365587177942	5.221829939365413
soldier	4.886243543842075	5.156361039052233	5.072713909582715
father	4.940412457459578	5.0796073304086855	5.042345199188188
narrow	4.960271598384232	4.8978120242604835	4.971447330820164
great	5.077468906190225	5.021664377293326	5.221214079887888
tear	4.862846798908901	5.021447486710336	4.86302716950597
honorable	5.095578218068361	5.135245039011639	5.347997574905346
previous	5.0650196035040125	4.974579238999696	5.175962052354511
good	5.053434688227999	5.004109799477901	5.103414907671686
domestic	5.111745444894501	4.967710303098259	5.169379048459109
glory	5.117919716323674	5.0374133751873105	5.171274006871698
lay	4.9571565757819505	4.913306428768642	4.933490213196139
occasion	5.036171996582104	5.063311123292059	5.188234880011297
guard	4.87814124303973	5.112822749949893	5.064512468436369
whole	5.030813837472404	4.961911313530884	5.12329285522805
mouth	4.928492029384598	4.876565965302773	4.824878239009687
receive	5.105656356465369	4.994463632221703	5.20297260709404
take	4.973532505711867	4.980453123259351	5.035973071398997
simple	5.125324100080681	4.918919486140534	5.127982881565497
error	4.941831826798126	5.1211311411926355	5.245920910434003
wisdom	5.061271804561314	5.108381420078242	5.26244450314275
rock	4.926854162547585	4.892420793987113	4.872805712325446
decide	5.030832188132663	5.081831283060455	5.280494249344082
exclaim	4.865865457756727	5.065573692476968	4.883729325148733
assure	5.029376275133982	5.0791724550495925	5.146572070847153
sign	4.999213202503548	4.993867958107685	5.097553933033767
preserve	5.086271997716531	4.94689284948744	5.146740263767862
commerce	5.100506050679228	4.977154341827916	5.249715885093996
plant	5.073772505360223	4.796877810751579	4.96754075038032
walk	5.081660198884339	4.859227948149222	4.888881063094744
difference	5.047054717769945	4.959542180264988	5.18478148934741
hang	4.908606452016323	4.8934547511564785	4.8060713792301835
following	5.213001527158088	4.881295976112911	5.216257705763422
employ	5.095591078385952	4.927601067120241	5.172348564530991
