deal	5.046592739351859	5.0143232972570715	5.11051937746695
study	5.27219990461202	4.9127774023356094	5.248899144575094
afford	5.173947312135784	4.944800088166321	5.211590940875077
service	5.182290979174007	5.026540299100825	5.2890292365404274
height	5.0610294080852025	4.865808493045979	5.031990830100247
prospect	5.15316733780696	4.992981673573872	5.160148453762017
pleasant	5.229222660757287	4.846156569243273	4.976086021040568
shade	5.11852844136975	4.848709662892911	4.9499307263367225
listen	5.036102895241846	5.073708848442813	5.046545225573477
mighty	5.001117223512513	5.042447274783175	5.078554990534662
country	5.113411774903879	5.023024004367669	5.264540545960521
title	5.2213596432050275	4.973276097026753	5.345576820641854
choose	5.138438059709386	4.9595928655376555	5.206693534970411
village	5.141214746153748	4.911664115943556	5.068221507784514
acquire	5.21001804637367	4.978238596153537	5.294314402748936
rank	5.1290623948227685	5.062967090105309	5.269780388973036
bow	5.055288996849609	4.970046464996251	4.991047647055343
doctor	5.012225161945971	4.990710780691801	5.012489862204367
talent	5.24187874655816	5.021672205015802	5.320710052477867
source	5.162744569173385	4.976159616423771	5.245987570687657
lead	5.054535995263024	5.034943366664198	5.147876321652546
question	5.065655913739905	5.047299528300585	5.269297775208607
publish	5.237600945902565	4.941753487775769	5.338589403217178
interest	5.150376969168186	5.040607810268491	5.296203250037585
serve	5.0497977137362	4.9729591438721705	5.094262205047306
divine	5.129619935106525	5.028756217246431	5.252862521566515
put	4.958060831295134	4.9325727072649075	4.950313173138022
shadow	5.045008781071878	4.926375408954766	4.991768480576674
practical	5.175608565869559	4.981657374194586	5.325938672976693
surface	5.052733193200552	4.8022767586878246	4.949849585147415
account	5.100432650008307	4.983956919980505	5.198984376332481
loss	4.948568267356124	5.099105116431333	5.131686451564362
indian	4.976741236824688	5.0420245268318995	5.115272379692792
vine	5.117440821924878	4.788167373186162	5.000236813868157
certain	5.045586170103277	5.031463746627161	5.204700319904903
sin	4.8678859257377605	5.145809135975559	5.100544400478628
necessity	5.006178047357628	5.0823679917185185	5.255503949255498
lose	4.983383980949887	5.067003077849743	5.0599264446889185
private	5.1064036986738275	5.0608378601750434	5.286385925955759
gentleman	5.15506838728634	4.959828429107804	5.121980316375394
daughter	5.047938517319183	5.063817879311014	5.082872135945279
drive	4.844634004623522	5.100612386823198	4.960144584949608
strange	4.970277387664362	5.053599981346257	4.974924981066412
journey	5.1424567177414975	4.94029721617758	5.0512773628611916
uncle	5.114056395290249	4.945102259910977	5.021220925724017
species	5.04297815972498	4.94181275266481	5.128965480669951
think	5.036865631175849	5.038439078500602	5.076691619254386
bed	4.99228195010425	4.842313797954792	4.820004289590959
wind	4.938468355273891	4.957885143715689	4.887202902591255
bless	5.077632285867085	4.985775729131149	5.023235317350824
destroy	4.8742613026689705	5.109635349367914	5.1096659484938405
author	5.214128114785122	4.991928284796345	5.295519481668162
sustain	5.039982712156364	5.059277376239982	5.250808411636689
black	4.954810641960023	4.867499279364171	4.850136699141074
event	5.084776370326459	5.0890549507482845	5.2683555430977
liberty	5.069521128523199	5.125381222473295	5.319864253169305
negro	4.943001373670304	4.9746966029320605	4.976755268292181
little	5.102930311090821	4.90371857729368	5.003092421758651
fortune	5.08381965832767	5.083058031840617	5.168771417229451
touch	5.051622410243316	4.981077423227046	5.020695045348567
kill	4.781498219273511	5.105327197496357	4.90713528873368
feature	5.107566198270166	4.946484853461836	5.092151022946499
happiness	5.116406905955036	5.081491927365345	5.228792611985879
assume	5.0812316134703766	5.030000148300367	5.207999042258732
notion	5.074498625421272	4.994854563921741	5.156756370177639
purchase	5.161443748581142	4.888885913212835	5.152688299737579
faithful	5.138352437131331	5.077551638513308	5.244218143642656
soldier	4.924861524036008	5.166980356455314	5.097654203088808
father	4.993273115103255	5.080027578421918	5.071109391974939
narrow	5.001622945456373	4.9013237840881265	4.996422679242506
great	5.11414257695056	5.012097149792127	5.23289506292752
tear	4.908634052918001	5.0232729579152915	4.895238079745998
honorable	5.138065612532366	5.1234418983123025	5.363442486888522
previous	5.099945411491866	4.9724099419743775	5.196214926049274
good	5.093942488382825	5.006494173544725	5.124706864894584
domestic	5.142835792423846	4.9649898223644024	5.1877417711629725
glory	5.152740453637185	5.02378623403977	5.186466795619324
lay	4.995201267543704	4.914334008487154	4.960609530801288
occasion	5.077129837095358	5.057276172630314	5.207245447656315
guard	4.917204188512615	5.1219739545886505	5.091898518084635
whole	5.065145839449815	4.9586821424760545	5.14028874084613
mouth	4.978273604315711	4.882246731090659	4.855014213600158
receive	5.145423859820267	4.9897563846404305	5.221008550416596
take	5.013435855223711	4.986502168721976	5.060729539784859
simple	5.164648794191904	4.907135146986579	5.147661260719612
error	4.9825964512836665	5.104938040682705	5.260330697008524
wisdom	5.102999361155278	5.091415141577028	5.275928743160037
rock	4.963742841400665	4.9007938044123165	4.901164251385644
decide	5.07464995380299	5.076658555394058	5.302456645309655
exclaim	4.9246791709380915	5.069232622502494	4.913398625892258
assure	5.078936892226301	5.074557560881873	5.1661660756052665
sign	5.0489109460777115	4.988911147729992	5.122651763033518
preserve	5.113031822436331	4.938536292984212	5.1609697560586225
commerce	5.1283558863942185	4.974807148672027	5.265476360232981
plant	5.092494643045015	4.807301907286152	4.995748776310592
walk	5.12795401880967	4.866998450456561	4.923015447110177
difference	5.081345752389695	4.957743131832473	5.200214028721412
hang	4.952577419183029	4.899052280871265	4.838339982808299
following	5.242045722776178	4.873132898578557	5.235763108169525
employ	5.125640249844756	4.927226050415347	5.189978215724289
