deal	5.027502448517562	5.011546093699272	5.090082998439309
study	5.269575049571891	4.904395101581682	5.227124443832261
afford	5.168018055741103	4.947561187281586	5.199316229553497
service	5.161287049831481	5.017832084828038	5.263851355219633
height	5.0645815840619735	4.878581603070902	5.027699407427343
prospect	5.146903222978751	4.993079894537358	5.151021374147715
pleasant	5.2326182467616125	4.841482119206562	4.966439101014582
shade	5.1295563481877675	4.846646715284118	4.9416556746752205
listen	5.019038882064487	5.070540659038851	5.031743467172556
mighty	4.990159474177632	5.037269225231799	5.066711000355203
country	5.103352904015413	5.018646341001521	5.249776034278024
title	5.20347398122591	4.971835116791632	5.31868532252778
choose	5.125187827437651	4.950461763790778	5.185353894529639
village	5.141400751214797	4.910712777967541	5.062322143667927
acquire	5.202262430285654	4.975597710580188	5.278073391147037
rank	5.117693171997234	5.065000375135164	5.253630985778205
bow	5.042987512465198	4.97135409484537	4.978926270867496
doctor	4.990524283041378	4.987776281826225	4.988448745145373
talent	5.234529599385582	5.021492557442268	5.303255888364194
source	5.161662215782255	4.973376650944982	5.235088332146819
lead	5.0449695878109635	5.033767260067482	5.137895701378824
question	5.041094912722124	5.047162686553239	5.245980483623171
publish	5.227458977989112	4.935922187769023	5.315425574997639
interest	5.137896094989842	5.040590937042277	5.276783735162687
serve	5.037683254555622	4.967935538835241	5.075899454496703
divine	5.118683644767906	5.015041588204874	5.228872755625064
put	4.940389014570486	4.933872592454119	4.935305130746925
shadow	5.045983131660683	4.925037875239785	4.982299631409672
practical	5.165877869802594	4.979166027155582	5.305835382911218
surface	5.060455128218158	4.81228578119075	4.948351295096967
account	5.085423066781128	4.987834830720438	5.180536070768596
loss	4.925623122130259	5.095967718496076	5.110359781765751
indian	4.962058919219861	5.044951687108418	5.109695123821186
vine	5.126532393352581	4.787457878245804	4.990969136475616
certain	5.031384295736281	5.032017139978786	5.187508902421112
sin	4.844286767771101	5.125659061086139	5.069998412505475
necessity	4.986583196054934	5.082646902815223	5.236520041289138
lose	4.968452974690263	5.060334691494309	5.04375025278017
private	5.0870976187684835	5.057125029929268	5.26175187273969
gentleman	5.1368211770713765	4.964361493579966	5.102973341151492
daughter	5.027396832276292	5.053781791238155	5.0559480246036514
drive	4.828362434913285	5.101903383555473	4.953282076049899
strange	4.955496491155897	5.052348053141214	4.958784626311096
journey	5.13603746512424	4.937053797892899	5.043192468323424
uncle	5.096892407516305	4.937517711741076	4.999056254957736
species	5.038192449930651	4.944597079059414	5.116739106880834
think	5.018586756006677	5.032043458893841	5.05490353970589
bed	4.985494585258229	4.841297251559335	4.806748041986776
wind	4.933704323211092	4.962386542786082	4.88516853420312
bless	5.0629665304145925	4.963271680597879	4.997275909019672
destroy	4.862332932530556	5.1007318968992745	5.094144831341659
author	5.206531957501944	4.987502590905804	5.273045228749044
sustain	5.025761634075292	5.0570724947509005	5.233671769758146
black	4.949795200672616	4.879499140382758	4.84348295844833
event	5.072186621322041	5.087875772429706	5.2521094479743065
liberty	5.0537140233069815	5.113877625545659	5.29794691723786
negro	4.926030420400024	4.979177197415937	4.9655430929873585
little	5.0943505896860355	4.906292259849709	4.98928886608289
fortune	5.066768666767946	5.076374786785447	5.146143478111129
touch	5.040967235100796	4.981251079022418	5.006081824065141
kill	4.759612276692355	5.095977588418621	4.89162347651586
feature	5.105710869442113	4.957488064466722	5.082593734541811
happiness	5.104779410562323	5.071679403620972	5.206141664478112
assume	5.066430220828145	5.037978661286986	5.1941928383275116
notion	5.061185835567977	4.996342766292717	5.137431148006433
purchase	5.142000769476076	4.883325054735999	5.129158897385968
faithful	5.117945572695758	5.063960956964987	5.218636077637716
soldier	4.904816250634658	5.163833009112497	5.083817451662382
father	4.96802891866452	5.063863990013367	5.0445041383802245
narrow	4.998555767191757	4.911266340322892	4.9923499411781
great	5.1012253741433105	5.0129724481740645	5.217957054357206
tear	4.894702191400951	5.012217333775679	4.876569181884742
honorable	5.114078971679126	5.115679322511233	5.336739627359225
previous	5.087938778459778	4.974080256973186	5.182022950517739
good	5.076143165368134	4.997707125131772	5.102361252008393
domestic	5.13384532663984	4.962999466854103	5.168912903748471
glory	5.149367304989433	5.010594429369902	5.169042289266012
lay	4.984129604792755	4.913406246184409	4.948941395366687
occasion	5.061558393060187	5.059483756651728	5.192578161000038
guard	4.898607729306482	5.120721869529168	5.079396698558062
whole	5.055498900532683	4.9643283352824685	5.1281505596866435
mouth	4.973517250301438	4.892249685956997	4.85269496271788
receive	5.125713481610589	4.986269995175014	5.201469774764914
take	4.995443262180017	4.985073695524557	5.044945924362471
simple	5.159603572756202	4.905676478865915	5.129127249464292
error	4.964840903464573	5.099357061929394	5.23554295130395
wisdom	5.089062627992222	5.079814772219038	5.253295947401882
rock	4.964168438008445	4.905449230111007	4.90109843247983
decide	5.052034236863416	5.0777608864564705	5.281990994657793
exclaim	4.90360503141945	5.071128629283977	4.89987564194843
assure	5.058719638308567	5.072847689113049	5.15163245840665
sign	5.030177760114188	4.985069074798215	5.103018917977602
preserve	5.109882692666142	4.934844805111632	5.145876953718979
commerce	5.119224257620409	4.977645422793211	5.254771495742802
plant	5.101780857948729	4.803514707215759	4.986891515974407
walk	5.125539392313376	4.866149731281968	4.912370640500622
difference	5.066984782328138	4.9619018602604275	5.180820240909134
hang	4.945082591698186	4.901390012160965	4.825448168611993
following	5.235146210447523	4.870895621983452	5.217701250341051
employ	5.11781609915285	4.931847862459953	5.1768756504381965
