deal	5.056975640185049	5.03122772006097	5.144548261188665
study	5.284310347379479	4.920695995929868	5.272200023471613
afford	5.187512625343181	4.9626224439460485	5.246650200968667
service	5.189261557191143	5.038357788049654	5.312241743564605
height	5.064018044689559	4.910290744436315	5.075027629382009
prospect	5.154730915061812	5.011581671882819	5.191020610609002
pleasant	5.232927764065713	4.859900369220341	5.000330793932255
shade	5.1197164256309975	4.874387442554657	4.9783039843381856
listen	5.013945656013298	5.100164900544966	5.065401946155278
mighty	4.999549797706391	5.066753928326642	5.116933532678646
country	5.1309781219519435	5.035605799602934	5.302910098346083
title	5.232611679106614	4.993391771397705	5.379326913118666
choose	5.154770853042622	4.97641968736556	5.239339260723063
village	5.146773322787645	4.934863059698373	5.103260968989897
acquire	5.229328598033702	4.988216658569768	5.330179429684752
rank	5.137528357774058	5.0849892466546756	5.308466983758799
bow	5.044507437565047	5.004679918628031	5.016541777042936
doctor	5.014715313224524	5.0128154565314444	5.031510945414653
talent	5.253432884927533	5.03431062105586	5.3540710710426955
source	5.176456063257769	4.991768628529732	5.282886222595917
lead	5.056446510056661	5.056497364049003	5.182277753012021
question	5.071885542842721	5.067751305992602	5.299154328666529
publish	5.245295966543958	4.961891748534125	5.360586399958107
interest	5.158962437212612	5.055376147226442	5.325256665280402
serve	5.064016885574058	4.992840389986153	5.126922394160172
divine	5.135425863268127	5.0402458284581915	5.28176774631437
put	4.971040061774399	4.96449452098432	4.9843305234541795
shadow	5.038344993861946	4.9558686856200955	5.022706305142735
practical	5.194431781610427	4.991742971440008	5.358261312243005
surface	5.064243070887202	4.8384532242176865	4.990838750748507
account	5.108626602661032	5.007384607013653	5.2295305532345004
loss	4.95208911041046	5.1207394183405555	5.160373733744277
indian	4.977819763428363	5.072722463929382	5.155255022025489
vine	5.137562234132215	4.812588817843337	5.03204547906187
certain	5.059463497398754	5.0523365228698305	5.244363928499246
sin	4.871027139731344	5.156441460481151	5.127758730197336
necessity	5.0190058503246044	5.1006920342584685	5.289706686714115
lose	4.98370098470542	5.088142220138349	5.091870491099725
private	5.115647059987083	5.075465684534073	5.312859661373084
gentleman	5.159771038275169	4.981789676014025	5.149282037350868
daughter	5.043085787313879	5.081610566619625	5.101173707538683
drive	4.839932477512962	5.135212049444741	4.998967098503256
strange	4.956483286760934	5.081693804863473	5.003418534487794
journey	5.13227906255174	4.965787664654537	5.072271688048964
uncle	5.1179429273137504	4.964158548482184	5.039673666649507
species	5.064667516630906	4.967724178274018	5.172722577763966
think	5.0375609160543755	5.055742645277522	5.103497053556674
bed	4.992816406076166	4.873759400850176	4.842396407542144
wind	4.926396628830519	4.996942929018379	4.918583535346689
bless	5.0821988785467695	4.993321351201263	5.042763899196632
destroy	4.890114522621714	5.12768447758963	5.149897674203416
author	5.218706436439237	5.007566005473988	5.321191200009844
sustain	5.051181325114503	5.079667763577254	5.2837331696147185
black	4.9546378493223635	4.914313284507972	4.885231346823901
event	5.081656451740576	5.109710991693345	5.294260138009275
liberty	5.082489558655938	5.13244015573318	5.347620583153055
negro	4.951199539829864	5.002229343598127	5.015911566645924
little	5.111006281616795	4.9256604092839895	5.034321456380355
fortune	5.08825933773658	5.097618519276911	5.197621474801916
touch	5.042940745265589	5.009914411908554	5.046591173724445
kill	4.778058515573246	5.135580954270538	4.9382799270005195
feature	5.100560190957746	4.984652274400685	5.127231272506599
happiness	5.125249615613681	5.08660927557872	5.253780865674046
assume	5.0846515992672785	5.0583357476702835	5.244752017286574
notion	5.092848415821435	5.010267295275755	5.197481807944343
purchase	5.182977851450322	4.904494408058711	5.186362938277069
faithful	5.131763564349535	5.087612654269699	5.2612511930047665
soldier	4.911337326558115	5.199322866857224	5.126009131091022
father	4.989538034495215	5.093652248342779	5.090781730410436
narrow	5.006015269223118	4.936538156237266	5.0407519369778075
great	5.123698522638227	5.034010591248712	5.271597015104577
tear	4.898750457108845	5.05058169189172	4.912839368042934
honorable	5.144970611800548	5.131714970217402	5.3874012703219165
previous	5.105544812678944	4.996695309861281	5.222715710182673
good	5.107342951128029	5.0158031677649	5.1552925101289295
domestic	5.163622812485452	4.974649476322441	5.219160594827858
glory	5.155615455594981	5.0411683627096355	5.219901034549065
lay	4.99549833783606	4.94638635364918	4.990326709504438
occasion	5.0783050009801345	5.078633206096153	5.235088623718725
guard	4.903868435721515	5.1551754276507635	5.118922556961206
whole	5.076491403128509	4.988529074838251	5.18123619410047
mouth	4.9684528539289925	4.930426307036833	4.885303417116391
receive	5.153206862665299	5.009777643618385	5.24913201078898
take	5.020550242368024	5.011797695315197	5.091042484183974
simple	5.176829374715806	4.924003373902607	5.18152694020149
error	4.99000671127029	5.120938946874252	5.290566833242002
wisdom	5.108933581140955	5.101113844530021	5.307609182421467
rock	4.954310613929834	4.941191447467018	4.935197475186776
decide	5.078635470667884	5.098034823350707	5.332502997242452
exclaim	4.904965956535538	5.105948949820367	4.934699362380804
assure	5.075147796083079	5.093546458254709	5.193250433466305
sign	5.046390086143375	5.01970222750046	5.152708469921143
preserve	5.132152855806451	4.9575819125542795	5.194784717007996
commerce	5.147780879872232	4.9977892875956496	5.305340472415356
plant	5.116178479608909	4.826645061664415	5.031121698234889
walk	5.123842261777248	4.893582022955174	4.948166304315232
difference	5.104299976274776	4.975902432778602	5.242286651195416
hang	4.945664630310519	4.938281510496962	4.866857792151692
following	5.24521384965412	4.8957947637891985	5.2534669502517675
employ	5.144140035234894	4.952716332511079	5.230557605593467
