deal	5.087198824417052	5.003748036205183	5.118786991031603
study	5.303704701647666	4.905174471723977	5.247832155266206
afford	5.2076915446741445	4.941391992595525	5.2240261241530686
service	5.217207733250899	5.0177952716731795	5.291168555660039
height	5.096816231339676	4.87032260670003	5.039905948914166
prospect	5.194780522377464	4.985803699002071	5.175102787128278
pleasant	5.2801309217776495	4.837301845177787	4.9874509539673735
shade	5.15818745207578	4.843378151789686	4.952858003134602
listen	5.074107892625011	5.065016765629515	5.049718888427336
mighty	5.042446894873728	5.026466683219364	5.085489063354231
country	5.147158039984097	5.012870509917244	5.274026373557519
title	5.241244139485632	4.973286578159764	5.34076503816207
choose	5.180219385561234	4.951949271498331	5.2045244586334345
village	5.182583206492078	4.905013311649476	5.081564633881524
acquire	5.245138545095093	4.964737710404119	5.2983867707367
rank	5.165612964983956	5.056729270318121	5.2760524530771225
bow	5.09867630718063	4.962672120943558	4.992836213342039
doctor	5.059221552126267	4.981969240611868	5.017499419012551
talent	5.276141419851954	5.014901025144143	5.328028635650517
source	5.197577456278933	4.970260340488082	5.256545720694129
lead	5.090060936554301	5.024434756949681	5.154886148951288
question	5.094391844134963	5.038285110022808	5.264246278252898
publish	5.254994409534197	4.946209921792712	5.335879815857483
interest	5.184398564645513	5.036095254778021	5.30133092328213
serve	5.090478290898064	4.962199627213505	5.096792407755316
divine	5.162183008175416	5.017532164342135	5.2483548639641135
put	5.003335062584804	4.921029818017439	4.950824645795438
shadow	5.079986261038359	4.919396241117192	4.99141735584156
practical	5.2041838169761885	4.972072469934881	5.325234352517627
surface	5.093173524648823	4.796305528450005	4.953979116895645
account	5.130424717098113	4.984192738491941	5.207268097160294
loss	4.988656941031212	5.090254869125838	5.141720671008419
indian	5.008365148023706	5.027721984671863	5.120273124258996
vine	5.1578529178101915	4.781214546870663	4.998306822373836
certain	5.08029782888642	5.0218953370701875	5.208343907585068
sin	4.908886958439813	5.1276474766882725	5.097007287675747
necessity	5.0398978609061125	5.070241999983306	5.257087581446436
lose	5.0261304341449895	5.052665645072349	5.067008413047054
private	5.136026555310635	5.057800423949618	5.290367558336233
gentleman	5.195617420451997	4.959461711866248	5.13206437593177
daughter	5.089582103732955	5.059342508302529	5.086387683345462
drive	4.889073849112691	5.086072645167686	4.971772054122555
strange	5.007499070255514	5.04537092163476	4.981543408504142
journey	5.177564502542826	4.933125113807398	5.062254308713199
uncle	5.1615996229736645	4.940279038357737	5.027811695066749
species	5.075369629829611	4.936739511478031	5.13471443486833
think	5.081361986238387	5.027111182179479	5.08077422826225
bed	5.041176700315743	4.834484717609283	4.821817103444371
wind	4.980678420088891	4.945639433878911	4.8917449323207745
bless	5.12821300344521	4.971730008108159	5.023635369464245
destroy	4.91370269083117	5.0920001634933865	5.115308189593143
author	5.235249804717998	4.991687554771783	5.294966014869618
sustain	5.075165799322647	5.049907555751221	5.253926058216939
black	4.993139259886883	4.8674531013134645	4.854651203868581
event	5.115864265604118	5.083499357428462	5.274355868891605
liberty	5.108606568977943	5.111228761347146	5.318984220796731
negro	4.986623113644679	4.963768309215453	4.989508944926951
little	5.149100434430141	4.895925017152213	5.011865491427791
fortune	5.123825911646454	5.071240577999342	5.178449473095061
touch	5.092233916521567	4.974721685916045	5.02289352270117
kill	4.829141315883606	5.086146662610281	4.909805177736605
feature	5.142092104303491	4.9480285660365775	5.09852182399805
happiness	5.161459444172025	5.070232244769736	5.23442886543352
assume	5.114516913969869	5.024417072302575	5.212112930828614
notion	5.1158433307528695	4.982125682420233	5.158690697278242
purchase	5.192773750263881	4.8822167925291815	5.157738515816541
faithful	5.171413714842533	5.065385306586318	5.241993135505777
soldier	4.961788690456464	5.152155497581537	5.101347669789097
father	5.035445997750335	5.066412093786925	5.072598394376136
narrow	5.037926355575995	4.894269123690109	5.004573044411685
great	5.147217934738624	5.005861233085721	5.242527892611855
tear	4.957183477138961	5.011640650045707	4.8960799472557825
honorable	5.1675152163913145	5.113534256535179	5.363329659911859
previous	5.132790018580553	4.969486808632437	5.201470022463096
good	5.1387726977198085	4.991550630438396	5.131262876697831
domestic	5.183608743756672	4.957378013853332	5.196672764213046
glory	5.190003905618386	5.01134144359055	5.188769488772944
lay	5.033016197439374	4.903360526424342	4.960145054058591
occasion	5.1125336897438824	5.051283975958912	5.2154755081668895
guard	4.950574768865243	5.1099747395417525	5.092136468135784
whole	5.101905846567344	4.953258650717101	5.147895642233084
mouth	5.020338905604126	4.8753613792268045	4.8591126466108205
receive	5.178422807441499	4.986371784281727	5.226748635511116
take	5.055774836582973	4.977060555817452	5.065506197135082
simple	5.198829640512464	4.899553223414915	5.147389352793347
error	5.007884632891498	5.096256295377581	5.256101567506168
wisdom	5.1360065599423415	5.074711728672561	5.273979779435549
rock	5.001066758035614	4.891587912739054	4.904607358497842
decide	5.103016176543818	5.067514439962925	5.296703426143534
exclaim	4.973344759525344	5.061697083876149	4.923958147423883
assure	5.117076557009599	5.0648283751090535	5.173494838443897
sign	5.078260368038854	4.981090460618545	5.118168999165595
preserve	5.152596481920168	4.93054683523148	5.165602473128397
commerce	5.156255323890239	4.966083323603501	5.271136304290231
plant	5.13456292525882	4.796789333623933	4.9951840124671865
walk	5.172771809144947	4.860603213085278	4.929046577753148
difference	5.118560628297691	4.954793271477225	5.2056614285063265
hang	4.992974809572072	4.8933532925242185	4.837393477431064
following	5.267480367752382	4.8775256327576395	5.233808707278002
employ	5.156844759647236	4.920816190819991	5.196393915898359
