deal	5.030010309782369	4.992434501536696	5.065792115677945
study	5.266583024563883	4.895079789600283	5.210860215281646
afford	5.157564505920964	4.930242518010358	5.179859848043072
service	5.1622492097856565	5.007740010976715	5.248443423296999
height	5.052135987567108	4.850816836981108	5.007551343801853
prospect	5.141259916000153	4.974973647233161	5.129832244135571
pleasant	5.231488575103237	4.813641567538646	4.93385165486034
shade	5.116403249407047	4.82061468175085	4.912274010558142
listen	5.022424752310319	5.0584019344035225	5.007272265665994
mighty	4.990518552508121	5.019902824738832	5.050271362534964
country	5.096247334243795	5.005642467111136	5.234706271244454
title	5.198984704248749	4.967154134779522	5.3067453290531095
choose	5.129067020291914	4.939198943785867	5.1713748555473895
village	5.140740546933341	4.880602761991534	5.034584691542606
acquire	5.196401828509406	4.964160702040739	5.265006793768847
rank	5.1116472268464035	5.054790883754463	5.2419268874832845
bow	5.046201520814609	4.948024621964834	4.952741063749674
doctor	5.0060316624183026	4.9692470202806005	4.967214817592355
talent	5.2229451354372225	5.0125148674131275	5.284987225754963
source	5.1522230249333685	4.965316106027368	5.222365089963711
lead	5.043879272750869	5.0204461968183125	5.121199863921489
question	5.0441814678431545	5.037940515358413	5.231649956509527
publish	5.218763527278486	4.931477360149512	5.297398913611767
interest	5.130989852177991	5.03179444516171	5.261182498368856
serve	5.038867529547693	4.954164263430614	5.060275385338321
divine	5.115844814168322	5.014409645163176	5.220694396552608
put	4.949877148948326	4.910260125412281	4.912026285550987
shadow	5.0384448710479335	4.902903085332905	4.957157024562748
practical	5.1593718633198815	4.968048286231114	5.292680663498492
surface	5.0486374529090945	4.775637758313002	4.919428918760716
account	5.080090554962687	4.972435451627549	5.159952683490694
loss	4.92274173661824	5.088921282042542	5.096408689550675
indian	4.960820490154935	5.022421962256595	5.086990764309229
vine	5.117204801527132	4.758518565310653	4.964382450138064
certain	5.027731149841182	5.0203794999619555	5.1735102897284
sin	4.855385231185586	5.128968820090456	5.066292160134319
necessity	4.985434466105657	5.074592018374048	5.228457989204122
lose	4.969678094938315	5.05001943000839	5.027092256954119
private	5.085224459912695	5.0516861053140145	5.250096427323116
gentleman	5.1407721017283325	4.9419337420825	5.074798312192831
daughter	5.038280035342151	5.048738883909853	5.040079258635209
drive	4.835884395477724	5.0824602435177955	4.936275302792997
strange	4.957330687068471	5.036977114051848	4.935145198971646
journey	5.137095297674826	4.915664716156539	5.01751037039694
uncle	5.11092890153762	4.919160697789809	4.97234216323157
species	5.025139266594005	4.924899399200651	5.095677640178383
think	5.0251975844484855	5.018938215882143	5.0330741527472
bed	4.998869075419974	4.809730745842052	4.783009142801212
wind	4.932919460544188	4.933321912995974	4.857515994572268
bless	5.077608064607901	4.954420070508972	4.98107936218616
destroy	4.856799316969927	5.095579353973367	5.084012463676124
author	5.196624238346739	4.985091609107124	5.255578450757876
sustain	5.016640298622045	5.0490090034357	5.221991658146692
black	4.94721282340299	4.840684460759627	4.808983400282983
event	5.066125334315781	5.085257034808093	5.241801998701176
liberty	5.058013367103718	5.115330706636284	5.293566393251677
negro	4.937317690970688	4.944977647053049	4.938998444181997
little	5.096349956066106	4.880105332729116	4.9616756380106315
fortune	5.06715911070148	5.071564723421626	5.133724953041336
touch	5.040032704117339	4.965847354235269	4.982884390257614
kill	4.779839052808576	5.08193262487367	4.8789101626379745
feature	5.088336540313067	4.936221932343368	5.054132095917995
happiness	5.1095012671329565	5.071722075130631	5.199519434903606
assume	5.055619254749776	5.021770826125313	5.172108082979958
notion	5.063931393249483	4.975384045198298	5.11217489456114
purchase	5.145748155479616	4.860863975212496	5.109036502226974
faithful	5.121301590491283	5.061878962142471	5.203998740959463
soldier	4.909853741608923	5.152703709916658	5.067812133170881
father	4.982139690690794	5.057793736630716	5.0296331605855435
narrow	4.994163251333653	4.879146622117336	4.970358132417666
great	5.092415999250731	4.999766085981847	5.202675478249679
tear	4.905021622626449	5.001416387283374	4.860429906059202
honorable	5.110165258761028	5.1154992045266106	5.3245609331624495
previous	5.0841757461176575	4.9595156966067835	5.16471612189759
good	5.081304315064844	4.983577025045858	5.082423533864895
domestic	5.1314083661994	4.9459196267211585	5.149890954266242
glory	5.140120377107565	5.004947438981789	5.1561569036642005
lay	4.985563188801787	4.889726795127025	4.926036947595767
occasion	5.057766693662038	5.047129994888914	5.173678703827995
guard	4.9017077384522665	5.108235428635006	5.0604360859777175
whole	5.049611462435342	4.9439632400586735	5.110673879239903
mouth	4.971117863699025	4.85703706288918	4.818040464283305
receive	5.122476772162779	4.975207912181123	5.182437656038302
take	5.001660196198512	4.968631217365362	5.0253404827617505
simple	5.1526633069079555	4.88723712837677	5.106132210244348
error	4.956814081937931	5.102302219075305	5.226731243290873
wisdom	5.082203557228774	5.081098789755286	5.243893924647837
rock	4.959788432624944	4.872854747397143	4.872659258636941
decide	5.051565870915487	5.070171546911123	5.268104040863069
exclaim	4.917694336216906	5.0508742552219825	4.87639370161597
assure	5.059524482997979	5.059877120850251	5.126363327182992
sign	5.030946033474235	4.971742786467494	5.0844560252674995
preserve	5.100381784409318	4.922596819682267	5.13096470441137
commerce	5.108901320923048	4.9583952909569335	5.2367792824803825
plant	5.094163263716753	4.775946391213363	4.962588326027918
walk	5.129759212352918	4.837445350314455	4.883306031500983
difference	5.064717794298794	4.945077495466871	5.165635777365063
hang	4.94556528407505	4.8723085007362705	4.7965082188143215
following	5.230763083388238	4.856671075600898	5.195260965453468
employ	5.1092024559195	4.9085728655002345	5.156737775257546
