deal	5.013983344557169	4.994603143781732	5.090754856003125
study	5.253738189980376	4.894927910009424	5.233892219507316
afford	5.158889105824019	4.932780500162502	5.206235789021141
service	5.162387579939002	5.008349588862668	5.277532962461417
height	5.048413246604805	4.852581707816805	5.018099424268135
prospect	5.130267649403647	4.980158957971626	5.155319227684029
pleasant	5.202817084670264	4.827600299337116	4.967728196692874
shade	5.108006917238314	4.837556714921558	4.942869096255885
listen	4.984306132402545	5.072942925449628	5.026326263514366
mighty	4.973229717285501	5.0246760440208185	5.062788581074707
country	5.107753966864266	5.002185945036521	5.258177153516291
title	5.203257712578536	4.960438824586461	5.331043422171187
choose	5.117257497461186	4.941242216116394	5.189558410310489
village	5.119051268633525	4.891997840280978	5.061037874221372
acquire	5.200951940707132	4.9592036078673924	5.288196616706398
rank	5.113682657939939	5.052780147523962	5.262764235232209
bow	5.018543347774176	4.963001434288473	4.9741346684203975
doctor	4.9662167168991225	4.975902842568993	4.9893875791245765
talent	5.222783263694991	5.007296929378318	5.308288855860984
source	5.156725229854584	4.962807641041546	5.243052101829799
lead	5.0335425651710235	5.027759820245915	5.141607358394673
question	5.03572242411204	5.037101555098714	5.248490162687325
publish	5.212185923040534	4.924680177809009	5.311071870357346
interest	5.134387443726927	5.027732928184461	5.283613689603786
serve	5.033720165573177	4.9595369960095725	5.0834650168598925
divine	5.116795329147868	5.01917800842096	5.2445341386783815
put	4.926997128707183	4.918542653432271	4.9292779678190675
shadow	5.021849618418851	4.919953787485582	4.980242879935242
practical	5.167435857083423	4.9641321834569645	5.312852567761532
surface	5.0469610376357545	4.785557584315502	4.935778390137554
account	5.074668999640251	4.971642161479247	5.1823256300250655
loss	4.9213642647019045	5.085666420771705	5.11771633154865
indian	4.958822859309876	5.030575446135282	5.109305878449107
vine	5.120754097279669	4.7624952824543065	4.985502385746219
certain	5.028513899652672	5.022077777130241	5.196295410975377
sin	4.8489316760065435	5.1321302045061445	5.088891943165648
necessity	4.9928252188926745	5.073604400165416	5.246764055572787
lose	4.950208922045445	5.0562560923147934	5.048680348160004
private	5.081909013519371	5.051009857391778	5.2718856116786705
gentleman	5.112661525823444	4.948876029189674	5.104225303720694
daughter	5.016052878012732	5.049174293328723	5.073204778072035
drive	4.813836230132997	5.0907363419166884	4.952529140804544
strange	4.928220365516668	5.048703540718223	4.962255907190238
journey	5.103704845598549	4.9300442729879395	5.040531552183679
uncle	5.066231050606936	4.9253019695327716	5.00033726086229
species	5.03986606873692	4.922034560796402	5.115634824082224
think	4.997390620641551	5.024519035494389	5.058065356407067
bed	4.961234584862719	4.83005672675421	4.806023800913042
wind	4.914760985701732	4.943975522809334	4.87347890017729
bless	5.052783568624508	4.961568364215565	5.010210265901999
destroy	4.869066858535386	5.0928503378777314	5.104981955181236
author	5.19257831391737	4.980562660713632	5.278078040743951
sustain	5.028096684222442	5.048265591696572	5.239317029511759
black	4.930404990667855	4.859574046459618	4.838567770220554
event	5.059287177970526	5.081922408647067	5.2561077541162184
liberty	5.063956651834523	5.106144761862979	5.310097328193047
negro	4.916161342947101	4.955121499196782	4.969813762921573
little	5.073784403239679	4.889199626621051	4.990217883180476
fortune	5.056973723496368	5.066728986755741	5.160054986851637
touch	5.018341753422481	4.976143268163148	5.004326934250661
kill	4.749835066581266	5.084156274814119	4.89169845586441
feature	5.081690048078702	4.948362041186203	5.082117850560327
happiness	5.105821546662132	5.066077275078004	5.224059086531664
assume	5.056243381430106	5.029419959585676	5.1988326783608665
notion	5.048058391207295	4.9767555738755975	5.137750767340913
purchase	5.141844604950267	4.864852993689844	5.140853694409017
faithful	5.110872245072812	5.0678723893923365	5.233371089082079
soldier	4.889879995687753	5.157796360155384	5.083096369669978
father	4.9584536957819045	5.064896179107446	5.060880339944784
narrow	4.986333709258294	4.893023353646159	4.990757351686741
great	5.095640701479397	4.9989943862427175	5.222060869141241
tear	4.880443775405158	5.010342964237579	4.879607122692559
honorable	5.115658559111822	5.112629797863609	5.352442536758296
previous	5.075760973717722	4.963940461571376	5.183811512709158
good	5.06914197844059	4.986469218623528	5.113664678752233
domestic	5.141356457688126	4.945563502129344	5.182604535153467
glory	5.134905282190964	5.007255173904868	5.173455481743737
lay	4.9698063491566975	4.90507513432338	4.946356687033437
occasion	5.050479453913004	5.0505822369438045	5.1931018937819315
guard	4.888937163153158	5.116769947234433	5.0802813277031
whole	5.047512640216893	4.9461669096354	5.127094468525819
mouth	4.9406015256038005	4.873626295993996	4.835546129046955
receive	5.1189684061908824	4.979117819771349	5.209350471424696
take	4.982127255681805	4.975467847001665	5.04600079602573
simple	5.1500669234460945	4.894965249586774	5.135404662194728
error	4.965402175187442	5.095953627959419	5.244022072658561
wisdom	5.086368359107531	5.082181657047224	5.26748249968358
rock	4.942190246519162	4.886180840837131	4.886422043815099
decide	5.043936259777986	5.0695962279420455	5.282410992576462
exclaim	4.868372103396809	5.062707725523982	4.894515709122595
assure	5.037385105515962	5.068220840036705	5.152014799528908
sign	5.008486120272118	4.984635838501669	5.102754649902528
preserve	5.111025611862796	4.9252217746244975	5.154723396068161
commerce	5.127566553232976	4.953694610064636	5.255049305632051
plant	5.100788288568756	4.780980505069343	4.986440062613899
walk	5.086756762785678	4.857906929336212	4.91008948333498
difference	5.073914727586138	4.939059137785897	5.188325946664576
hang	4.919386031663844	4.890264825706452	4.821045826106819
following	5.2192336849593906	4.8617858500142725	5.215320925771136
employ	5.110755042461006	4.911528230238009	5.176715198330806
