deal	5.035664510533991	5.0244395499439145	5.130818541509672
study	5.275315804712492	4.931638726699102	5.286733487996186
afford	5.179934925503588	4.9618234797949325	5.2499377560606
service	5.184647857747147	5.035816066663953	5.32161393447433
height	5.069434445409589	4.889751295472028	5.066073374322772
prospect	5.155913483254367	5.007195038079564	5.192851699708143
pleasant	5.2262206444248696	4.854311943742613	4.989405916793452
shade	5.12392503097245	4.8611065449027535	4.9685228256790825
listen	5.014296848590822	5.089388317067009	5.064322506791368
mighty	5.001889008798672	5.052546958161643	5.106381739899922
country	5.1195965570010085	5.035043212615131	5.303256365715907
title	5.219611022974474	4.989865275360819	5.384316345491352
choose	5.14238806998305	4.970054719126965	5.238433533066496
village	5.142106298122812	4.920974809114312	5.0961901242445755
acquire	5.220747720738777	4.995103036232005	5.337399735985649
rank	5.137470312074052	5.080388493793867	5.31078014383727
bow	5.048172419979042	4.980243518563278	5.006478107370192
doctor	4.990439082847032	5.001713641975832	5.025187692516517
talent	5.250892476346422	5.0445531772312435	5.363888146366465
source	5.169905687758833	4.992425809537111	5.286620886715019
lead	5.05402892858493	5.049649764412434	5.183614121636057
question	5.0528304860128515	5.062174523837467	5.299877760946889
publish	5.233294497524129	4.965172949262175	5.380260712103809
interest	5.151362523682246	5.057262616478601	5.330574351186497
serve	5.053755690820653	4.982013868873101	5.121853125482683
divine	5.131166086291079	5.040616959957269	5.286005749349176
put	4.949517417320694	4.93965572432518	4.963871713019005
shadow	5.043175007455733	4.939242031431397	5.013370419345354
practical	5.1814208251914	5.00005190486634	5.366574217835172
surface	5.060821967329602	4.815444387980978	4.9708370665153465
account	5.093711063169708	5.000843058680397	5.229462022985176
loss	4.9466794847816	5.110878509003234	5.157387395262255
indian	4.975820637124134	5.048912491655383	5.145720011343255
vine	5.134900546370498	4.8003601696961	5.0250258928201115
certain	5.0456953014091	5.045384037695372	5.238839518344436
sin	4.859944790017982	5.151095595520725	5.122488007161834
necessity	5.0077296934650315	5.0969270387498185	5.292214543761697
lose	4.980345712546187	5.076038696934403	5.0838142025992195
private	5.102030841754276	5.077650211893876	5.320751402724191
gentleman	5.141158133188381	4.973731733366945	5.145178436482646
daughter	5.032874730086503	5.073731537492069	5.101877640669068
drive	4.836116874802905	5.108136486269464	4.981344607738571
strange	4.94976149337128	5.06598560514022	4.9895275983488006
journey	5.1388928469773125	4.953881916955746	5.080026782456187
uncle	5.095607427913273	4.951923493168387	5.031064239847591
species	5.050768036060469	4.955559218878913	5.157583632856531
think	5.0229406858310295	5.047513469653496	5.093651455616858
bed	4.980349862497287	4.849480941968308	4.825172187120486
wind	4.92936158261222	4.968221897991995	4.898911772122547
bless	5.07100513814573	4.984074086956589	5.032961468798597
destroy	4.882761080865801	5.118928623128947	5.143796087810465
author	5.211519317992268	5.014065384983729	5.335103621902342
sustain	5.049401894306059	5.076970820431087	5.291012907929617
black	4.946323616516518	4.877592010917867	4.861779135774559
event	5.083971720090943	5.110500173157538	5.310956253355311
liberty	5.076306621858066	5.136666617594149	5.358156241224342
negro	4.932226127255328	4.97759308966978	4.994213224992968
little	5.096312682849917	4.913868354145952	5.019758099914736
fortune	5.084319366082696	5.0953341285699025	5.199836016406394
touch	5.039842884733223	4.994126494806727	5.037453647628013
kill	4.772507909187803	5.106151925606952	4.921804747411824
feature	5.101808177304589	4.968645025781643	5.121220551062934
happiness	5.1207932981398026	5.094387864587341	5.260591350706558
assume	5.079036302572276	5.048627465976025	5.2420261171376445
notion	5.065387292569923	5.005388887752323	5.178199743378491
purchase	5.160664182154293	4.893728364670182	5.176967493041354
faithful	5.132212681148183	5.087622152676634	5.273468210139676
soldier	4.9214376678492116	5.177452724614722	5.126091484940169
father	4.978290245810004	5.083267170879244	5.0892190209810035
narrow	5.000100705321886	4.9163172213442845	5.024514696337735
great	5.117718851426753	5.028735022784186	5.271323564277641
tear	4.895381918078477	5.029002142740368	4.901565348006493
honorable	5.14011944534292	5.136946235230106	5.40165010885314
previous	5.099190810281171	4.991454699255934	5.234415683234279
good	5.088786347635945	5.010538819424975	5.144470630917405
domestic	5.147819320503388	4.976509849936774	5.216249006555421
glory	5.162352887650286	5.036143348776765	5.218756130320146
lay	4.991718381288942	4.923305046555048	4.980126302398517
occasion	5.0734619553818545	5.074943956850091	5.2412577976662815
guard	4.907720315151912	5.132637760677504	5.117591719440865
whole	5.066908016814383	4.974205327724731	5.1734712033456525
mouth	4.964246604732618	4.892187296034805	4.864055169830404
receive	5.140580009542035	5.001098536835499	5.250802181948954
take	5.00395667657787	4.9950667388439	5.082488241831221
simple	5.1653056573975995	4.9224759326937075	5.175888668312074
error	4.976807973272503	5.1237541846747225	5.296119119048802
wisdom	5.107654129036636	5.105184313712784	5.313031469178355
rock	4.962041789914283	4.911848425059951	4.919978358488779
decide	5.067794141226139	5.095191922262459	5.338724805487023
exclaim	4.899603544489192	5.0778539612101765	4.921818124827454
assure	5.067950060082339	5.085634809156915	5.192422186286159
sign	5.0357497220560905	5.000562760805962	5.147124804579354
preserve	5.127014862804052	4.951929127352785	5.19709956862295
commerce	5.1349225218741354	4.986925783233182	5.300825196147727
plant	5.111204980603085	4.816409638642076	5.022241853111667
walk	5.1174100418347335	4.8790548256882795	4.936888457449751
difference	5.080748677968562	4.971113757232478	5.2292191405777375
hang	4.941639320078667	4.908558648905799	4.845502472200831
following	5.2379524116405385	4.892120103407289	5.269428129973913
employ	5.129617294500996	4.944006442255117	5.224944321694609
