deal	5.0400440205926715	4.995037757495395	5.108216697604521
study	5.276881123077252	4.896863269659116	5.2579130510407115
afford	5.187760119984704	4.9285274647637465	5.228339915100074
service	5.18619905218638	4.997959945248606	5.296899884562471
height	5.079264811117135	4.851446943543642	5.037636823137576
prospect	5.1698996399148065	4.973322437754737	5.175016249488297
pleasant	5.236788396754096	4.824989025030987	4.98084660680451
shade	5.135950483875167	4.825192552628234	4.949402248854523
listen	5.021146323109938	5.062082382568362	5.051205823312948
mighty	5.012529523854578	5.017087466202655	5.086749690716369
country	5.1313066262541875	4.996988402062199	5.276637471902423
title	5.226141681184472	4.955258195775997	5.362297497386157
choose	5.141707459145171	4.931204187858458	5.216887534968789
village	5.153408361546236	4.885389905169971	5.078605726234234
acquire	5.225733594463055	4.9566511075569215	5.308889986748286
rank	5.143865993366515	5.043366792262335	5.286394967304487
bow	5.052197705045794	4.9471520864371366	4.98999481073628
doctor	4.995931214792576	4.976630496855552	5.007246648848517
talent	5.254869838446681	5.0076787390135395	5.334533664845592
source	5.182264832244639	4.957867353642448	5.266074269807802
lead	5.060147414486307	5.015814918452761	5.161699367343505
question	5.063740905138655	5.032983885062262	5.279993572177842
publish	5.2370127137863545	4.928458428201434	5.346083724970811
interest	5.160629481938781	5.023770295866081	5.305509839852491
serve	5.053465850732267	4.950601046978327	5.101463566244248
divine	5.139074045347004	5.003563787510578	5.265531545464372
put	4.953612816622773	4.9107390147077075	4.947550038630694
shadow	5.0539280037056145	4.905283618360525	4.993649263324225
practical	5.187094360060176	4.965104606631923	5.335775874465212
surface	5.0745292434295655	4.782702496449661	4.948698898521517
account	5.099099555862156	4.971504102323105	5.202857240939332
loss	4.951567844297302	5.07524811959499	5.130939590633238
indian	4.98332342843206	5.014788598274051	5.125612816740496
vine	5.137765047056893	4.7607238534854295	4.9935753160565
certain	5.0542799580449715	5.013270620960901	5.2157389725855055
sin	4.8634126699916145	5.113639374442034	5.096829837103126
necessity	5.018170333238272	5.061775942545719	5.266954745110741
lose	4.984397122142713	5.042678991309223	5.065044807788625
private	5.109484124958828	5.043721113921563	5.296882155810593
gentleman	5.145343772184975	4.9498059917689785	5.128403662036673
daughter	5.039508772858209	5.038351195896154	5.0854912262709
drive	4.844724707067871	5.075721852559905	4.961339347267025
strange	4.961293276476739	5.041186435242493	4.9768245819237205
journey	5.141808989202896	4.921467967825985	5.059075836643873
uncle	5.094897056143592	4.923422308953355	5.014623449321054
species	5.060885330765641	4.919594609309276	5.131415647017628
think	5.025945457816156	5.020087819032932	5.076907149700109
bed	4.99063438476495	4.81944794041826	4.814377134240091
wind	4.945265591248604	4.9338468982065065	4.881079127518606
bless	5.072185168698597	4.948675441882878	5.019928024818881
destroy	4.892093991088929	5.075965512969368	5.115291268920221
author	5.216166877821613	4.981320143500802	5.3061981907460005
sustain	5.058036757424721	5.035149754833415	5.258234769675837
black	4.952544033634378	4.850136368143266	4.83841372717005
event	5.093470186317179	5.076869745323907	5.280708298960851
liberty	5.086810974432361	5.095036096129805	5.33293420801328
negro	4.943551852791504	4.9495413317145545	4.976317813564803
little	5.102375129809179	4.8857420885519405	5.006151236168381
fortune	5.0912635863887985	5.059519835978623	5.178326208757909
touch	5.047125251621911	4.9669755733414815	5.023167179344318
kill	4.766425134532625	5.073682674003301	4.898178836681823
feature	5.117868819701804	4.940236288579592	5.098821842476478
happiness	5.129890840229148	5.059006625985919	5.243223767279079
assume	5.09006633328091	5.016688091206399	5.219159334195284
notion	5.071779679277702	4.97924829542023	5.157984840447862
purchase	5.166056820953886	4.858863088536052	5.159958051423244
faithful	5.13547761351212	5.050762447666688	5.254048451153522
soldier	4.922766509765231	5.144835139000051	5.101886280923958
father	4.983932738582037	5.046858857468679	5.071604873716102
narrow	5.016636475098439	4.88442403435704	5.007327200157442
great	5.1236739033206815	4.995853873443235	5.244993469020348
tear	4.904229018454865	4.9945844145330165	4.884272433745727
honorable	5.143288010084673	5.100617431595106	5.375793730204149
previous	5.106420906725055	4.956433101831496	5.204741050756797
good	5.090785934520273	4.981432020526351	5.127993977181932
domestic	5.159559863814441	4.94322119574855	5.197347323851485
glory	5.170256235188627	4.996233131578269	5.198527288849961
lay	5.001716533586155	4.887847846340527	4.963029316326234
occasion	5.081058422486192	5.044857064260308	5.215978713025149
guard	4.914781274944043	5.096536444861049	5.0969753371549205
whole	5.078967419002181	4.942384074827736	5.150837154737595
mouth	4.974801951738661	4.865795624367289	4.847239746059662
receive	5.145245575725024	4.966586005554122	5.229675429791021
take	5.0091772121283045	4.9645386493118195	5.064798820255376
simple	5.172724011388385	4.890297944237602	5.156070334212935
error	4.985901980075966	5.0872470277655815	5.262750584833904
wisdom	5.111442173158561	5.067828682064515	5.288369838387324
rock	4.975312769840584	4.874253510808436	4.90005278860445
decide	5.0764051496039615	5.061331060048085	5.314357075780502
exclaim	4.903990245130604	5.055119971926123	4.90827005418871
assure	5.068261232586576	5.057587625535057	5.173925248865405
sign	5.041499285125509	4.970106493222684	5.128889599586391
preserve	5.129118685280888	4.914966740209368	5.1692938714280645
commerce	5.15047214966033	4.951832978314364	5.278715587531495
plant	5.11494684867354	4.77704512963957	4.993664003145562
walk	5.123695684292178	4.84918935163262	4.924042443166647
difference	5.087980760474762	4.943187843492062	5.205897175350924
hang	4.948362680280683	4.8756269839733575	4.8272873916213666
following	5.2405601683633805	4.859065123971334	5.241908966806085
employ	5.138200420129381	4.909347314849424	5.199673892578679
