deal	5.0543682115139585	5.002701758589354	5.1307205650046726
study	5.2757623058324805	4.912552685619083	5.265969347794163
afford	5.1928690668409185	4.94660704723076	5.243511672488704
service	5.183331979986172	5.018710650013256	5.305808510983
height	5.099637080374156	4.871321399004679	5.069001088779355
prospect	5.1782615032431725	4.987668957964486	5.1911193342006445
pleasant	5.257313828369743	4.832377688212903	4.998405175936374
shade	5.148759318381035	4.842044124267813	4.97249360310515
listen	5.031424188568013	5.0534594571495015	5.054852689829864
mighty	5.027157140859411	5.0267593977595615	5.10904072170896
country	5.1322837564235	5.0184196564723855	5.297706185720403
title	5.229728708468567	4.977921180538441	5.37123526938828
choose	5.145703041787247	4.953603371118691	5.225861596547181
village	5.164050032369414	4.905664040386456	5.105574322623992
acquire	5.2249771844557	4.9774393735456055	5.32511143813111
rank	5.1422398210209295	5.062211765766073	5.299027798784331
bow	5.075139019477045	4.95317165887086	5.009160083273131
doctor	5.001365846996038	4.977616850487898	5.019024564196142
talent	5.2493168603701985	5.023341830335431	5.344859036393578
source	5.18049949617248	4.977968735131125	5.279118469853429
lead	5.066783291093947	5.026000996298936	5.175702068928614
question	5.058861337065282	5.038359731395899	5.281227227334959
publish	5.236225343027032	4.95045178022133	5.356849647565929
interest	5.155098385252153	5.036774569331977	5.315015437756259
serve	5.061912226116472	4.965873498845557	5.118077911077732
divine	5.130367705322965	5.02054663390929	5.2663036352814085
put	4.969741044740863	4.923205505479087	4.969702673381081
shadow	5.069309220210189	4.915623024167869	5.013486533206205
practical	5.179684950860515	4.982961476230184	5.346804160598381
surface	5.091153504152826	4.801534748226823	4.979653271763892
account	5.104604065453334	4.986680598565065	5.223671852172314
loss	4.95463014284958	5.089785561368263	5.153729925893368
indian	4.988642162479155	5.032443587692824	5.153406842006077
vine	5.149947527097786	4.79164825215525	5.025422974561722
certain	5.0527828672760045	5.02621101571029	5.230107836403868
sin	4.857425025350622	5.12721166919535	5.108167156481171
necessity	5.00702064019833	5.076553177550999	5.276961257031261
lose	4.998362229032516	5.050872376425403	5.084719329396491
private	5.104573742637152	5.055671892164506	5.302501024856456
gentleman	5.157271616295247	4.95280663248369	5.140029440816423
daughter	5.044531173294944	5.0497476250095	5.097319927394459
drive	4.863078916374619	5.085600613184043	4.994527360161938
strange	4.975544084625213	5.036886301715991	4.9932973910272365
journey	5.163491770871664	4.932845441199696	5.081240907488117
uncle	5.117732119002602	4.933151094971275	5.036539314107818
species	5.0637277209424765	4.94379318235344	5.162020067236683
think	5.0393973230647	5.021922057515978	5.090080201837465
bed	5.0049581488924915	4.829675026990282	4.831864728241066
wind	4.9628600387135124	4.947298241843165	4.9126248710358915
bless	5.089228913180088	4.962984988382894	5.034867342163163
destroy	4.8865047747188735	5.101329166936676	5.142038403702842
author	5.213875176532651	4.997108072313212	5.315633900123475
sustain	5.048569913142024	5.055944492921472	5.2721136784991645
black	4.975528532266365	4.863598989509523	4.876175367865348
event	5.088592466194542	5.087089813979711	5.2931397047264435
liberty	5.075635351598273	5.114567444124665	5.340347912574838
negro	4.951630514828204	4.964023516838874	5.0090502771725065
little	5.119235570467684	4.894651594980167	5.025534069662615
fortune	5.0980007671064085	5.075304172893232	5.195742162661371
touch	5.061790282783814	4.96780399057005	5.03536594795672
kill	4.786201155891436	5.08782617896867	4.9337733088278215
feature	5.123269518374338	4.944939592825516	5.114197241931989
happiness	5.1223625745519366	5.07172731116107	5.246345414789716
assume	5.086551495578044	5.025122420481767	5.229961302629858
notion	5.081959895707365	4.985732013539211	5.1783794786558675
purchase	5.177916372462035	4.884813032328929	5.180931818172262
faithful	5.132167112982785	5.0645104620687675	5.254093573243734
soldier	4.931890721760338	5.151323799972245	5.12444494155479
father	4.990196965704304	5.056562063881792	5.084245947857926
narrow	5.032064967614156	4.895641763980345	5.030894155451185
great	5.130140293398868	5.0090425348758325	5.262815502627695
tear	4.913423143865351	5.004677037816696	4.902967286830117
honorable	5.136216639446466	5.115361266711831	5.377389291612325
previous	5.102995305834829	4.972682771250455	5.218851181562287
good	5.101222147490313	4.993121808804512	5.144712211709824
domestic	5.15114072891316	4.9602909483640625	5.210340939333162
glory	5.180397308492013	5.01609885508486	5.213908117652438
lay	5.014787080898787	4.9030320954215	4.98276733848113
occasion	5.074633283567783	5.052884181927003	5.2266885789003155
guard	4.919630700504009	5.108245705292161	5.113734534447724
whole	5.083231220894959	4.957320738127666	5.170787308428784
mouth	5.001374812965121	4.872810934899263	4.879278397118376
receive	5.149789732957441	4.9847366178685935	5.241983648794322
take	5.019889921141951	4.976125255941928	5.081091760002637
simple	5.175798448192411	4.902408324778637	5.167929552924028
error	4.97657403922346	5.1032696563116415	5.275359972893813
wisdom	5.105841718054056	5.083076118696258	5.294470384247602
rock	4.996026359139174	4.891224398255011	4.931809086554403
decide	5.069875873399241	5.070165240385251	5.316116067207187
exclaim	4.929780858361809	5.046901520374796	4.9295245240748145
assure	5.083859214072748	5.05728728129718	5.1854222846576805
sign	5.052864219594322	4.97718650077159	5.139147501221668
preserve	5.1312421983803285	4.939358341488602	5.188376070733683
commerce	5.149300012694107	4.975321912300776	5.29906039575945
plant	5.123551038439158	4.807024446951194	5.023615457719305
walk	5.148522474513871	4.852458733564211	4.942264628335812
difference	5.092092375958714	4.955974434480579	5.2248826972909095
hang	4.974378316777951	4.887921203721307	4.8564156797096825
following	5.246701594192622	4.879708333361866	5.254204743007614
employ	5.138520673442017	4.930107379148189	5.22017503034105
