deal	5.019287681719655	4.996037626615761	5.094390287779829
study	5.237743443436887	4.901230103744959	5.2358399720765245
afford	5.140517059953342	4.935324712119627	5.201856553136682
service	5.138405157438689	5.004703188225354	5.265330991209278
height	5.053244238079057	4.874311751634386	5.035601221860798
prospect	5.12067933759996	4.985940023952869	5.153854652089207
pleasant	5.2142905312600165	4.839979085187221	4.970030537849376
shade	5.113638867514738	4.852162946846363	4.949397418467241
listen	4.990191234195588	5.068214156255251	5.030325568191905
mighty	4.983173085970033	5.033962430489195	5.0745989704803
country	5.082292760627668	5.0020880410905155	5.252466078904004
title	5.192326216336525	4.955630813437511	5.332205201081595
choose	5.118130892920179	4.939673490541955	5.192880299905643
village	5.1197328361894945	4.8919637731401195	5.056041602319259
acquire	5.174887855767629	4.9621455067667695	5.28250118668466
rank	5.094962377033724	5.053733465973167	5.259281893481388
bow	5.02680956193749	4.972242245127625	4.978565037622602
doctor	4.976757269067598	4.975228242355836	4.990359422309031
talent	5.206183080465943	5.009951155506523	5.309749286636498
source	5.136945313906262	4.959677315790865	5.241790937165126
lead	5.0162057542895	5.027136162590197	5.138215808822284
question	5.025730647426672	5.0272441780283295	5.250249529719597
publish	5.210174201445342	4.916851543916651	5.320870294493069
interest	5.10849541520507	5.022050112242285	5.279676048258418
serve	5.028126080747174	4.9617594735940305	5.082270139953929
divine	5.099600414992036	5.01699927023134	5.244875073136266
put	4.946409591776158	4.919604085781752	4.936938455796363
shadow	5.03178484156054	4.928994905550822	4.990295616725932
practical	5.144126824659083	4.962650847959735	5.311664423431701
surface	5.0560279108902755	4.802360541889922	4.950267735538423
account	5.066285637028811	4.965212651170447	5.18061922980609
loss	4.905958873796154	5.076157348602908	5.109617538180555
indian	4.9463681330127045	5.015212718396899	5.096207059909976
vine	5.120018380943646	4.7842241478410035	4.994876226166072
certain	5.0134235985758275	5.014302602167993	5.191713562188848
sin	4.833567733501054	5.122556480797029	5.083062236489646
necessity	4.963662926971044	5.0637495460427395	5.237078975161175
lose	4.949806742397797	5.052979396859073	5.047475481300196
private	5.060008714807458	5.043943569069066	5.2679813014350225
gentleman	5.11926723393676	4.949503495183186	5.104950830339396
daughter	4.999775147506148	5.053376697446072	5.062992881972869
drive	4.81216253279158	5.086758244396719	4.944789633403419
strange	4.935199831469996	5.04608739648058	4.962165176832637
journey	5.106008112894775	4.929537574690086	5.03513996327892
uncle	5.084903796278633	4.927929596314558	5.001578981884658
species	5.0287160385503356	4.919178112456704	5.116540256957174
think	5.003818233897919	5.0242594904130335	5.060501789487515
bed	4.978269175341867	4.839873164589146	4.808583241611414
wind	4.923199315197057	4.950629208524007	4.877177388284853
bless	5.059237857487471	4.96692243955392	5.008809743072574
destroy	4.851177253683365	5.087908650842183	5.0975975136772895
author	5.182243792990666	4.976082068687216	5.283146526229099
sustain	5.004910821692216	5.046809962003736	5.238079775112659
black	4.953096271336932	4.864528210789202	4.840873513307207
event	5.04021341140907	5.075423571924147	5.256174096780576
liberty	5.034390489734376	5.103394663363399	5.30593756578508
negro	4.918913827717042	4.945488092308153	4.956420261330353
little	5.078799325560002	4.896848987704828	4.990880114375679
fortune	5.0410794662002525	5.070255993222999	5.153689914823683
touch	5.022666696124885	4.979602221119928	5.0123242890956075
kill	4.759257478347281	5.075774395590955	4.883497523461568
feature	5.078644745482853	4.956560153771934	5.09080134722426
happiness	5.0765907291674806	5.0676827211595965	5.2182556661660096
assume	5.0440630574945375	5.025125041313527	5.197665210501218
notion	5.053226027277872	4.976312364544523	5.142865670054132
purchase	5.132108879962069	4.863789059677811	5.131833367442449
faithful	5.087677459278367	5.0627181812309345	5.224301038497658
soldier	4.881731403310483	5.15472186502337	5.076973110322106
father	4.947169345584664	5.0646320986324875	5.050431160183766
narrow	4.981780410786718	4.9039627014614595	4.995867137571863
great	5.082556836386079	5.000844029944146	5.223476961267072
tear	4.883942814961011	5.012572893125984	4.879309898275879
honorable	5.08884239823655	5.105884906940007	5.342860219936684
previous	5.063853141018164	4.957311190370285	5.1823532232326635
good	5.063345063936211	4.9881120766277345	5.107364750901392
domestic	5.111999856539917	4.947340173563656	5.174137398424665
glory	5.137456585197794	5.017038307538362	5.1840730869241485
lay	4.975864745398264	4.913330733254739	4.9521189305502515
occasion	5.034178930135264	5.041974913868865	5.1902955090972185
guard	4.869587682493403	5.1111357913975	5.0701163979161326
whole	5.044391575664049	4.949336484586143	5.1341488629157155
mouth	4.970563043987564	4.876549887703324	4.845221949280675
receive	5.102334770505764	4.97038344203399	5.199609957170976
take	4.983736145154538	4.970858425085611	5.044082123785063
simple	5.141713034910292	4.901956185566958	5.141344346547417
error	4.945354730372886	5.085286341767205	5.244225777252074
wisdom	5.066646785604051	5.079638738091765	5.265018854035657
rock	4.956115437734699	4.896662269103633	4.895030213896951
decide	5.032644433314608	5.0597561072064385	5.285075974211111
exclaim	4.886966319020704	5.062253906830267	4.894824490689311
assure	5.0313165971070175	5.062244048958925	5.147032935837566
sign	5.014993662379967	4.976686417750049	5.106580757618144
preserve	5.095216221048217	4.931982269885844	5.154243634049606
commerce	5.102387274629126	4.949870325764044	5.249324077858516
plant	5.096740040027729	4.800140614856424	4.992713843628701
walk	5.105743572533993	4.869388850564315	4.914662557896501
difference	5.060527727416161	4.938558772021162	5.18985077452847
hang	4.943718681890183	4.901762410515977	4.829502035940836
following	5.218062332249085	4.857763551808513	5.222230429910337
employ	5.097673253091375	4.909205063729806	5.174698925263301
