deal	5.071552697805591	4.99144767982937	5.1403972122832915
study	5.29505689592732	4.903193270594507	5.2752016700027
afford	5.194559455685511	4.931481024171329	5.248918009552016
service	5.205373782747355	5.002807564287155	5.322420548208502
height	5.0871941422391656	4.843284627090515	5.058866692983148
prospect	5.179812053826951	4.965782343469559	5.197118605224027
pleasant	5.276413687245074	4.814356396246148	5.0029896322670115
shade	5.157444386110898	4.818571571101435	4.966142028608366
listen	5.0584529115572145	5.048469763470684	5.066424179113175
mighty	5.031098804348522	5.005988268215474	5.104380327731422
country	5.136210075232411	5.001715041152618	5.2990792808705915
title	5.238585501784689	4.963062497671257	5.3771680256974825
choose	5.170222504251749	4.931509512612395	5.23820427895063
village	5.17711831479798	4.880127262431837	5.102777613301734
acquire	5.22880800563411	4.96209323028654	5.325457137943272
rank	5.146988812530081	5.043209339878885	5.298385832855257
bow	5.0853308935733885	4.93605819992603	5.01023443929601
doctor	5.044527089440125	4.970808415256717	5.041544255453412
talent	5.25388084583226	5.012281793960778	5.34758876827377
source	5.183374946027581	4.961686009526415	5.279699397309727
lead	5.076051875645177	5.0092560299324385	5.178255544744956
question	5.076878281220402	5.033069839071586	5.298047934289723
publish	5.248462475459857	4.945238814238338	5.371286347507197
interest	5.166411487327228	5.024857954810983	5.327323018845923
serve	5.082417651768279	4.95037815242588	5.125152844889887
divine	5.155497038888939	5.005210591978332	5.274912471645091
put	4.986663227778348	4.906397257723374	4.97865429480215
shadow	5.076357189027002	4.89210494826661	5.008833077141107
practical	5.1885541037639955	4.974287682213763	5.353091161832074
surface	5.081118680489347	4.777667009829298	4.972652247158311
account	5.116491407367338	4.97676373169605	5.235189484497181
loss	4.971993079376879	5.073841268527928	5.1679389630620625
indian	4.994106041039796	5.01472249946287	5.1475780433664475
vine	5.1544868692171715	4.765303711932863	5.025943247038666
certain	5.066662406174069	5.012568864810372	5.236594854060168
sin	4.904572460221283	5.108167530679978	5.122496595448738
necessity	5.021398239342146	5.064870090660699	5.2878479164275145
lose	5.014285219181994	5.03261485088646	5.091353407444991
private	5.120339294211989	5.045956702219583	5.318579435742169
gentleman	5.181084985809441	4.942858954910347	5.154184431779924
daughter	5.095577732510318	5.026187300526497	5.114786207650191
drive	4.871719459083285	5.062205587587553	4.991766846708327
strange	5.0037943268183325	5.02268343365642	4.997938385672683
journey	5.168957738329107	4.914975659662659	5.088009074539662
uncle	5.156620352627844	4.91183619154995	5.055404769937782
species	5.064249293384808	4.926027149512365	5.158134724751744
think	5.0716284336122825	5.008239984125085	5.106041754762236
bed	5.038528405773803	4.805661938390182	4.844329591599788
wind	4.967541785062132	4.9215951005928265	4.908771114462118
bless	5.13398156913437	4.936789973551975	5.048342128823648
destroy	4.908846320073728	5.078103384859012	5.142309970241478
author	5.228482992255065	4.990505834722777	5.323116351788371
sustain	5.055679046567616	5.040782386757347	5.2801556496222934
black	4.987460998568348	4.8384318012320096	4.868438454100261
event	5.100496123345304	5.076874070147188	5.303396453390112
liberty	5.096201148280227	5.099260294059815	5.349175135450562
negro	4.978766622766709	4.938575408631409	5.0119272913779405
little	5.139123818250434	4.877730966099004	5.033441436879303
fortune	5.114123839073856	5.053417618314735	5.205060623712652
touch	5.080520620654915	4.95560240874415	5.041336340314663
kill	4.820421651988127	5.061169052287366	4.936846808975937
feature	5.128451191710256	4.930538414860035	5.113963662027878
happiness	5.1540959162098	5.052159601211619	5.26072336112932
assume	5.092883796407167	5.0164527019760445	5.23443300343107
notion	5.10089468815025	4.974580486220712	5.183285318676746
purchase	5.19105474944164	4.8611968035652735	5.192313729052285
faithful	5.164578163128973	5.049063205512718	5.273222227437621
soldier	4.944618561685174	5.136120837855903	5.125139117470487
father	5.035992539508105	5.038362889012658	5.100531464246254
narrow	5.02688080389558	4.871741809118023	5.024819562555306
great	5.13019075501778	4.997586045278704	5.266352873218426
tear	4.9495733566773	4.983793007945411	4.914539123534234
honorable	5.150402938860218	5.10378153460099	5.3923739037849465
previous	5.116597249434223	4.96257621121315	5.231739426668291
good	5.128186856356345	4.977257738702112	5.156798782629874
domestic	5.176121786395993	4.948010340687482	5.220942732980986
glory	5.180982966236697	4.994277208905936	5.20989547860597
lay	5.023864999277582	4.8830411047199185	4.98520445621892
occasion	5.0902100842780404	5.047768325857897	5.239095607985789
guard	4.937630050824546	5.089475743883835	5.122042352627534
whole	5.0875188715059325	4.941768175176986	5.172927349846259
mouth	4.998296347043561	4.853155282027595	4.871447875329436
receive	5.163389808493779	4.972380406663534	5.256153748092715
take	5.0387705582546625	4.961377921747649	5.093842422839546
simple	5.19357967523912	4.890930910419878	5.170583708621826
error	4.9937855599117364	5.093500444643213	5.285581479772508
wisdom	5.120626882455683	5.070091245666157	5.298634948144612
rock	4.992621434702852	4.861964364844842	4.92193290981914
decide	5.081148508643459	5.061118536749832	5.330228127258229
exclaim	4.95484990700743	5.0336110384004575	4.935701797354219
assure	5.098868252670091	5.049607823415591	5.19893979032
sign	5.066156608142647	4.967826216212813	5.1489614553923015
preserve	5.142566300727866	4.924461654299341	5.192164122145569
commerce	5.13978992205457	4.9606420650612355	5.300083232967259
plant	5.134272959764475	4.7801162937683745	5.02044635965579
walk	5.166553652341056	4.832427926225383	4.945396630209214
difference	5.105357568661984	4.942252498516854	5.230360931700356
hang	4.98972066924885	4.860398856822852	4.8541980667033044
following	5.259320931839728	4.872215049284387	5.267112064887145
employ	5.1406682694564605	4.916187148622996	5.223936512151233
