deal	5.039245696256746	4.990169666239108	5.08654056611455
study	5.269120535243808	4.893178396792061	5.230797413592272
afford	5.173763183679226	4.927169480386231	5.200149956878944
service	5.182307292395455	5.00722633680945	5.274875398609841
height	5.053789120502136	4.861822569084001	5.008492508460093
prospect	5.139532312613566	4.9753221214523435	5.140579539620791
pleasant	5.21495379606314	4.830464918382456	4.948435841644189
shade	5.105777874560832	4.8369125016446	4.92104946215927
listen	5.002920707900156	5.063266715061023	5.0188587120985675
mighty	4.983233534604724	5.026362938844113	5.054510486722171
country	5.115259480207422	4.999726731547719	5.254965137043234
title	5.217144303770895	4.955397744807649	5.331473034231882
choose	5.13504796398258	4.9404699574136375	5.188568330338233
village	5.128497070128565	4.896948498768168	5.047220624513128
acquire	5.214153803706904	4.956715846577899	5.286638386930724
rank	5.122887753003641	5.049518214519821	5.260273011252685
bow	5.038757713141352	4.958713375143587	4.965070944462228
doctor	5.004583686651662	4.968141681641565	4.983919015575621
talent	5.242038656956527	5.002718696486245	5.30881305337697
source	5.160823113033741	4.954148810199158	5.23439621247416
lead	5.037035418245267	5.021265994224554	5.132372395170504
question	5.060119555968774	5.023550504581755	5.252662421153469
publish	5.236977956644844	4.9209119511990345	5.316366659830252
interest	5.148305248253583	5.01991332586891	5.282191603322116
serve	5.04878868778348	4.956091556138787	5.077647373658765
divine	5.121305470504057	5.006954687248914	5.237426154094744
put	4.961164869191806	4.910676689129672	4.925332910238099
shadow	5.021972204311655	4.913858844340437	4.961167980688142
practical	5.184458202550353	4.954725764416452	5.31427169135453
surface	5.056699562126329	4.7850837757370535	4.922250546446228
account	5.098255198503163	4.964421400730064	5.18050530158487
loss	4.9435276072606555	5.0809692479544095	5.114810453743812
indian	4.96833056788602	5.024132773182504	5.104249316960917
vine	5.1278944780079705	4.771206250570365	4.973494729680163
certain	5.04413156892563	5.012004320276943	5.1952663361654
sin	4.851078961674333	5.121639370923776	5.078187054824629
necessity	5.0097770299503415	5.060527397862607	5.2476590312678635
lose	4.965365308975948	5.0498922885683255	5.039573216226823
private	5.100485014711213	5.0437674005407676	5.26977253375585
gentleman	5.146224282635464	4.943327784871984	5.100168117114518
daughter	5.02140823356758	5.05344921669631	5.060255867854444
drive	4.823643004185421	5.087262173159276	4.939283808708716
strange	4.9365149688336665	5.042783205622487	4.948644663169542
journey	5.118685072993834	4.929960631742349	5.023749280774314
uncle	5.095501938692967	4.925829344325012	4.985874475925522
species	5.056029843770723	4.92008112068205	5.1158467011160855
think	5.018952021012721	5.01865057109285	5.050871477203787
bed	4.980581643676185	4.8297294433312965	4.786246237040522
wind	4.92090241600022	4.943379566075042	4.854700608045299
bless	5.061666299914117	4.964093294892674	4.994182600396951
destroy	4.871601959908602	5.0890808970194215	5.099128523849914
author	5.206870246785487	4.972379102905234	5.277328923245371
sustain	5.043126505506263	5.039276659106207	5.239471754019646
black	4.945381229144254	4.855089037694198	4.821405417578517
event	5.070269874477056	5.076539172216415	5.253544008214906
liberty	5.071290730396091	5.102229076138578	5.311096119731684
negro	4.938527186002342	4.951494454531614	4.957183222722882
little	5.095105028928812	4.886323337579792	4.9802920065993215
fortune	5.067967367160471	5.0671205485852155	5.150174168755581
touch	5.034456014139775	4.967906027868527	4.996145988981118
kill	4.7623633300837955	5.090824730617303	4.882243221591218
feature	5.091928158139524	4.938487669858964	5.0731237962475175
happiness	5.1075518150499954	5.062958937105697	5.215966573385859
assume	5.07652139278908	5.013983726243082	5.196458206406957
notion	5.072769309562335	4.96595384990481	5.135877287861023
purchase	5.164407939572344	4.866649677912066	5.134005452346122
faithful	5.1180010014397235	5.060067805343888	5.224288991208831
soldier	4.903052703755142	5.160254357001003	5.078279721269694
father	4.970463381984805	5.062094427221078	5.04815330630408
narrow	4.989973601883126	4.889773700018105	4.975668496805553
great	5.1106719751805345	4.995849503909729	5.2219504964405825
tear	4.890065005858146	5.006801719634148	4.864198129564937
honorable	5.131550335503815	5.102482849245221	5.350951613950361
previous	5.098681978964319	4.954887432312636	5.180458710537889
good	5.089740149986349	4.981237092665858	5.1058704511179815
domestic	5.151942378889614	4.941532075207902	5.177586411081307
glory	5.136400206829896	5.008857459477069	5.163230718229637
lay	4.984759816081455	4.899319913778519	4.93563246216374
occasion	5.074166982336163	5.039451224474219	5.192901021334701
guard	4.894271337225341	5.110813777112398	5.069550364626013
whole	5.065299375478277	4.942292547995711	5.125997554946112
mouth	4.967370030809924	4.8679345395734215	4.8222844006712595
receive	5.143843408949438	4.969899651297196	5.208255868789396
take	5.006871957461522	4.966864476537153	5.040025931926671
simple	5.16397037997357	4.887229019837299	5.131576281436963
error	4.97508132765122	5.080841875174609	5.242423487415316
wisdom	5.092941946720044	5.07069563554286	5.262883931126051
rock	4.94485008415145	4.889246464684834	4.8678271761322645
decide	5.066388913154821	5.056089148626547	5.285709029772079
exclaim	4.895028632975251	5.057511063289017	4.882916021792381
assure	5.061111584460509	5.058175962617538	5.148424305974064
sign	5.03586840716623	4.971913784132225	5.1012254783592255
preserve	5.121471602771163	4.919752633440211	5.149704511114948
commerce	5.138765867311269	4.95031957937035	5.2544976599078215
plant	5.103101451705715	4.78832091837751	4.974570754341514
walk	5.104859990148176	4.858393405802275	4.890883775762601
difference	5.089550474058729	4.936077694722207	5.188949322910272
hang	4.932130419532471	4.888546614089046	4.801887195465374
following	5.242160891976984	4.853994317961009	5.212819438530787
employ	5.133050832853464	4.908038345116806	5.176892810213971
