deal	5.050987721102242	5.00505809489368	5.106081443535841
study	5.288591897287472	4.900374880639388	5.255815135475072
afford	5.185826152233794	4.943727108857849	5.224691013637569
service	5.188627317548311	5.011583431218016	5.290736638625209
height	5.093098234714918	4.851424996349442	5.05425983525662
prospect	5.172457702893697	4.984589491890566	5.174388173986624
pleasant	5.253721541315684	4.828695825939259	4.983134269438099
shade	5.156694259947742	4.823439872091016	4.964052396985308
listen	5.043264724138697	5.051624082187595	5.040940524479218
mighty	5.016622679846445	5.016523720310467	5.08478180331258
country	5.126994088734715	5.018043624977269	5.280205781801279
title	5.2277201089229655	4.9689321495456875	5.355543725647255
choose	5.144887074471699	4.948697886058928	5.212889580284819
village	5.153365057435487	4.900025862507499	5.081450339202826
acquire	5.226588672985449	4.969787939122923	5.310133985230823
rank	5.146086485071641	5.0490293307426155	5.286112197389107
bow	5.0753518515398675	4.940881840899	4.992843437172878
doctor	5.018604002141507	4.974769215068588	4.999312714248462
talent	5.259269679223808	5.013448052807262	5.332455850466905
source	5.1849093058991045	4.967539288731596	5.262516316618724
lead	5.067493022234215	5.0198019141305155	5.1574826023801155
question	5.0650966986152985	5.045465819740629	5.26984430573973
publish	5.242952627205399	4.94208650266882	5.340822813839741
interest	5.16208469884026	5.037943237558528	5.3022685589017415
serve	5.064883140013059	4.957358714555881	5.098106096854671
divine	5.1512162684366825	5.0042519146091395	5.2610240078722
put	4.964150869980534	4.918774965292978	4.943248989699942
shadow	5.073724964774773	4.9002278475548255	5.002127760606896
practical	5.190561806520849	4.978194114670895	5.336448483208211
surface	5.0877108206438795	4.7859762939628245	4.965508847236602
account	5.104471136207684	4.987286768349802	5.20111295629649
loss	4.959589221384316	5.090900408929092	5.132479085783885
indian	4.980201756510441	5.030418338530224	5.126054690326048
vine	5.153251068103694	4.772281137241393	5.0132767889197805
certain	5.055158297004468	5.025880875550369	5.214834508056091
sin	4.88709680614664	5.112958084323553	5.096879042188613
necessity	5.015111652831516	5.076381452580255	5.262909267722494
lose	4.9951925812759335	5.047445472412447	5.061027550596123
private	5.110515329457026	5.056879006361222	5.286401851969501
gentleman	5.159899401184662	4.9553625178361695	5.123170372257038
daughter	5.065954586883128	5.0376329104268605	5.082938222551659
drive	4.850706487642195	5.080662769295219	4.961130622006247
strange	4.980420707838193	5.03393122726395	4.974182121852035
journey	5.151038711528963	4.926946208735876	5.054013700528937
uncle	5.120337715923382	4.928969705093499	5.008053623770328
species	5.058054991584333	4.938628048281996	5.140750589234038
think	5.044245734884143	5.021943227876918	5.069909504064124
bed	5.009068291166791	4.8192519371823845	4.814345218621666
wind	4.958308083443314	4.932270990650137	4.888714710041259
bless	5.1002635403099905	4.948700680556051	5.017624473579694
destroy	4.889589677548657	5.092558081986417	5.118589291848272
author	5.226664118041726	4.986281319972785	5.300301784311106
sustain	5.058044403517869	5.051065310929219	5.262136312253762
black	4.976467961899318	4.849324132444025	4.856886068861815
event	5.097981792875473	5.084897580143151	5.277747719419652
liberty	5.085584516885102	5.109691874777856	5.326970478380059
negro	4.947982911072341	4.96043592661228	4.978930465557787
little	5.1169702502961565	4.891887064025599	5.006055426825282
fortune	5.0965064373739075	5.068297833403085	5.172739649382671
touch	5.0715903295979095	4.959089920169729	5.021909392364517
kill	4.784279840249782	5.0773939295878225	4.897297483060766
feature	5.136553231672214	4.935829417762212	5.112044441614679
happiness	5.140512805733	5.063654743260869	5.2352473103329435
assume	5.094707654005285	5.026015734326884	5.221359960400059
notion	5.082253388785788	4.987440014850566	5.157002933877467
purchase	5.159195607950841	4.885300727142527	5.155027705380115
faithful	5.1496614813535375	5.0523547998538945	5.241818161437261
soldier	4.932366351832829	5.14010210536773	5.096760058986627
father	5.007743711234492	5.049544130177161	5.067776014400658
narrow	5.021874797504525	4.88730489528076	5.01351184768214
great	5.124547816876856	5.008068193305511	5.24537232028699
tear	4.934397527033728	4.988344107002833	4.888084486845278
honorable	5.147327926825088	5.112154708005592	5.366555822158972
previous	5.109580519641103	4.973131387752	5.20500813688666
good	5.102604315201092	4.990964591050735	5.123120595241203
domestic	5.160557182988271	4.9606336154680255	5.196488180024933
glory	5.178429069258362	4.997414193596403	5.199245299535692
lay	5.008211327385974	4.8953958712440695	4.963266357998869
occasion	5.085565569417897	5.055137381354348	5.212295643310016
guard	4.922450700845798	5.096608713449243	5.089399176975893
whole	5.077888969102238	4.953940772091586	5.151988989978032
mouth	4.994351795508978	4.860762279999389	4.854377587193711
receive	5.149085090527908	4.985370272485371	5.225970027415861
take	5.018306678948366	4.97497616024564	5.059045621797027
simple	5.184528948389449	4.8953177677342	5.158084866201439
error	4.997210896086637	5.0962772517082255	5.2641026581194605
wisdom	5.121925158086948	5.06987158176391	5.284913756977713
rock	4.9857934122944565	4.872774204804754	4.9079636895845296
decide	5.076992868090521	5.0735704252094225	5.305690186401004
exclaim	4.933990444960572	5.040581678520672	4.902597101291394
assure	5.081702683559134	5.062220247790741	5.163976861825386
sign	5.052360419557985	4.972996777300658	5.123464542304229
preserve	5.1385734000004	4.926913012844984	5.174570680657772
commerce	5.136201527371051	4.975741116672541	5.278998919392932
plant	5.127209723109502	4.788589649587885	5.011342560086775
walk	5.141924191453797	4.846069393972843	4.924015564461273
difference	5.097476829975525	4.957730537132917	5.213353157100685
hang	4.971571651154577	4.87179432889235	4.836487117778198
following	5.253991032961551	4.871927438089364	5.238739607179741
employ	5.130568134489796	4.924219457396213	5.198443196851487
