deal	5.051316575148804	5.028393681753443	5.135830496691755
study	5.2884573858000445	4.91680473808168	5.273927088177572
afford	5.183898924041752	4.960717523836018	5.237437902214046
service	5.179779211012444	5.045715357176189	5.3036358935962795
height	5.063064476315652	4.903520597008071	5.060023317754596
prospect	5.163781000474101	5.016561991796954	5.191513247651029
pleasant	5.245914082268315	4.871341738622671	5.0143269998315505
shade	5.127524602156185	4.879704431340651	4.985600720712385
listen	5.021194955271709	5.106646981673613	5.073684765775377
mighty	4.99410708461315	5.066737423632688	5.10493618071968
country	5.122569538094213	5.029934683436713	5.282354735662698
title	5.223435503376387	4.987255597218477	5.3595382494038875
choose	5.136980686384167	4.982334760381657	5.22050012069906
village	5.140206275087224	4.948947075669676	5.099856818263676
acquire	5.222261641933425	4.979218300601545	5.314548185940772
rank	5.128202735941969	5.087373344056761	5.294176308623767
bow	5.045116401629538	5.009820487390626	5.020498704400883
doctor	5.014941680846374	5.011796387589621	5.039518568565659
talent	5.254688681194793	5.030251191392033	5.349511227934598
source	5.178757743564815	4.978766002223165	5.270610380543999
lead	5.050571794756584	5.060185243181865	5.1719619079781705
question	5.060892819270258	5.055772004255521	5.277658237062523
publish	5.243370270556447	4.9513501770581465	5.352036404810687
interest	5.1596812796768585	5.0490326238543926	5.312424328028012
serve	5.049595762852457	4.996710621058126	5.117889527872287
divine	5.134390771583554	5.033755269365801	5.270142074762304
put	4.949125996529409	4.963134733555535	4.97440521139494
shadow	5.043273474615255	4.959225349647808	5.021535013233233
practical	5.187195547832117	4.977620818243079	5.338779255747331
surface	5.059165401433664	4.828773210768495	4.9791357063116966
account	5.1034413966585115	5.002109429287736	5.220072322672996
loss	4.947065057138097	5.121420415021332	5.152738749392967
indian	4.952579672439949	5.076404808472586	5.135201919726454
vine	5.1289931716339465	4.813886879418851	5.026955787264401
certain	5.044703914373003	5.0432736413852375	5.221668554278987
sin	4.866476717612218	5.158651591674841	5.118582867585725
necessity	5.00256074293765	5.093237970633995	5.265860335252794
lose	4.979565373035512	5.091448654437712	5.0870807862458465
private	5.107754333307196	5.077496936691422	5.29911309013001
gentleman	5.157963262976079	4.990682358805044	5.1523912759328585
daughter	5.056782635183787	5.094212674926054	5.112227879792773
drive	4.828192233671677	5.141652507155475	4.988869483924551
strange	4.9644548706227525	5.08356984068018	5.007621051912336
journey	5.13498125760178	4.981334219472032	5.084187667843403
uncle	5.123614654131368	4.973046904922257	5.052276259535423
species	5.044284252086837	4.95230061879262	5.144268617547494
think	5.0404661944924705	5.0584846005477875	5.103806501311681
bed	4.991060681443679	4.885271845554795	4.854005508601542
wind	4.9262729287301275	4.996493977614045	4.916023259810427
bless	5.085201174671626	5.0065177063312785	5.049549933709293
destroy	4.8707530178761225	5.126477278303276	5.128046099344414
author	5.223885636935346	5.000526857810228	5.32000730045055
sustain	5.042039402159948	5.071494533528329	5.264522939741956
black	4.945258684263203	4.91583449272051	4.885930369845641
event	5.08625759319181	5.107878494421796	5.291203138122214
liberty	5.075477223697281	5.133407191853443	5.331624713118057
negro	4.9349671413738125	5.00956131120882	5.007055037471442
little	5.110122139323731	4.930270897069941	5.036177467208591
fortune	5.09159000890333	5.106236420172531	5.200896778344959
touch	5.049172835731901	5.007001490440023	5.049545094114173
kill	4.760472400036821	5.151147924926472	4.939977819640468
feature	5.113106105480393	4.972528825872438	5.123115817084765
happiness	5.134855657680414	5.090741148683111	5.255201809452734
assume	5.077370776494837	5.048458022020752	5.225778640006257
notion	5.085002461351139	5.000776946580838	5.1793708759359784
purchase	5.163098116398618	4.908467668493649	5.168254347566004
faithful	5.136252657055699	5.097512269980766	5.262870255365845
soldier	4.897878164394737	5.212532172210165	5.122227505204906
father	4.9939834460583725	5.104850672556241	5.096091516943134
narrow	4.998922126850739	4.9334917165062135	5.0230484013234955
great	5.116612675431002	5.025057820081793	5.254051295854672
tear	4.906770614476895	5.05326185942586	4.925075270440449
honorable	5.140403667217911	5.13720853268155	5.378976665739116
previous	5.099257139901248	4.993500473690521	5.213917099603497
good	5.100539727663464	5.020328596162472	5.149668744152557
domestic	5.161338473541995	4.968501300273392	5.207036321148264
glory	5.155819476337848	5.0436674043341565	5.214484874302398
lay	4.983818987600656	4.94946776126423	4.984709468755636
occasion	5.073130974037979	5.07909505811771	5.22858471695961
guard	4.8924135177996755	5.166196521447626	5.109288526092322
whole	5.0637482380878165	4.979234350256216	5.161264821288025
mouth	4.96081207788858	4.92633060057615	4.887739106320719
receive	5.143479746258749	5.007534724443364	5.236154708457438
take	5.0067807334382834	5.013517304223027	5.0825557920933075
simple	5.174982803622192	4.915390493992167	5.170276901833231
error	4.985978887301083	5.109851166299646	5.273959333404035
wisdom	5.10429009262964	5.098202802261595	5.29542261231219
rock	4.949152823600234	4.945563720582808	4.9303024437675065
decide	5.0670464222977705	5.092653883105033	5.312724434308365
exclaim	4.912454977241449	5.112661106894007	4.951239508211032
assure	5.073054381307107	5.099671270500583	5.190205536948056
sign	5.031886571981959	5.013201541948431	5.136659123983222
preserve	5.123106657262449	4.951568048346201	5.184078509484931
commerce	5.128429794980161	4.980490496849039	5.272973049430637
plant	5.104032112920213	4.828111943801857	5.022719482682282
walk	5.126424545822823	4.909165991679202	4.95996139628671
difference	5.093244930901378	4.962895701275673	5.216666104877694
hang	4.944360635942385	4.9463344665682625	4.8740252630049135
following	5.245906971688298	4.890958137602596	5.251497591530736
employ	5.123394783408902	4.941393752001376	5.2068037560123726
