deal	5.042095605687161	5.022612157944449	5.125867545986127
study	5.279112396386748	4.9217813936435215	5.269253340191045
afford	5.185203939625962	4.951288618239805	5.237564620686569
service	5.192301188733324	5.028237420217051	5.317877193246884
height	5.068011032814568	4.886067549219244	5.049391376422831
prospect	5.156832369488929	4.999391976016298	5.184807279377461
pleasant	5.223196660239256	4.855912891439619	4.984311110709251
shade	5.114291048131362	4.865321788694194	4.957491582615258
listen	5.013606372462251	5.092186064102729	5.060802249377158
mighty	4.996335113495875	5.054631137529468	5.096890387776446
country	5.125536354444474	5.027472744901551	5.292660664137284
title	5.225266473810781	4.989749414587692	5.373447694162563
choose	5.148724323655965	4.964854015595081	5.226892743384205
village	5.148777356008112	4.914061901629469	5.086059870451846
acquire	5.218424558786636	4.985084134678083	5.321870956569126
rank	5.134746276777886	5.076156925156216	5.300939234978604
bow	5.039125548072327	4.988582206665072	5.006888121019868
doctor	5.000672619467535	5.0009812281611055	5.023174523654698
talent	5.249018783047643	5.0340274546850505	5.349072796514697
source	5.1703544306862295	4.986197370858543	5.272084505968897
lead	5.053114094896526	5.04311377121687	5.16958277268713
question	5.06756626954272	5.055392199799328	5.2927865792418896
publish	5.251889736019382	4.956766262863712	5.364812952833975
interest	5.156643194797759	5.049397222638795	5.322222858007242
serve	5.053982987623497	4.982626043376509	5.112957096633842
divine	5.127852103956681	5.039026448351311	5.274213667140863
put	4.955299556364511	4.943629363296627	4.962025928247857
shadow	5.036894630603458	4.9419712978289425	5.002513142016645
practical	5.189343774620784	4.9870073210836114	5.3513142529012425
surface	5.057800869401367	4.8158844882775576	4.958342445697758
account	5.106242726423652	4.994869100231496	5.22160520462128
loss	4.947296087770577	5.106145053518003	5.153933880483157
indian	4.9768215999002186	5.047341852881422	5.140107158667539
vine	5.129662837649776	4.794281311259207	5.005590890465979
certain	5.051817704644946	5.039728090618137	5.229960743230944
sin	4.856828014360658	5.149468832449718	5.112231267255287
necessity	5.016168490924909	5.085929043889066	5.283665296915074
lose	4.9765751082628675	5.07643513429597	5.079569918331091
private	5.113603882896174	5.068080587673041	5.312835101704948
gentleman	5.150149679621517	4.97116360178117	5.141204010493456
daughter	5.0314821123841815	5.073929728331563	5.09759703749946
drive	4.837028987024592	5.107933259645497	4.97819214217272
strange	4.95046501692605	5.071165116596465	4.988092944606553
journey	5.138071122269448	4.948665785966609	5.068661232928027
uncle	5.0995362662993085	4.953060851501552	5.028419561007718
species	5.052878658462667	4.951049514544517	5.147857385767854
think	5.026468918326335	5.047514752343042	5.090020866426382
bed	4.982997575378977	4.853081025376523	4.820018081545469
wind	4.9278658791382695	4.970177131122351	4.895205100751118
bless	5.064770234789886	4.989285517528812	5.030589155530332
destroy	4.880274333207644	5.114106403839939	5.130729305233346
author	5.21802653424511	5.009058602048873	5.318417906922832
sustain	5.050458833609688	5.06879584624795	5.278935253146648
black	4.947432178746357	4.888772012952544	4.861303762428915
event	5.092291897073354	5.101930002391023	5.298233205727597
liberty	5.080522122906857	5.127903473967658	5.346372045876658
negro	4.940858710415888	4.972794394745298	4.990832123664501
little	5.0972988749617505	4.9147938885126345	5.014369522960661
fortune	5.077663112663088	5.091069772305015	5.190823479473718
touch	5.034685964728329	5.001569957712188	5.032394693566616
kill	4.770037466066059	5.107950626529786	4.915505516592384
feature	5.099952680495164	4.974384122330661	5.11473245895954
happiness	5.117920897759249	5.086455083938526	5.25151346327241
assume	5.083803062849866	5.04774747113709	5.237705200079638
notion	5.074241372155438	5.002508032311687	5.172530804961973
purchase	5.165962035953584	4.887147966761047	5.1705728461582465
faithful	5.128896469535352	5.085129058441972	5.264853902198816
soldier	4.920568800704818	5.1760173929960835	5.122667011476845
father	4.976723427863908	5.085668972656393	5.085066415924322
narrow	5.001146879639061	4.912992103137665	5.01140266672124
great	5.120702447210309	5.024475422771249	5.260337380583536
tear	4.889374555729144	5.03820699655421	4.901122017924001
honorable	5.140954826965404	5.129650079779692	5.394877108637055
previous	5.11369038941225	4.981387871087106	5.223151953580012
good	5.089215148613821	5.009417778609418	5.140725315185639
domestic	5.152334737259093	4.970448960269924	5.209398110435248
glory	5.1495430046228385	5.040402519022717	5.2080397543204295
lay	4.988127123952613	4.929185297619764	4.97213866432954
occasion	5.0825476320170235	5.067784572282935	5.233716199196339
guard	4.912288419854608	5.1273795298790334	5.112469241588352
whole	5.074195849980883	4.9735906493613475	5.1641107692188974
mouth	4.962476116488546	4.903181489229605	4.863968716735095
receive	5.149336287127556	4.997224672496588	5.247955730862578
take	5.012588633269694	4.994727553226982	5.078726306402682
simple	5.165074600392296	4.921193204148913	5.163846721490238
error	4.984572722361088	5.1155180080026454	5.281140115965821
wisdom	5.0992973511045925	5.102103777013137	5.30004324497807
rock	4.956269522817194	4.913323372763895	4.908607767779557
decide	5.080913753722968	5.084174236120744	5.328964340918932
exclaim	4.900638009650772	5.085076070577885	4.9268341476124355
assure	5.071830888864582	5.082765912767229	5.190095423707892
sign	5.042628332177338	5.003234741253603	5.142991863779787
preserve	5.124349021258804	4.951810387825459	5.184707666147721
commerce	5.141308249570085	4.979394589867653	5.293802315007649
plant	5.102770416925445	4.812602351323449	5.001541018947343
walk	5.117109065316706	4.880339720492279	4.930915110641907
difference	5.090001869819317	4.965482241065161	5.220819778279391
hang	4.93716603243273	4.917768532641403	4.842608531083234
following	5.254586573686485	4.886201408297187	5.256949325057719
employ	5.138452289773392	4.935701411203931	5.215253668498086
