deal	5.05949367796788	5.018367480623206	5.121392669833174
study	5.306600488484054	4.921257991630675	5.2657175192095
afford	5.211483122551864	4.956704836667123	5.240422480034099
service	5.2017194529192325	5.035323353206558	5.311571814431496
height	5.113006407784029	4.868744249366494	5.058186563117296
prospect	5.188450547335411	5.002507359174607	5.190470356171696
pleasant	5.246764389177721	4.8519241864621305	4.986579078079622
shade	5.161305778731209	4.846560541948863	4.963404920241352
listen	5.036748384696298	5.085411350562102	5.048619122713568
mighty	5.040459200146697	5.033219243992703	5.099947404982163
country	5.160964473004306	5.021835976780571	5.2938067254894925
title	5.2529784997209825	4.979884666360153	5.363640738637801
choose	5.160613401015561	4.965960178199026	5.225401036351888
village	5.164306787380616	4.9145896849632225	5.089958472095494
acquire	5.253638097261753	4.983074746943833	5.32126565870045
rank	5.1702347655686385	5.067427353163244	5.298956143351295
bow	5.067382723314907	4.973814244408155	4.996871745670976
doctor	5.001248600345964	5.001173921710683	5.009247125005523
talent	5.280877188606264	5.0312269153769185	5.346000960785817
source	5.219569942227979	4.977435010220844	5.27668600993645
lead	5.08741406368751	5.040443291067273	5.172513845251592
question	5.079737738544154	5.059335717855674	5.281343316390527
publish	5.263032094411473	4.952654046122208	5.35095634666677
interest	5.186931488704101	5.0532824836785455	5.321461372700881
serve	5.074837480817147	4.97684905544637	5.112675877476153
divine	5.180568499756256	5.02354650240167	5.2749774143127
put	4.956783971213253	4.94015841053369	4.956218284125051
shadow	5.0817285565149035	4.925675891114328	5.005545962003919
practical	5.218318248871847	4.986926761900196	5.3468912543422995
surface	5.0959591426572715	4.80338640426658	4.967493433262361
account	5.1224868775453976	4.995422732998789	5.215850481957303
loss	4.973158236178743	5.106505121098535	5.154008172357273
indian	4.994104600766936	5.04218421035578	5.134303159682147
vine	5.161329190851175	4.79167740885485	5.018085137732514
certain	5.079247093991359	5.036304353319368	5.22601644070546
sin	4.908057192752567	5.1342176092617535	5.117607613691547
necessity	5.0407614936282155	5.09087947344287	5.28180146657528
lose	5.010591585694896	5.067832198914416	5.079017008848686
private	5.129795884019647	5.076628551328134	5.3115875056766315
gentleman	5.1498131695049025	4.977298738768917	5.130100347994001
daughter	5.062627421561901	5.06975955181889	5.09636287635686
drive	4.861274632010472	5.100919318001913	4.978936331791824
strange	4.981601958922742	5.056557864152021	4.979051150639398
journey	5.153223749955453	4.951895841354193	5.068715922496985
uncle	5.105036550630483	4.957225124184321	5.024187247749059
species	5.0893564533374525	4.942022861184762	5.151982918825086
think	5.046041644564214	5.044868655372911	5.084084740705712
bed	4.995468667883985	4.849801997060352	4.823463368384429
wind	4.958595295560156	4.957129609142113	4.896625760544846
bless	5.101855925087916	4.977390876246028	5.03423712639824
destroy	4.9248629143227545	5.0998175942856365	5.13772446546277
author	5.2515053913380525	4.997402283438315	5.308971194669423
sustain	5.08578804613424	5.064255520559772	5.27883989673573
black	4.96642557983219	4.865075943250099	4.850268155818693
event	5.120194132902435	5.099842694930422	5.2926093216462435
liberty	5.119517346167302	5.123005381167217	5.346780266016807
negro	4.948131575310407	4.973629584486523	4.98874970414334
little	5.114254570668994	4.912731018738606	5.012464861264513
fortune	5.114060281826733	5.089046921222388	5.195313732425868
touch	5.068407895572304	4.987354060209954	5.024479452545245
kill	4.782148637582089	5.099574547799006	4.912820377159258
feature	5.139616270405589	4.956510191635917	5.105721366047528
happiness	5.16555258978258	5.085597607964994	5.258195881851303
assume	5.106665573483568	5.041735872595497	5.227016670990972
notion	5.095866779696886	4.9962280533532635	5.164831598578545
purchase	5.179996247607702	4.897692063533877	5.178271547069504
faithful	5.159041393961159	5.08321033650667	5.259888708530151
soldier	4.933928860691496	5.172100625665736	5.114633498254259
father	5.003010900512254	5.080329237376592	5.0814370694543065
narrow	5.038466591277709	4.9047649928682455	5.020701396542766
great	5.153040670589578	5.017100576716431	5.259676348265355
tear	4.925404239250304	5.021577973615365	4.899091204291719
honorable	5.166252929280453	5.1332187853257825	5.38889974889078
previous	5.122680333446491	4.986874117311835	5.216230844645171
good	5.108320144236901	5.009288985469271	5.138511761196818
domestic	5.181674224264162	4.972067373639931	5.211512021250617
glory	5.20731972982126	5.0149612259740195	5.2132948568877575
lay	5.014077057789053	4.9188122475037	4.972926151625493
occasion	5.096912618178394	5.07222588297431	5.227162329770086
guard	4.927938191238632	5.131237120982063	5.110153300541516
whole	5.099439580028977	4.96486836821641	5.163467776808674
mouth	4.9771255393460345	4.884710199803741	4.85309387679083
receive	5.161347629225853	5.002616284511005	5.240951014726061
take	5.018754066316493	4.9968261883798055	5.0729153467781485
simple	5.201020407963538	4.910040378937346	5.1609231694834685
error	5.025992050535429	5.106894748307497	5.278863161856985
wisdom	5.149198915723329	5.089073168956887	5.300105172669608
rock	4.993850017273003	4.896641413966881	4.915740425003262
decide	5.090475236295216	5.092161514287505	5.318919311055356
exclaim	4.911808046673711	5.078021993254921	4.911582493029892
assure	5.08657249793793	5.08768991761426	5.181587364939523
sign	5.055918018325483	4.995277983506206	5.129512836835105
preserve	5.161569075030124	4.939256851170164	5.185432810928579
commerce	5.1705234075872335	4.9813927686287185	5.296379042398034
plant	5.143657499605133	4.803089147219331	5.015016871723748
walk	5.132687073953134	4.877446622842707	4.930323857597006
difference	5.119132769564823	4.961215012971447	5.220493548941419
hang	4.961746806720527	4.900593788427313	4.838712731795776
following	5.259967268255262	4.886832381334575	5.242530791717594
employ	5.1567785353385025	4.936336257524055	5.214146135275265
