deal	5.0752117034773	5.002062574060201	5.120745274097704
study	5.30738925047371	4.9186255066957845	5.258579782986908
afford	5.208453516666033	4.942173744542808	5.226073984928267
service	5.2147598231029635	5.009097858188354	5.29540400267092
height	5.09031166574945	4.860714053891734	5.036830344797383
prospect	5.180882906329178	4.986776544512319	5.176879888861201
pleasant	5.258681297847882	4.841568293412392	4.993814962041941
shade	5.146882009082623	4.843844913275244	4.960103216390229
listen	5.047059839272299	5.066400455911875	5.056084141922096
mighty	5.034402206411017	5.022343085090105	5.095273157545706
country	5.152031610895449	5.00773306371727	5.27688630773481
title	5.252892771881781	4.966449376483184	5.349997675031678
choose	5.172691494847631	4.941958131593658	5.211567725457202
village	5.169615695663298	4.898098163480857	5.088081543880991
acquire	5.2462465117089785	4.972691243552388	5.303418642627109
rank	5.161318329578812	5.047836064973996	5.278247863980853
bow	5.07681931812636	4.947772516125537	4.994353209325725
doctor	5.035794223809824	4.980471240114966	5.020395542728901
talent	5.273990297089203	5.020261179367929	5.330363309210386
source	5.203172190340774	4.975325644168744	5.265376173707059
lead	5.0807577258600105	5.0237069857222165	5.159924667133004
question	5.09054863563193	5.042071315652402	5.273146731124093
publish	5.269315269231475	4.943495399598255	5.342624234830464
interest	5.183216849209415	5.036591761583527	5.303898875584378
serve	5.085671696484517	4.9559006532856955	5.102910750209984
divine	5.167297923458285	5.023198677695657	5.265834709781245
put	4.989769218134155	4.915465366605869	4.9568810103976215
shadow	5.065588748079307	4.921229441811216	4.999919807800792
practical	5.214493998689918	4.9835998333982	5.333205555528489
surface	5.084699439075695	4.8000745949896	4.956677908266367
account	5.1289264613935845	4.981683182715706	5.208400300872248
loss	4.972356601040311	5.084551625714228	5.139504479067665
indian	4.9982899417338285	5.01891696425562	5.12701120117231
vine	5.153398186267296	4.7885192430061805	5.004411623848823
certain	5.075961653908845	5.025236505845821	5.21355747923165
sin	4.896023136011741	5.12851704433968	5.110319015503989
necessity	5.038536908928395	5.072114336681328	5.261063920241335
lose	5.007748852114525	5.051035175217276	5.07120012046341
private	5.1366201075924565	5.052738099228498	5.291959136837466
gentleman	5.177440884805947	4.950944277651817	5.130626799048211
daughter	5.064389534377837	5.044804226150276	5.0897857555832795
drive	4.866809818037428	5.074252571051591	4.973090786467856
strange	4.980303482829053	5.047856099847276	4.986500520363171
journey	5.161903897641434	4.933284351294442	5.06707954209076
uncle	5.132665697769974	4.933111461503832	5.030851305056982
species	5.084161771706009	4.93598300645384	5.138309859164926
think	5.056127502458509	5.029598626573966	5.084715358492974
bed	5.018950893288333	4.830440686184675	4.831631293947761
wind	4.957149021803018	4.946178411332685	4.896465674997529
bless	5.1124639197270465	4.965514009983028	5.03825970564103
destroy	4.911411167054444	5.085680500994483	5.12219390332898
author	5.24593066854613	4.995902129315679	5.305225361094525
sustain	5.074169866136222	5.045141106881411	5.255505657319431
black	4.976907921122192	4.849745702237531	4.856847012671473
event	5.107197786513384	5.087763285485867	5.278661664382164
liberty	5.111449779049013	5.104651861774577	5.328672940693048
negro	4.971843294606794	4.95300996943484	4.994581264625835
little	5.1292879285343815	4.894405234367533	5.013338845715713
fortune	5.110999834101734	5.067422372013308	5.180412759763554
touch	5.070345159438141	4.9734445632147795	5.026631156110401
kill	4.799821147694557	5.076683314164524	4.919655650302959
feature	5.121403310140035	4.9460672630215585	5.095820932394687
happiness	5.152890842598472	5.075640379658855	5.244514025824006
assume	5.103858365965361	5.022560167000034	5.212616963370887
notion	5.104030326654796	4.98948229464805	5.163295893255867
purchase	5.198789096037845	4.8744761062886015	5.163973683051652
faithful	5.161562150027317	5.061228263856345	5.2517131215713135
soldier	4.942990561236667	5.141240783458836	5.10446936240215
father	5.010818962183921	5.055892326322905	5.080623962339431
narrow	5.0282956350249295	4.891204980127603	5.005780967824113
great	5.14853660652555	5.002117459687603	5.244783090425342
tear	4.929438959969794	5.003267172860607	4.901776151815856
honorable	5.165047546213057	5.107890591392323	5.368115374145147
previous	5.125237705220439	4.969061314598569	5.203585848327178
good	5.124294997495558	4.991480187145975	5.13591713097832
domestic	5.184911014480242	4.956169760525738	5.200163943441903
glory	5.190621663297049	5.009854910194729	5.20103137472932
lay	5.022831548227095	4.895872934850856	4.9684069570404
occasion	5.10455241925349	5.051730997678594	5.217413281404885
guard	4.933309740246232	5.099902380059555	5.09467427761525
whole	5.101321838215912	4.948516874643091	5.152176443488779
mouth	4.994373502078836	4.868552432853396	4.862478400451631
receive	5.171942384886361	4.9772350472299935	5.2279059845230655
take	5.039644647374129	4.971186289646712	5.069317524645307
simple	5.198196920751304	4.905422712667548	5.1557309637899635
error	5.007335669563119	5.103608497429471	5.262905137159616
wisdom	5.134395276620926	5.082755057946177	5.285793421674421
rock	4.986176456166981	4.885222114225543	4.912015391672021
decide	5.0950589996057225	5.070769984367921	5.302787077803088
exclaim	4.934042581246826	5.051577684509426	4.924245261622927
assure	5.095473978917075	5.062486264954293	5.17466411734196
sign	5.067390213544384	4.978178108257428	5.126207840441819
preserve	5.153492661504782	4.926303323561243	5.168919657231087
commerce	5.170263168817036	4.965343646995664	5.275061809044491
plant	5.13376700892531	4.800588654939941	5.004667664628658
walk	5.150382697803849	4.8608481145151305	4.935842032153458
difference	5.115048182481253	4.955567473382963	5.208106957207836
hang	4.970251946582476	4.885458008683588	4.8427469108104475
following	5.2713625551610965	4.875789179210125	5.24142862012172
employ	5.162462609491216	4.921785148523898	5.198090091196198
