deal	5.032009007836677	5.001341097349834	5.08997014551174
study	5.270372508005866	4.904065685617726	5.240507861120207
afford	5.17068723321462	4.937940080850222	5.201025359146257
service	5.169232115273858	5.012328917664913	5.273176421769831
height	5.063108852883092	4.877803425691516	5.028951593510808
prospect	5.137508322989168	4.988919633471584	5.143984572587482
pleasant	5.221810540812399	4.834326407693777	4.960822787543666
shade	5.114967177649954	4.843537842991658	4.932275546841003
listen	5.006001434599369	5.0660071604371755	5.016694573407366
mighty	4.983865628017618	5.032727427701178	5.054173073567145
country	5.101518733154374	5.011823301451545	5.247438922245303
title	5.205542330718431	4.968507778289164	5.322489660513744
choose	5.128734450523052	4.94515991730896	5.190341737884866
village	5.1319628720059285	4.898171532916011	5.057117433814371
acquire	5.20891581566901	4.967761937427994	5.286106700255535
rank	5.124314868356898	5.056221189438285	5.259632137167168
bow	5.043380842425581	4.96167772158972	4.969721746449497
doctor	5.001405952989594	4.978672125165116	4.9993982269955985
talent	5.2386738100601065	5.01317414496321	5.3110093858172345
source	5.155029366043587	4.970027683806124	5.231902904657815
lead	5.044831706631386	5.024872255740563	5.1313416598361075
question	5.040459445518787	5.043623086983861	5.24543170184021
publish	5.224678897393218	4.938631593242751	5.32042970358315
interest	5.132418138870774	5.035498020222003	5.275177922455905
serve	5.048524174697702	4.960794713733417	5.079710718138603
divine	5.113204686388979	5.018526009868256	5.229889249668706
put	4.956652902601931	4.922107682847849	4.9364711565383335
shadow	5.027300925968964	4.924827489792562	4.966856472821137
practical	5.169064227806953	4.975703711889983	5.313217500263057
surface	5.057141727154323	4.803824819764631	4.940498994017222
account	5.086352958432457	4.980019975573733	5.18100952919736
loss	4.924240825686569	5.094938126410863	5.107133768357638
indian	4.95385379455012	5.0297837648501265	5.091422386320761
vine	5.1312240279041585	4.784353727459156	4.995158616960884
certain	5.03193112372813	5.023984108112978	5.1861900672407275
sin	4.8443054855085235	5.127785984047476	5.0689353674487405
necessity	4.990672092162695	5.076164793637903	5.238132653299262
lose	4.963188108405751	5.0570456074076935	5.033427245571022
private	5.087534755359392	5.053825514018452	5.265806923843067
gentleman	5.145022559297446	4.950984022687316	5.111853548987019
daughter	5.030882293379492	5.048284719941436	5.062343825577678
drive	4.825470277375902	5.089729365056556	4.9369666526272935
strange	4.942042819379301	5.0461553726455595	4.943142688836763
journey	5.124973101739016	4.9329940642396854	5.030969721614638
uncle	5.099316849947657	4.92990085893781	5.003408559719092
species	5.038835894182397	4.937344342879539	5.114128698765333
think	5.016209400649324	5.0251312791136975	5.05025201905225
bed	4.984891145167946	4.8324241376588155	4.8037337338078965
wind	4.922994307727269	4.95431922006515	4.8645091299644205
bless	5.061992883944782	4.9649396934766274	4.996367931252165
destroy	4.86428487419218	5.094166124425855	5.087395568557387
author	5.202540600552433	4.9861268086204005	5.27547805813822
sustain	5.027992987481001	5.0545582047289015	5.234255002077786
black	4.948447936437155	4.863416947898293	4.834357663115833
event	5.062194685562615	5.088510264451206	5.247805668469705
liberty	5.054282584626855	5.110411252692237	5.296327465075744
negro	4.933263251772145	4.956025729602899	4.9636444874981285
little	5.098685589269826	4.8928578198342665	4.9887886935652315
fortune	5.072462737587227	5.070192071622627	5.1486298134940425
touch	5.035943783582413	4.975522100041087	4.996969284918802
kill	4.764078903265884	5.085324503300868	4.879827126498406
feature	5.090522570097977	4.9527991105711715	5.076225311686565
happiness	5.102309379556285	5.0694934099071665	5.2064394155453
assume	5.060658149598075	5.030612592254638	5.190497063428855
notion	5.063373681456677	4.981012182221611	5.136156865588837
purchase	5.150128441273434	4.875100566435152	5.1351788086316015
faithful	5.117169930393112	5.059602695526757	5.216074240478885
soldier	4.906876725371537	5.15796518981008	5.077105913355925
father	4.97005825318397	5.060167461684062	5.044747919718442
narrow	4.995149735766902	4.8997764386386375	4.984288887029833
great	5.102779350568725	5.008135943348366	5.218719708220757
tear	4.8900260960153314	5.011321157442239	4.866957958863161
honorable	5.120503062219151	5.1097043190431695	5.338798243774848
previous	5.08368382472915	4.971981769598795	5.183637654932468
good	5.083732693597089	4.987982152299852	5.105247493116254
domestic	5.136742402713244	4.952882591550324	5.172703239398546
glory	5.136858875430855	5.016438651097525	5.161281258962147
lay	4.983680125076897	4.906710480437388	4.938786164758978
occasion	5.06053386706545	5.05202410824971	5.1911991403235005
guard	4.900042090746039	5.111781349445376	5.0702090373175865
whole	5.057473962005969	4.957595509620083	5.1297221748216595
mouth	4.967708044637922	4.879642281956501	4.83765952436799
receive	5.1306009894519375	4.981201294477323	5.205019847589055
take	5.002170271282164	4.975902201327074	5.043974377651865
simple	5.1593073441080355	4.899932886098417	5.132654412037128
error	4.965033053398125	5.100274126987324	5.2359010694989205
wisdom	5.088985252018896	5.079977131024541	5.2533627018699285
rock	4.9532563475376135	4.895922183582142	4.879429054088026
decide	5.051246696781525	5.072812408285167	5.280350146841844
exclaim	4.90420025786388	5.0602909102643565	4.891216340008005
assure	5.056073843639431	5.063029873251369	5.140328046522991
sign	5.026928527146713	4.984146385210144	5.100259121124288
preserve	5.117193896424471	4.929247812351132	5.1493556538269445
commerce	5.118068409349797	4.971360717328932	5.251468644412683
plant	5.108514386477431	4.795440758448544	4.989136148959167
walk	5.117683974969192	4.859083481786146	4.908302800971469
difference	5.070879645035069	4.955754154028611	5.185788757562285
hang	4.942372985069105	4.89316252501071	4.81495544132727
following	5.230688258963848	4.873858247945184	5.221441797193608
employ	5.125297843318415	4.920623379640919	5.183063954382336
