deal	5.049738017870309	5.005011028595365	5.114451522486648
study	5.26652161622131	4.910952788407636	5.25056272683471
afford	5.168226439249162	4.9436300084341305	5.224132198929266
service	5.175741431154218	5.014113989047459	5.2886335739464245
height	5.065334804474099	4.865893396644518	5.039622367719825
prospect	5.158525864655533	4.992380826248627	5.177597245012527
pleasant	5.247985030039589	4.8453120624072925	4.99147650069515
shade	5.134299289170112	4.8437555811703685	4.9552431673250386
listen	5.034754239081051	5.074673725490838	5.042885329492935
mighty	5.007660698782414	5.033020847538311	5.084011644833688
country	5.111627970989874	5.0120349002883415	5.274119939533526
title	5.212277868748379	4.966604652246712	5.3401167095381235
choose	5.142216097349058	4.9486905546968645	5.21163979988184
village	5.155459216614609	4.901920220787826	5.089328002148927
acquire	5.200920662425895	4.9720352491553665	5.302763485275835
rank	5.126930121628935	5.05369924705917	5.273094765187612
bow	5.058776456077621	4.959340067582319	4.9821181455339865
doctor	5.020818363579289	4.980988631151602	5.01316141694146
talent	5.234567322369718	5.019249503603873	5.324301415291203
source	5.158735283665586	4.975578794652413	5.256721068706559
lead	5.053429058557111	5.031492195703331	5.15856243656907
question	5.0536525408157	5.04242336746498	5.268000161940264
publish	5.230361658322907	4.937218732977655	5.333220883905661
interest	5.140908771085401	5.038498332611527	5.298163281966787
serve	5.0546377807092036	4.96173195605044	5.097059232243818
divine	5.124957630871187	5.020797850745265	5.246609547848273
put	4.96680873081982	4.9226115467500735	4.953382990920456
shadow	5.055572845327629	4.9221065257763	4.995240607988308
practical	5.165276758070696	4.977625509681648	5.328761908744375
surface	5.061916903523536	4.800789290211394	4.961605266055234
account	5.097797354488304	4.980094766392932	5.204576731814799
loss	4.9468183531627155	5.09161163589615	5.139241313725789
indian	4.976288607545272	5.0263807867384065	5.12733695935653
vine	5.129182666501418	4.785767619342569	5.012334253078967
certain	5.040708152583034	5.025418397475968	5.212633325734079
sin	4.873295837182954	5.132321137624795	5.096422954011265
necessity	4.995811354380803	5.0765577686556185	5.260299581009881
lose	4.987220147167281	5.059799318878205	5.068308355486515
private	5.099126733852181	5.057955999608896	5.288217096581221
gentleman	5.15930169274259	4.9546544841872295	5.127412876024883
daughter	5.059205664155097	5.0507719143193395	5.083177153118787
drive	4.856339813157795	5.091578768448806	4.975470090892712
strange	4.978669232668436	5.050000579538667	4.980136978332001
journey	5.149422865933762	4.940909425427646	5.067426898990935
uncle	5.130974559348317	4.934838612947008	5.0268874794494085
species	5.038755678609131	4.938228497355142	5.137451112381564
think	5.043805754825419	5.0318303861705695	5.080024305555601
bed	5.011855862367828	4.835140615069781	4.826560044671458
wind	4.952331269708038	4.9560618606074724	4.900503560495523
bless	5.095247647896371	4.971134537180313	5.022350404414023
destroy	4.880932153910386	5.094333605760092	5.120365793754633
author	5.2083138486200555	4.991035448629299	5.291952719348108
sustain	5.033038545548157	5.049784613128136	5.251369533093882
black	4.973058757168656	4.851415811428584	4.852888860938203
event	5.080097232493734	5.086696691204084	5.274568921524069
liberty	5.069422067165199	5.113678834870668	5.319538844919451
negro	4.95598175784027	4.959172644927967	4.995645426161455
little	5.110435772121991	4.898295334394414	5.011890715876345
fortune	5.088393345557458	5.077198052837375	5.178934311511717
touch	5.052711909903988	4.978049101883666	5.015903427900145
kill	4.7997922787966125	5.08736794541352	4.918788454764347
feature	5.108250364215362	4.942008232971155	5.091083575070721
happiness	5.119131090567122	5.078021332155908	5.234530011420051
assume	5.074497885764725	5.02340793683085	5.209019852196276
notion	5.081032228717627	4.985294738055026	5.1614946584753465
purchase	5.158428210743056	4.879932905039919	5.162399010239773
faithful	5.134703814456932	5.067785797873783	5.240070787991155
soldier	4.928213960846429	5.158157515687116	5.101847599960003
father	5.002217280148645	5.061405668155684	5.0706534711693205
narrow	5.004349697609761	4.899475400411693	5.009917745332436
great	5.105448637094913	5.005958127344845	5.2376690570217
tear	4.923250329529146	5.011740854549429	4.891670358453683
honorable	5.129861695636974	5.113331581402902	5.3614692471373955
previous	5.097515178287109	4.968070592030795	5.204954824092085
good	5.100946906235005	4.995528287540933	5.132536225749997
domestic	5.142617730307278	4.957776763895487	5.194595140545135
glory	5.160272793043132	5.016057456052751	5.186856076651615
lay	5.000205725167196	4.9034229144890835	4.959997190559783
occasion	5.072529430466835	5.0553226543443515	5.212592699731206
guard	4.9182491664168575	5.1143299250654515	5.095382756433959
whole	5.063283969034824	4.9530722917106695	5.14755742930122
mouth	4.9896722548076164	4.874870775690213	4.859518833401826
receive	5.136768519176905	4.981410678595051	5.2241999347410975
take	5.016169773131537	4.977404407120095	5.067230063849626
simple	5.1618426388036465	4.902168324300782	5.14630553202612
error	4.976077379667003	5.101177537326807	5.259406791067373
wisdom	5.096705256788553	5.084671468173484	5.274670486324023
rock	4.976081548756645	4.894386758402516	4.911256853342842
decide	5.063180873590909	5.073383748561834	5.303363288494716
exclaim	4.93463733225239	5.0611792460411404	4.913190304959518
assure	5.07427270274311	5.06925748918511	5.169986341434107
sign	5.04338372257706	4.979459740831323	5.119767760774764
preserve	5.116039763716689	4.926593843870094	5.162439554815606
commerce	5.118628052158142	4.969175415763727	5.274279120696451
plant	5.105066395021009	4.799348982292061	5.007325850915512
walk	5.14178860781208	4.865872548156138	4.931371737759584
difference	5.079129663598023	4.951747244322588	5.207680966950544
hang	4.969080245892772	4.888773666684147	4.8368279214120085
following	5.239349016824945	4.872400779617865	5.2341418699881626
employ	5.117177604800945	4.921546281689381	5.198039723463774
