deal	5.027348007167212	4.997232732381291	5.107275691421174
study	5.261350709301231	4.900560971047604	5.244469175678689
afford	5.161970484324809	4.941722719477936	5.221197417299416
service	5.172119811701021	5.014880153354937	5.29380244735078
height	5.051713753353713	4.867448023209312	5.053044191687585
prospect	5.137359828018675	4.994831777647199	5.172602838578518
pleasant	5.217715809075366	4.831319079998836	4.978343610606058
shade	5.109941247987714	4.838878806354382	4.953604886569004
listen	5.004303568236151	5.064970095916155	5.034436671273441
mighty	4.978002619324479	5.028034619940621	5.0813439377434015
country	5.102997076933429	5.01196411680084	5.270365272892313
title	5.209365467117599	4.965552547892283	5.345352171680944
choose	5.131334181916396	4.944060738037725	5.2151831544279865
village	5.129346555859227	4.903391772603774	5.084188915388026
acquire	5.203073026154764	4.967480944385578	5.298253577576348
rank	5.121338144460154	5.05811582028934	5.280988140419204
bow	5.042362253106445	4.960712943963327	4.997095142380006
doctor	4.993533160142853	4.975140345348218	5.007367125401666
talent	5.233252538699375	5.015696904472253	5.324380995833748
source	5.149661611718589	4.9711909674528325	5.24997690507183
lead	5.036519821067003	5.029273557355426	5.151157157739495
question	5.040285499610682	5.039540763539825	5.261603038279626
publish	5.224672815694981	4.934258048812424	5.335988878020344
interest	5.136209769689287	5.037376545083973	5.297583611888672
serve	5.040341467111878	4.95709336790529	5.097089267222216
divine	5.111773458293888	5.015218551329768	5.245938444749468
put	4.943204771940079	4.917575944765833	4.9554303837135105
shadow	5.024099370038199	4.921158880936527	4.993504184394149
practical	5.161229810610399	4.973946099466805	5.323692435920714
surface	5.0409874160908945	4.799034726677334	4.963461935799964
account	5.081987946852643	4.980690080329338	5.200010928334428
loss	4.932113414817561	5.092539254716535	5.131176599902368
indian	4.957256526648704	5.033749165458165	5.121347479200732
vine	5.11440556448814	4.781883548775495	5.010796370920269
certain	5.027126033355679	5.02143588409673	5.203061658493124
sin	4.844870480949209	5.123729118137871	5.081342486344594
necessity	4.986418616984093	5.077471870341483	5.255154192397965
lose	4.964532245439957	5.054225005434418	5.056943944584165
private	5.0893633453933935	5.055689103469964	5.289517347877288
gentleman	5.138628261237022	4.953751105264434	5.1292447063364675
daughter	5.038634430624149	5.048081137631789	5.077728549230105
drive	4.8187001894754	5.092284053095293	4.963976410942192
strange	4.939814276166451	5.039553575575319	4.959542801375785
journey	5.122136854020482	4.9386757081785495	5.057445761410543
uncle	5.10217538842022	4.931557154804211	5.024773072885642
species	5.029491608466211	4.93336632332096	5.1345619746892375
think	5.015101778675703	5.021549057782749	5.066320727565932
bed	4.973904357720888	4.8286330142307134	4.822375499481307
wind	4.9095520354706865	4.953175619234779	4.888047921709798
bless	5.064070711104358	4.960445726880149	5.014451370437532
destroy	4.861792180183697	5.092114368473787	5.108516044210352
author	5.199213729241672	4.983153885369825	5.286274021702368
sustain	5.030694327708363	5.054193908919349	5.257352991905737
black	4.9448820624813665	4.856716318535001	4.859723173235071
event	5.0640883690329455	5.088175692357705	5.267287289253553
liberty	5.058884880647543	5.111563609675574	5.31775974247707
negro	4.927543388460348	4.9615483331630035	4.986365734112519
little	5.090151261558012	4.8900585168069055	5.0056817802310105
fortune	5.071830522255632	5.073618220914226	5.16908481485483
touch	5.03299676444644	4.970487244230907	5.015719719723847
kill	4.759636639052187	5.083244125667161	4.898335832940094
feature	5.095827432633493	4.945768772668769	5.099470708543843
happiness	5.103347909016726	5.072819702931732	5.222062442342994
assume	5.064775307633953	5.028300147432104	5.214632843586125
notion	5.055753536245512	4.979781112980542	5.1510284712355086
purchase	5.1490969693434625	4.878214321411383	5.16166483838508
faithful	5.124911253165481	5.063872280755253	5.238139201565795
soldier	4.901884382169643	5.159656014601172	5.100132760134105
father	4.977985725609198	5.059470516066024	5.063872186861153
narrow	4.981355012886775	4.898121818221569	5.00970691189665
great	5.098211951465452	5.003122980794073	5.2378022764903385
tear	4.891388821794471	5.0055272819252865	4.883477907362122
honorable	5.126856211746481	5.116202002114111	5.362975320768275
previous	5.084953299123005	4.971404997472279	5.203785859663311
good	5.07940713514113	4.986976796497663	5.121612549656198
domestic	5.13578079801679	4.95221275777891	5.18782650110837
glory	5.14018732297335	5.011783731802525	5.189358994519514
lay	4.979754958358924	4.902514492228796	4.96614007332776
occasion	5.055218540143315	5.05606401745598	5.2088106626618975
guard	4.8939141141653595	5.118847111121115	5.0964132518156315
whole	5.05016793542468	4.950623584009565	5.149843063196714
mouth	4.957155357282973	4.875173572385664	4.86339689347969
receive	5.131866845096699	4.9815600625144505	5.226576041696361
take	4.997174495330763	4.975294040742444	5.065081997526956
simple	5.152505534504125	4.892457076213991	5.145805385540711
error	4.962212628719314	5.0971953587498975	5.248630386489902
wisdom	5.085090391590343	5.078414296035475	5.268851708808191
rock	4.939807184729396	4.895921414394869	4.909884156787782
decide	5.052249354585837	5.074352552245308	5.301460198146807
exclaim	4.898633245618897	5.059496561988554	4.9104072320448235
assure	5.054826378255549	5.0673894724106345	5.163588827148277
sign	5.025934992574074	4.977125231828448	5.123093021230682
preserve	5.1111955404502165	4.925940218333953	5.167162569789249
commerce	5.112509942180192	4.972275681748851	5.273915440981929
plant	5.09150401669337	4.7925013178096325	5.0033061964876335
walk	5.1080057755847985	4.857180773813183	4.927739816214044
difference	5.0670263315967645	4.948568872819091	5.200726531699408
hang	4.934368634478036	4.887080668269493	4.840275783701778
following	5.229081509722928	4.871068433859391	5.240707784899138
employ	5.11405503278225	4.919850841687863	5.199283995168361
