deal	5.084104411960114	4.992343563125942	5.128049322752069
study	5.315372916275287	4.894796118671169	5.273113233416027
afford	5.216661799162346	4.930037634792698	5.23954573038747
service	5.230009329582352	5.001339313327117	5.311000315701293
height	5.09996019183892	4.865208108055432	5.057616835756789
prospect	5.199214728177409	4.982702391106701	5.193292665185199
pleasant	5.268563609549369	4.828568124865616	4.9901652714611515
shade	5.15987334663271	4.834961367989833	4.963292032842353
listen	5.071319516366837	5.055064734191436	5.059506355054726
mighty	5.045009865043502	5.026332607829995	5.103993114525644
country	5.164098644102438	5.004587412494675	5.296129792937397
title	5.269005247742344	4.954085128886495	5.36513320274749
choose	5.189842096545366	4.935710384335437	5.22592843337169
village	5.183108460769889	4.892250299912646	5.094620265256401
acquire	5.255035059654425	4.961262957417249	5.322153431735528
rank	5.175419352238015	5.050507383607489	5.299950193735724
bow	5.095426678386365	4.950684795238308	5.003029702124338
doctor	5.050476062791997	4.964946735960473	5.026151641778695
talent	5.28569062569653	5.011491321328196	5.351048654934462
source	5.216071950983449	4.960405871712843	5.277221865398698
lead	5.098794154177337	5.017138325919804	5.175606815889712
question	5.109533262062002	5.024609322057453	5.291543593252295
publish	5.290532539374434	4.9288943320234315	5.368229154374551
interest	5.197326159558417	5.0267239934934995	5.3233751756451815
serve	5.096961264118356	4.950979942085362	5.1124436605387915
divine	5.181861486414971	5.002710644355819	5.272858624433332
put	4.99745024629546	4.910031060266498	4.9609556112997675
shadow	5.085251809110366	4.9119067451422715	5.008158831942297
practical	5.223210603183866	4.964264452819175	5.353765084719722
surface	5.094903373621739	4.792807058166546	4.969759123067221
account	5.143464063660271	4.968765083240237	5.2243885967693044
loss	4.990215126887076	5.0807932667178655	5.153437604979738
indian	5.0203348695193215	5.017408700717049	5.139265217216105
vine	5.163976589437184	4.772958247903438	5.017425642124028
certain	5.08876959159682	5.0106900335606905	5.228172856017339
sin	4.916769678590995	5.110905845087405	5.113432625039205
necessity	5.052147643959279	5.062285647247191	5.282557965351408
lose	5.02280397758986	5.047068208220157	5.0786773632674835
private	5.149497016108652	5.045740370670553	5.311615542520468
gentleman	5.1906475322235535	4.941228880745605	5.139438556182131
daughter	5.093304946662461	5.034207558877641	5.096278445321192
drive	4.881930041252982	5.082097680677753	4.9828899626302565
strange	5.001854007903379	5.032932245479448	4.9869872407380536
journey	5.182695235030753	4.927083027007863	5.079409778768947
uncle	5.158884311989754	4.919569890554514	5.036377468826695
species	5.082695786637843	4.924413308650944	5.144602503161052
think	5.078695327806762	5.013601872889502	5.091718523660914
bed	5.030017930131305	4.818654057032687	4.82867864151063
wind	4.975604077840882	4.944128229731262	4.904085009439045
bless	5.130085153418689	4.947535462331011	5.028008956734886
destroy	4.92340304401414	5.085295789981773	5.132701364569544
author	5.262457057829914	4.97808486747836	5.322202886768402
sustain	5.090988389660483	5.045491296408448	5.281973690042188
black	4.991350066493502	4.851126085989289	4.861620281141035
event	5.135078121650687	5.0817052149023745	5.308182088052097
liberty	5.130034888467188	5.1063451851137724	5.350870939993601
negro	4.97781506154377	4.944135959797439	4.99372927934111
little	5.140272461657876	4.8838637751186464	5.01776893487906
fortune	5.126577332628508	5.066278695643502	5.194805248491623
touch	5.091198744750385	4.962944589342986	5.031887897500395
kill	4.8264557203675285	5.072683978031442	4.923929143197918
feature	5.145474731836708	4.940165280743928	5.116001478397733
happiness	5.171795296059165	5.060437381860472	5.255584937381812
assume	5.1215723562344655	5.018505365363011	5.232860325049248
notion	5.116475777283473	4.972088130300079	5.175883445877411
purchase	5.1986873296852165	4.858907600952362	5.1626070622323
faithful	5.188660369122046	5.0504874390524135	5.265170330278373
soldier	4.964320134642625	5.150693716769128	5.121689729146526
father	5.0394039087474365	5.043329352580312	5.083283739606392
narrow	5.035969606718718	4.8892528650783	5.0191543157127105
great	5.157555717331375	4.9992900244265845	5.262620227715772
tear	4.954823151728925	4.99766037453627	4.902851088709315
honorable	5.189852046207152	5.102908535013879	5.3921599608196775
previous	5.146704170979555	4.9606091086786614	5.227727946669608
good	5.136487150515726	4.977077498949961	5.138707996052207
domestic	5.190792383408913	4.942559814359762	5.207475091593325
glory	5.204019859362311	5.0129884466198025	5.213356908517015
lay	5.034314100218499	4.89409939483013	4.9734048569348435
occasion	5.120883558599654	5.044845487517298	5.235822104129069
guard	4.955783424489626	5.1012000920369225	5.111619514723836
whole	5.108602890978127	4.945684894435208	5.166394866026999
mouth	5.012672019591446	4.867884142332371	4.867226212129102
receive	5.188568446018111	4.966560266169845	5.239696590572236
take	5.055521218138541	4.963889532548021	5.07867462624873
simple	5.204889547306571	4.885581447856959	5.1613787507464135
error	5.030417887315401	5.087389213535285	5.286446461459099
wisdom	5.151260952079445	5.069772672389979	5.299828639515111
rock	5.00357652190405	4.886283482771009	4.920172763120203
decide	5.1201075994067615	5.060632176464358	5.330921573214265
exclaim	4.9589166881778475	5.0453889681591475	4.924087766802228
assure	5.120992899171112	5.051809593894075	5.187451964383814
sign	5.086893474530223	4.965397502803004	5.138169139824359
preserve	5.167672150390293	4.923116910111217	5.186758963928249
commerce	5.175406710461157	4.958707445291916	5.293001257004636
plant	5.140879567901491	4.786012214890445	5.0115744030357705
walk	5.158261784772606	4.850584886700196	4.934655215582098
difference	5.1244719533025265	4.9384677808623065	5.219898775228462
hang	4.984399530186856	4.880379049666551	4.843217166182058
following	5.294438437130306	4.858001525042904	5.260238524037968
employ	5.163918714662584	4.910355088324039	5.213100833537114
