deal	5.0338170598620975	5.0095748726237	5.117087341390332
study	5.270016081930293	4.909087437534439	5.2559477182369605
afford	5.167689403718761	4.947487623388062	5.220745331963851
service	5.1608009955168	5.0341880805503685	5.296031394238999
height	5.064027138564921	4.8714306579545745	5.043252669061505
prospect	5.142197568637487	4.993075534178676	5.162386176947436
pleasant	5.225348819022575	4.838649568569162	4.973130526968997
shade	5.1266327901786255	4.842217743499377	4.945326959593019
listen	5.012904375325396	5.072795794416893	5.043835450743346
mighty	4.994144907111909	5.031220968847099	5.082390343228014
country	5.108147167485292	5.0184954627882865	5.271830657351893
title	5.2099291518972555	4.9849872578412775	5.359120576623342
choose	5.120053224474851	4.964472916078157	5.2132354719013945
village	5.127362298231675	4.91076012634443	5.077032761572578
acquire	5.209880825523535	4.973401219951842	5.302833538275005
rank	5.123575711339523	5.067449963533797	5.28187015053211
bow	5.0467951990682085	4.967122230999081	4.989592478331928
doctor	4.991882306245384	4.990690357732627	5.018185064212931
talent	5.2395365884044836	5.021131953152582	5.330905688528748
source	5.164345070135893	4.970314341967875	5.252330164476678
lead	5.048141802846808	5.03074457774685	5.154692063151176
question	5.046452102025626	5.049606073139411	5.27636662074228
publish	5.2186219520548445	4.951866010212936	5.350363433706162
interest	5.13699008679992	5.043383435391356	5.299144495153356
serve	5.044776817954127	4.9739567626108325	5.102910713094906
divine	5.128362597170133	5.021008455851989	5.253517302529708
put	4.9445485055074085	4.932872171623307	4.957029875809022
shadow	5.0439234303772675	4.919698024917261	4.98836271629215
practical	5.173476896924227	4.9782652793175535	5.33459378492986
surface	5.062206854730601	4.795089408692059	4.951713470406931
account	5.082775716468502	4.990770238737623	5.2094953623877505
loss	4.92243942064756	5.105416745576124	5.136273379398275
indian	4.960758967402056	5.04021263542958	5.125992381526375
vine	5.124554821683294	4.788351602939588	5.0025797267911445
certain	5.037285244685951	5.029803215129302	5.2133807698702626
sin	4.854819542740801	5.1381533644578585	5.099545040954434
necessity	4.990728659487256	5.084138252477714	5.261989138866497
lose	4.966857837901252	5.0637502347832	5.061576858690094
private	5.0816646711816675	5.071942901306422	5.292617830409575
gentleman	5.137636166036668	4.9679731197444985	5.132836260798157
daughter	5.03151347297002	5.069556898033187	5.085898918699758
drive	4.824911331708032	5.098485068265718	4.965472073743538
strange	4.957280079830191	5.048353307176882	4.975617145616378
journey	5.121140782504398	4.944223287231482	5.057350402258047
uncle	5.0911949030641725	4.9485835501947	5.024713522441467
species	5.039444541273821	4.941246076800606	5.136541636754399
think	5.021823349357931	5.034089368160891	5.078635950952178
bed	4.980158947652067	4.840971307933238	4.8191736217508385
wind	4.928482512846081	4.9508903001813085	4.884574990670954
bless	5.067811807848441	4.97722318451318	5.017860581155353
destroy	4.869329882326022	5.105061052323998	5.116929977775659
author	5.208891822151368	4.9937808240846735	5.305941206534855
sustain	5.029304370954612	5.05984169875966	5.254162910116289
black	4.9535478183508355	4.868407248889863	4.857246083403338
event	5.066208447585878	5.092276577931011	5.275089599451478
liberty	5.058376930841781	5.123054704701624	5.323070346259999
negro	4.92798487756867	4.971977247388124	4.990291871459559
little	5.097207874573814	4.899863062835701	5.007758441731502
fortune	5.0728506673970095	5.085737339852467	5.175830152758198
touch	5.044618493852907	4.976384165110799	5.018279811540955
kill	4.760853523377135	5.103463559613137	4.920158788364917
feature	5.109897107064642	4.9461666216054985	5.093630157896804
happiness	5.1125317903360195	5.077570951172099	5.228970733675211
assume	5.068652808545041	5.034124489554746	5.212888565906324
notion	5.071961793651064	4.983718782902679	5.164232230614404
purchase	5.142278723267251	4.896143403019132	5.159305197262373
faithful	5.121395766648138	5.078043177802924	5.24449210734617
soldier	4.9012822857910905	5.174672762438758	5.108586783679099
father	4.972912402127482	5.07775230942617	5.0714576805352545
narrow	5.002209338043787	4.897108838537991	5.002304780948746
great	5.106756797860735	5.010632941987468	5.242938147423995
tear	4.896333497345489	5.016572045328324	4.886206807339635
honorable	5.120249000097694	5.130507865462402	5.3702289700576005
previous	5.076488859529329	4.980811372480284	5.2030058133331885
good	5.083585099172709	5.001060007999138	5.128421674009925
domestic	5.140004130369066	4.961725216615086	5.189368020453115
glory	5.150982234214682	5.017066155361202	5.186427515656352
lay	4.985458296063016	4.911851928239935	4.96066347818983
occasion	5.056480880245076	5.062187401400018	5.213806811281054
guard	4.893173677469972	5.129639325312016	5.098010225658301
whole	5.056786501572027	4.959281893848856	5.149315526131261
mouth	4.970633685257614	4.879204842368777	4.858121380794881
receive	5.121659448370581	4.996990218794331	5.226213256746992
take	4.9928469616170705	4.988520589452285	5.065772480019799
simple	5.167582572777566	4.9004430804229715	5.150897203691224
error	4.970254183179328	5.104424932597876	5.265386787979079
wisdom	5.099637192281196	5.085505518236708	5.280282525881727
rock	4.960613810349375	4.893771065162871	4.903913043354103
decide	5.051727974123665	5.082465840070568	5.309123672125799
exclaim	4.903643328653078	5.069191852898424	4.916778407804043
assure	5.0582331238255325	5.075485184251046	5.171128074423516
sign	5.0276513603736745	4.989887006356023	5.12795921508855
preserve	5.116496196955412	4.9360043000755836	5.165727643841957
commerce	5.122415567892358	4.974681716282767	5.271600884461633
plant	5.106386355202578	4.8009601927005505	4.999885208219043
walk	5.115858304795793	4.86568245161949	4.92366572345822
difference	5.077705032634649	4.956277296700587	5.210874275174386
hang	4.945779580262002	4.898141723209168	4.837991399497586
following	5.220165560491005	4.8841684726377155	5.241384305481488
employ	5.118404946847963	4.92950036956118	5.202526789572095
