deal	5.063271390990449	4.991074960179118	5.112484452660278
study	5.284603309147051	4.896083887323198	5.247326014496312
afford	5.194750453483085	4.9330104828267265	5.2204830943190945
service	5.194993490322883	4.99620043862122	5.289992832423296
height	5.092186230179339	4.854712111419131	5.039659844618969
prospect	5.170887768726504	4.979946211821816	5.167259568379349
pleasant	5.249753573853869	4.826057145220883	4.978229692066632
shade	5.141683360334528	4.832684958079505	4.947034097285562
listen	5.041728748316239	5.052377899922267	5.037157739271863
mighty	5.029905996801736	5.021919985489788	5.089933836586076
country	5.13861094475969	5.004028523545998	5.276475673445793
title	5.23464691595133	4.949132887509999	5.342353284916543
choose	5.157753224586449	4.928120751315743	5.2054830760509025
village	5.167630866258981	4.885815617029327	5.077565372070516
acquire	5.233071872300919	4.959793984114046	5.305963990201546
rank	5.150476029901772	5.038939826968943	5.279705601481179
bow	5.077194099053343	4.941764930306977	4.9904570548126275
doctor	5.02166873535611	4.961645339490957	5.002075345278451
talent	5.257573961945484	5.00584729219719	5.32704213670516
source	5.183804043087434	4.9707116453880165	5.256120183187638
lead	5.076948619584124	5.0133529746297265	5.15509147739199
question	5.076215945040651	5.0281008873597655	5.263161810735301
publish	5.25148073431034	4.923788162715349	5.329559278403979
interest	5.163459526742083	5.027666334833244	5.297989499129837
serve	5.072954212216262	4.944979653805207	5.09741817419402
divine	5.140091422792431	5.013020600349461	5.249495600446798
put	4.985065286338438	4.900598026276071	4.949485458270258
shadow	5.064270517008145	4.90978855555148	4.987323219361541
practical	5.197704721689284	4.968949441720727	5.331750267440638
surface	5.0874134659014185	4.791840477700757	4.954242466514865
account	5.114019504473738	4.968531074409821	5.19659577486831
loss	4.955366637876352	5.082061062318824	5.130056286006005
indian	5.005801570268867	5.012132086357057	5.125861644851961
vine	5.145750576360227	4.771896004758607	4.999083324134757
certain	5.065556929810387	5.012457241820394	5.208669758129551
sin	4.8698801823869875	5.120819564186961	5.0899727034315
necessity	5.023183405117047	5.063361506880437	5.258038881326318
lose	4.998133301318235	5.045368850585924	5.062380023824546
private	5.115470316279554	5.038829065037979	5.2847134788281345
gentleman	5.165394804709134	4.9307910050981585	5.118608136042241
daughter	5.045194005790902	5.029059101607978	5.070136165080112
drive	4.8711213071267405	5.070496244576059	4.968640752878615
strange	4.980084470250714	5.03238099378697	4.96894148953649
journey	5.158489155318402	4.919266053842032	5.0522430191949885
uncle	5.121486128675472	4.911961367184885	5.011838890604931
species	5.072580603470107	4.930181027824103	5.138331423736888
think	5.04560770010901	5.012737123036532	5.0692400125160075
bed	5.008043585726333	4.816078000838343	4.810255895545517
wind	4.966746346182146	4.940000853161389	4.890983038893656
bless	5.087744605423641	4.955440411384984	5.015913983398742
destroy	4.899873188411948	5.084707367320121	5.11836681971999
author	5.2253211444905405	4.977337114571425	5.289885848206296
sustain	5.059439529700191	5.043110153336471	5.253919942467701
black	4.985535305594656	4.839595740612227	4.848256061659204
event	5.095193997872191	5.075137740994354	5.266426565875976
liberty	5.090895970563587	5.098094304043484	5.323638138197865
negro	4.9732696151771485	4.940645801025757	4.987222040160105
little	5.122939879937588	4.880184577961052	5.004515302879581
fortune	5.092807367099108	5.057960728847454	5.172012850158905
touch	5.066169664236886	4.9622725330154065	5.0150699135380545
kill	4.799335177572734	5.064166044402551	4.9046999649566585
feature	5.122854219036998	4.9345969726863474	5.088505721672677
happiness	5.122428382538863	5.065567517570806	5.2269634338687325
assume	5.0974565676096875	5.01107507136082	5.20837319483829
notion	5.097431394423901	4.969172471024091	5.156961452832196
purchase	5.176214869954386	4.86258481257938	5.155384791068247
faithful	5.143825418999577	5.048686666537115	5.2384937032581345
soldier	4.947278572236198	5.131441755152555	5.104668167644282
father	4.994745560707858	5.043519442272948	5.060351298324961
narrow	5.032321469193889	4.884642096951472	5.0070890451316705
great	5.135186140913021	4.998004118851717	5.2421726963947615
tear	4.91908514772122	4.99824840165323	4.883416162824768
honorable	5.146097672517673	5.096851999703171	5.361202471055856
previous	5.114253860443435	4.954253012786502	5.192264741637094
good	5.110315416984905	4.977001687797109	5.127360829939623
domestic	5.162499631776297	4.947424725723602	5.193107856762683
glory	5.172569880011149	5.006146807214608	5.1915135921357045
lay	5.019239712719807	4.889500443062269	4.960553018334296
occasion	5.089848289231189	5.0394696043033385	5.205980473532556
guard	4.937920230439122	5.086805323420536	5.093215029006135
whole	5.091978680906619	4.943445299874206	5.149206168989862
mouth	5.010356388578722	4.859558162590278	4.857473043023261
receive	5.157927700223642	4.967569710872575	5.220296950224238
take	5.032695381510557	4.957309721943509	5.059502042286746
simple	5.184572775218597	4.8912974837723775	5.148584911922907
error	4.990827015468427	5.091301763060197	5.253412942007559
wisdom	5.115984111309697	5.073732554226056	5.279400124541796
rock	4.996640202992996	4.882088435470239	4.906729483331347
decide	5.0867310546105555	5.054253876790081	5.296788676531346
exclaim	4.93833705588183	5.039498121595788	4.908903481216587
assure	5.0886941879205105	5.0489005480542035	5.162838203365089
sign	5.064585292871808	4.96385983685635	5.1177187529901
preserve	5.138765969678691	4.9178477206461	5.16446801856429
commerce	5.159070911501077	4.962258988609277	5.280592285391579
plant	5.125722103972886	4.787899448813	4.999607319690974
walk	5.144559949052251	4.841390688266223	4.920358451571846
difference	5.101488426235774	4.943044305417019	5.204494439578559
hang	4.97313901568706	4.870954059613442	4.8309542393855125
following	5.258633423438842	4.857293608296419	5.227005053540609
employ	5.154963025735742	4.910081309332896	5.201961044572308
