deal	5.020171734158246	5.017259440662859	5.11109594144364
study	5.254060007861878	4.922021762516142	5.261873878277509
afford	5.155891335786012	4.954569705492195	5.228360113205869
service	5.145586006658943	5.042584706099422	5.29270977103576
height	5.055300225891183	4.8617180439666585	5.044330152617499
prospect	5.140013474016955	4.998426721372626	5.176039822354495
pleasant	5.227209818142893	4.844015612918845	4.982496110299049
shade	5.11794184861626	4.846761186103375	4.960578093553918
listen	4.9986824952487074	5.098267707883067	5.048858900310914
mighty	4.988377149575331	5.038140387363753	5.087809816896094
country	5.095484230909833	5.02324538597818	5.27863497476854
title	5.190598160369815	4.984458318473839	5.351817323090828
choose	5.113252696048144	4.9635378151011675	5.209761894312959
village	5.124672312885386	4.909964221572708	5.077033826031539
acquire	5.194749917502997	4.979153821354001	5.312592883945942
rank	5.101133243338105	5.073972463867154	5.284265681751553
bow	5.030286809971243	4.979255061934491	4.990295081799783
doctor	4.978083156649606	5.0061823052497605	5.0095801744131805
talent	5.221432433740294	5.030927450027039	5.337303136904807
source	5.154659228300128	4.980068606270168	5.269251720396495
lead	5.030221953577655	5.0485739809284285	5.163817953676085
question	5.027236752890043	5.062196575780363	5.275254572199395
publish	5.209110143106236	4.955967611389466	5.342626388852677
interest	5.120518107644483	5.05595215184519	5.304269776116195
serve	5.0300730146065185	4.982258440580746	5.101884481237335
divine	5.108075619969089	5.039171712325413	5.267030701458371
put	4.937296887835367	4.938140644853533	4.9473401486964415
shadow	5.0349997693474045	4.926023714317977	5.000651833633429
practical	5.153995268011696	4.986557998033963	5.337945734060189
surface	5.058541779225527	4.788702820724286	4.960743238414175
account	5.071706807860266	4.99515829298818	5.202802535163468
loss	4.917153874614838	5.110488537718628	5.135409839004312
indian	4.947829368655484	5.043368006732703	5.124475505351932
vine	5.121933251351035	4.776467786851055	5.007466575317907
certain	5.022029533499831	5.038572923524095	5.216964053769659
sin	4.833152923656857	5.157159730721145	5.105437159843328
necessity	4.97484217140584	5.096112228377958	5.2686198208182
lose	4.96380172043027	5.072621880972631	5.068294664424672
private	5.064196460730924	5.088800505791012	5.292631947146223
gentleman	5.118046949540403	4.978217003109733	5.1227789329802
daughter	5.010607819007478	5.083235285723986	5.086567983190666
drive	4.818406149250802	5.106037948289333	4.966149665765814
strange	4.944164726878903	5.0642840246805125	4.9787986670208815
journey	5.1235804072184585	4.951481207084965	5.058131537201463
uncle	5.082465634406896	4.954539013986215	5.012295504442685
species	5.033190526994718	4.937520727151551	5.13455418568312
think	5.008819056692257	5.046061919772548	5.077477925026382
bed	4.976504430874102	4.847833689157311	4.817396427364559
wind	4.9272853058222505	4.951748440139302	4.889268068426966
bless	5.061482064463423	4.987533259829851	5.022395483512652
destroy	4.856716189507353	5.109351996930513	5.122692332978981
author	5.19042385220021	5.004937295881661	5.3058397818505
sustain	5.01631062830383	5.068788794170517	5.263261892689932
black	4.940621067913316	4.864061979367263	4.849524709842108
event	5.056853812608164	5.105667740593278	5.28319048509436
liberty	5.043704473701586	5.133375121015145	5.332677775898569
negro	4.912106533274208	4.973694519044985	4.976982496771012
little	5.087176178689031	4.906235841186083	5.008166274537957
fortune	5.058791552758379	5.094737806792421	5.178507970904239
touch	5.028241664770233	4.9929569391843485	5.025106439812458
kill	4.749563130171189	5.103005999988115	4.902791642343448
feature	5.0872422019881025	4.9562769771569934	5.104599689495482
happiness	5.097448733508408	5.095597828558567	5.245770477501105
assume	5.051830562647717	5.0441017481816095	5.219193611636295
notion	5.053109612612837	4.989809797843547	5.159627533729491
purchase	5.137909526714234	4.894385793036757	5.153872134547554
faithful	5.098954820654565	5.100088069620536	5.250852747835219
soldier	4.8839074548712755	5.186777039027068	5.100621352063913
father	4.955708309423264	5.09568961245272	5.074805250632115
narrow	4.988345504885506	4.9027849031181425	5.01127924152419
great	5.095360921158333	5.01687193749717	5.246839208394681
tear	4.888551570912396	5.031913493606493	4.895319431523083
honorable	5.097452143927944	5.145441519156696	5.3732198371360465
previous	5.072934492878876	4.9867774788137815	5.206907169816873
good	5.069784725276947	5.010017987245687	5.129142747595939
domestic	5.125336491028945	4.973621117975558	5.198467083375009
glory	5.148292084264142	5.021308154405317	5.199322977779365
lay	4.977267370762192	4.920634297381605	4.964166486412215
occasion	5.044761404340308	5.0776140189281715	5.216272563059513
guard	4.870871370520204	5.146360730395129	5.093665963650406
whole	5.048745338929935	4.962332135650728	5.150737772593225
mouth	4.9615645384158436	4.880951254111365	4.853255751452311
receive	5.11342103043024	5.005443255492795	5.227796009977743
take	4.985123297803603	4.9984444432118496	5.064900057713122
simple	5.149346090217686	4.911270197841474	5.157415805304383
error	4.951190177624841	5.11671155826538	5.270275443027323
wisdom	5.079697820951824	5.100909663137941	5.291035601654216
rock	4.955602136950915	4.892185648415371	4.906577640501796
decide	5.035318420981476	5.092889529743715	5.3102891062319975
exclaim	4.887117821868991	5.087295470012929	4.910696707684501
assure	5.044854403333322	5.09145093449027	5.173740605892061
sign	5.015727779108477	5.001343109818773	5.125480760008833
preserve	5.104661121504409	4.942316676155819	5.175431375814731
commerce	5.112689275705024	4.975872543160347	5.276113605221849
plant	5.098059450372187	4.7939349685266	5.0073242366925115
walk	5.10969149035253	4.876276068980222	4.924377995815884
difference	5.062822545238519	4.955762489769748	5.209457751483783
hang	4.934553886173841	4.900305121880779	4.832870624753546
following	5.2167256610001775	4.886338735402873	5.237286266042213
employ	5.104038819813409	4.933876769945313	5.1983270614841
