deal	5.04768182315377	5.017044630170997	5.104394255910874
study	5.264434982409117	4.926669219106308	5.245562765281586
afford	5.171640133015293	4.950252664218567	5.214509739459399
service	5.184466521897727	5.032542647685085	5.290859951763551
height	5.048507199892242	4.874431125186516	5.024019721626317
prospect	5.148453581325879	4.99912406412308	5.158512406304833
pleasant	5.2183649811506365	4.855297991648615	4.959967526993639
shade	5.108413061562025	4.858269677971923	4.933281539066192
listen	5.016100177131383	5.085047859024238	5.023897514753539
mighty	4.996291845500331	5.044418929037421	5.0680072504373825
country	5.1168638290646005	5.023057257032268	5.270651301838274
title	5.223713265200086	4.982068970039631	5.3548777279057385
choose	5.137019616244795	4.961974061708931	5.201675693615836
village	5.132269404849822	4.913311374224903	5.060134912710803
acquire	5.207000627681695	4.983006261559938	5.300490171304501
rank	5.126891154140673	5.078427197035827	5.273321887721129
bow	5.044224013621734	4.981252343925324	4.974607631233361
doctor	5.00498976371767	4.99833438382463	4.99743283120869
talent	5.2388287335319275	5.0402245193271495	5.326426301586486
source	5.1623835267263996	4.975279780373942	5.250964013229457
lead	5.048767352754233	5.037400558815003	5.139727499312714
question	5.055121674820601	5.047948101817801	5.263575166598344
publish	5.237140805126246	4.951141390543777	5.342721604550566
interest	5.147254432096881	5.0458609466906745	5.295955727860832
serve	5.052445632341416	4.975385982276427	5.0900069702212765
divine	5.125018348941212	5.032685021164893	5.246414490298292
put	4.9589704820123615	4.9288583473309	4.937132100644257
shadow	5.031223896191034	4.932279809623458	4.974310089799012
practical	5.170618288869575	4.986031056593022	5.326638559653921
surface	5.044371198260268	4.799615293306075	4.939498072717462
account	5.09627954061599	4.98586417838927	5.197527911895123
loss	4.949146042862669	5.091986074932463	5.129446956406025
indian	4.966054593430641	5.031626089360368	5.110743089255233
vine	5.118303957608389	4.789050197921059	4.993550466529024
certain	5.0380008749692555	5.029892249836003	5.2016946987528065
sin	4.871270225854716	5.141953927886726	5.089871708573489
necessity	5.001884289295636	5.079768597308856	5.254912351711139
lose	4.9789401424294155	5.0643579545807444	5.050307078955731
private	5.108407663185908	5.068825753198019	5.287486083093696
gentleman	5.15018872158544	4.976512211712255	5.117642941330016
daughter	5.049769902506376	5.074071796148537	5.077016416489267
drive	4.840807708280377	5.094950933668441	4.948304671645822
strange	4.953351655502941	5.059531427163538	4.954971323310045
journey	5.132217590398329	4.942984688725938	5.04100811113169
uncle	5.115445794895528	4.949660128883178	5.01250756886578
species	5.0408953647600825	4.9338744232606935	5.127045034546516
think	5.031951032145527	5.042562534085587	5.065186227572935
bed	4.984345028749559	4.84539123669062	4.796704427788857
wind	4.924022370091418	4.95504988861463	4.867415879398062
bless	5.0848885607464025	4.982749915160402	5.009793965924027
destroy	4.8827495912454175	5.101362954404007	5.109435273200491
author	5.210081305117887	5.005523884072226	5.2961641270981605
sustain	5.039987466713342	5.061855323821941	5.250604775587125
black	4.9446531881291325	4.87419172498682	4.832944493445721
event	5.073641532485311	5.094868933265705	5.266463277840907
liberty	5.07546662092534	5.1285429358557835	5.322448039309925
negro	4.938743666883483	4.968117526270274	4.966796433989918
little	5.095507284305299	4.9090168723166885	4.990656767845807
fortune	5.091703169449301	5.089882303934527	5.172163348939912
touch	5.038770210257998	4.987705498201716	5.004331619443025
kill	4.784989260092452	5.091928984770469	4.896904341136485
feature	5.0872003716670875	4.96455868142073	5.082125613530803
happiness	5.118990689255808	5.087232379947478	5.228551483632086
assume	5.065016376046424	5.040587497556964	5.203615816572606
notion	5.068512507192642	5.0000756844885625	5.150466148476495
purchase	5.172011664652001	4.880732435358286	5.157388433651683
faithful	5.137541142749829	5.084980452805581	5.237164047973085
soldier	4.920959624890254	5.172618296091023	5.088191085733642
father	4.995592587546663	5.0798717205839266	5.063894489477527
narrow	4.990878836271885	4.9020550032707995	4.985549913757524
great	5.1083210242147405	5.015273745010907	5.232562579335882
tear	4.907265135686606	5.021396203862176	4.876768992122325
honorable	5.14599337227697	5.133456939830131	5.370508960683777
previous	5.086366695343785	4.976054193551436	5.191967773456954
good	5.097718612310579	5.00707066222742	5.120959670359848
domestic	5.142472721075328	4.969676074083995	5.187960078188469
glory	5.152989666922733	5.033499332140496	5.182926020245834
lay	4.989415479367017	4.914225081849556	4.945808188431121
occasion	5.067247363588411	5.065716504428715	5.202687454727238
guard	4.91386951586505	5.123991787974897	5.080292558920264
whole	5.05671803371056	4.959723684062945	5.13380911967065
mouth	4.963945132483858	4.8813545117183414	4.83598233401266
receive	5.14147007764866	4.988927172144218	5.219477601651764
take	5.010670258370922	4.984479919149324	5.052252712738382
simple	5.152952501690614	4.914484463413684	5.136344976923128
error	4.981474799477327	5.106028849648905	5.258591523992651
wisdom	5.100822914762376	5.097549818694988	5.273033364254391
rock	4.953750072951425	4.89713388229851	4.8842823287473225
decide	5.063985356975499	5.081203467022057	5.297806709998242
exclaim	4.91546873139673	5.074433614295408	4.8952753684467005
assure	5.072843910577816	5.077788276564943	5.160713622161217
sign	5.032455730504863	4.988526649213281	5.10918527675443
preserve	5.115827738158446	4.942471956829905	5.163085969381487
commerce	5.130686782749527	4.967625067709484	5.272620704257019
plant	5.094538569287851	4.80554379349134	4.988409277998558
walk	5.112856833737373	4.879337179996459	4.900034720976397
difference	5.075435665863788	4.956239699257563	5.200281955821645
hang	4.945232334514317	4.906079088108159	4.8168773625552115
following	5.230242333271718	4.878710632002308	5.227849507233682
employ	5.1206835059917255	4.927828880403698	5.189391000317188
