deal	5.02135443728585	5.031488162222501	5.111881524102439
study	5.251426381358713	4.933559184182126	5.244028940744886
afford	5.156956538683851	4.963831496926134	5.222610196860994
service	5.160406753990356	5.034598479061811	5.290272861397696
height	5.03940500560007	4.891024216935413	5.045102790023152
prospect	5.129804309119706	5.008194704110773	5.172493935667756
pleasant	5.215320875460897	4.866923081995694	4.982736946213863
shade	5.097681909875748	4.871504716310274	4.953820357458259
listen	4.99510346645233	5.092784612759286	5.039858474964606
mighty	4.961487844895908	5.057337919425186	5.082461936398805
country	5.0853262826381345	5.038227442995261	5.270551161617253
title	5.19174083697792	4.9916076821039885	5.340296101098893
choose	5.114605746460165	4.974012584939107	5.209300826653624
village	5.126929584188167	4.921222732563131	5.077182477315506
acquire	5.189383856299861	4.9941998693829985	5.300750144123315
rank	5.09869879254277	5.07608969607201	5.272708610572336
bow	5.024601177551994	4.9860157144954975	4.99256816131304
doctor	4.994762821168503	5.009529929550074	5.012554799951014
talent	5.2166215447823285	5.040037794071446	5.321282186871196
source	5.136099335059607	4.998759828263426	5.253834192342016
lead	5.0236118917457535	5.052784599869126	5.154082339392499
question	5.031566014435381	5.063570115977079	5.266906562615818
publish	5.206860056732714	4.967409222477416	5.332101715065787
interest	5.125412829709294	5.058697767805243	5.298127078510358
serve	5.025896970754169	4.994490543002546	5.101472304814163
divine	5.088915887791384	5.0469277727227695	5.243118286040626
put	4.93971361068644	4.9563273259411025	4.961653257767945
shadow	5.012450218474272	4.945896828919326	4.992796538119336
practical	5.150138213407138	5.001133906531161	5.325832784036725
surface	5.037545312191822	4.825034833273917	4.964875442429839
account	5.0774950596430966	5.005384375017278	5.20152907512393
loss	4.927316860142917	5.112325877873756	5.1381741953883715
indian	4.9480470758336565	5.049645535481376	5.124248110339227
vine	5.113575084629501	4.807517074682621	5.012244165122757
certain	5.02086485921958	5.047648209954031	5.208949883607257
sin	4.8304029120560195	5.15934114959951	5.090061310833564
necessity	4.9832414790005375	5.0959541742313474	5.262982207614645
lose	4.956202008379918	5.081288740432645	5.065236527288483
private	5.081619911264545	5.079904270469659	5.290362578307581
gentleman	5.136747643133443	4.976943608452687	5.125193280824449
daughter	5.027420453905401	5.075763402312793	5.079574310358481
drive	4.816002964837331	5.114237773187571	4.97267007145048
strange	4.936171893214059	5.072159701991439	4.970585072695951
journey	5.11976482591198	4.957190401206526	5.059315382057674
uncle	5.1020210954514775	4.960393232119294	5.02408564914059
species	5.02700516866351	4.964723124437506	5.139307623993157
think	5.010611955575333	5.053596736697118	5.0740337392222195
bed	4.983228201299693	4.863447558667266	4.829502775656483
wind	4.91218034306789	4.976476292868379	4.898992374789672
bless	5.050190904378308	4.998476607814746	5.018445862434087
destroy	4.8482961281645665	5.124843682274897	5.118314761664676
author	5.180509227433816	5.017723949357816	5.284056228118276
sustain	5.0099107622086105	5.07771871171051	5.256199239804785
black	4.930887512770716	4.889656116927759	4.852978107657125
event	5.050384034785994	5.106442339685916	5.2694862158539975
liberty	5.035196830455532	5.139323352753677	5.319122603389897
negro	4.932154658754148	4.980900432776691	4.9846034649390765
little	5.089693033478586	4.922496337288987	5.009567661574378
fortune	5.061727702520636	5.097150197897016	5.174520787684839
touch	5.019734391800375	5.003202941904064	5.01972737507652
kill	4.7549222942418465	5.111859296778714	4.909280002622646
feature	5.076370773610873	4.969724179992733	5.093053090845436
happiness	5.094291521289983	5.096126226970354	5.231298748165732
assume	5.049978553994749	5.049405109174138	5.211438740068557
notion	5.050801659905967	5.010923454616002	5.153740018995922
purchase	5.151835742909989	4.9046134118665226	5.162643026100279
faithful	5.103341050160944	5.087866651617982	5.235982342796815
soldier	4.891169685856772	5.175290969320526	5.102534873510933
father	4.964213274404537	5.0880053442108295	5.0673771394071805
narrow	4.981264414725486	4.92183847894954	5.0127441774933725
great	5.081587689939132	5.032434523468572	5.238578665123731
tear	4.8787265294113045	5.043523034709885	4.895146062235568
honorable	5.1041551423097795	5.133628057803997	5.359583256604794
previous	5.078246272270207	4.992160998658605	5.203726414920481
good	5.07211050579673	5.0206431547274395	5.127769062982732
domestic	5.12979483797932	4.987523121042044	5.197031614188879
glory	5.1074091553777325	5.044213784535783	5.183473529583573
lay	4.968261433812847	4.93690577513177	4.968650244507074
occasion	5.050348693262114	5.077216263051149	5.212630068193326
guard	4.889742932008394	5.1316494992247295	5.098346534647362
whole	5.03860687139708	4.981869058986587	5.150158601109364
mouth	4.951723870356359	4.903344475618367	4.863190263851551
receive	5.120168584443485	5.0051108324754185	5.224676713407771
take	4.9916396979789885	5.004065046600768	5.069244241195248
simple	5.141199311830289	4.929505801617396	5.145082521591094
error	4.94480128005376	5.126177418439998	5.252365772496673
wisdom	5.061695790314678	5.107238209109875	5.269609077757211
rock	4.935383098405903	4.917441378459583	4.911818282590956
decide	5.042726669259551	5.089735165991971	5.302189918104979
exclaim	4.89411445450801	5.083365385408712	4.914121314957779
assure	5.046648218795258	5.086261182197861	5.167763880474629
sign	5.011450663153613	5.00481843791846	5.119777465725505
preserve	5.088792653287418	4.963380178748399	5.169117765709231
commerce	5.104162575942184	4.99619673591658	5.280860656489682
plant	5.084482069287323	4.826182007396878	5.005876950865778
walk	5.112086568234257	4.886953642212182	4.9286108084644
difference	5.059901927375618	4.976838033615173	5.2046394819109985
hang	4.9298495693915365	4.9188917576399085	4.840663629752308
following	5.217991166668776	4.895897665385939	5.232606228371193
employ	5.110332504036771	4.947678326572451	5.200363783372678
