deal	5.066433110354946	5.014916387033815	5.1261679226618915
study	5.293826821098631	4.920008816305893	5.265892021480017
afford	5.199530586708767	4.96229134165721	5.242506260837796
service	5.204477595768975	5.032093291384016	5.307314270939021
height	5.088661196168165	4.8892954142132155	5.060083282572856
prospect	5.178501845877474	5.010256185914059	5.187888264794934
pleasant	5.268972888049088	4.860419500086802	5.008272263582721
shade	5.151464061736356	4.865411905202759	4.974530843896943
listen	5.0494288196946595	5.084417370890524	5.065027858682248
mighty	5.013690881178185	5.04721976515154	5.09492140397009
country	5.127944965395674	5.029021680774058	5.282959408889344
title	5.231506855334776	4.982331047104245	5.358202935712646
choose	5.165313247603534	4.9621930038280455	5.224088072251818
village	5.175517934587772	4.929946090894139	5.106891386132675
acquire	5.226814731106611	4.984001884678065	5.313410491200509
rank	5.148420768799405	5.069505632107724	5.289212727987647
bow	5.0800408420294145	4.9780015425123585	5.011165756501695
doctor	5.035468031503549	4.992223804860333	5.0227235017328145
talent	5.25965025426902	5.027796150225773	5.33843296269263
source	5.175704055536673	4.987679142884547	5.2646585188365025
lead	5.0761103160557335	5.045266964421188	5.175136003910626
question	5.068617613220011	5.050909899219731	5.275535881814155
publish	5.248772227935075	4.956042998104348	5.351031812903212
interest	5.163009022938762	5.049159710261879	5.308307445031951
serve	5.078863696363068	4.978999982847474	5.1178002530660445
divine	5.13511461373719	5.02669487367922	5.2554250695478455
put	4.988920786244637	4.937407883698429	4.970244573777248
shadow	5.065550001761567	4.940111914418019	5.010854463490898
practical	5.186023283551294	4.985067178462063	5.335608103354523
surface	5.080102079931253	4.821362263287755	4.9746839737394035
account	5.118844335939551	4.998534718779594	5.2201500526391165
loss	4.9649778978137915	5.108824971804486	5.147553759640849
indian	4.992454804059411	5.056019475035564	5.146817539972952
vine	5.158321541892285	4.80440560355963	5.026163844917849
certain	5.058553657386783	5.038487043722391	5.2213271495664
sin	4.875103392882829	5.134745014409621	5.096885218040298
necessity	5.014603118684559	5.089518496555307	5.267787617654684
lose	5.004744142563443	5.073294689391835	5.079859706347371
private	5.121614661706757	5.070195306254917	5.3003869504508
gentleman	5.185534543777697	4.967070072683255	5.14657498706478
daughter	5.075147243518092	5.065914842681563	5.096595918382466
drive	4.869538224853955	5.110970386662918	4.987800448341826
strange	4.987235290811777	5.064398370550005	4.994726831041622
journey	5.176025899521016	4.965542018526262	5.0914382701837475
uncle	5.147793479435543	4.949161601789438	5.040663878721938
species	5.060550193243734	4.952510792711044	5.144926885650643
think	5.0581823945506965	5.039870598694327	5.0919831954495
bed	5.031243473096651	4.856732833724745	4.8451470595164645
wind	4.963972046505617	4.975691552781081	4.911060762633577
bless	5.103003862457404	4.978002536223367	5.029850441986174
destroy	4.892248998404429	5.1119699861071135	5.125426046769951
author	5.227579036899747	5.001509018000991	5.309858900284292
sustain	5.05192269692041	5.065721989496787	5.26221138585225
black	4.986666739191098	4.881630399768929	4.875066071630456
event	5.0933754404404645	5.107344495524621	5.288075033658694
liberty	5.078690862486378	5.121834692082262	5.323053040841485
negro	4.972959357049491	4.979668284194027	5.006288705994948
little	5.137439478792771	4.914621517048339	5.032698040011087
fortune	5.113215613663897	5.0882838452674	5.190575842891753
touch	5.068494381359393	4.991385907443825	5.037501712240038
kill	4.812635740934745	5.105435287705522	4.933560784872882
feature	5.121455597919326	4.964889224950704	5.111014881918771
happiness	5.134555242130322	5.083367444862013	5.238202241088692
assume	5.092203163032878	5.041091271096524	5.2240948135758005
notion	5.090577320906015	4.989651175005943	5.16608714607554
purchase	5.190676953967608	4.896719603945003	5.176598955556261
faithful	5.155475894569183	5.079912874314714	5.25852844925337
soldier	4.947017222050166	5.176009261659062	5.122543078032541
father	5.012249189861385	5.077635711296974	5.083852199240019
narrow	5.0263615338595695	4.919955401155806	5.026873829234259
great	5.127165272535031	5.022580245485401	5.2538303617422635
tear	4.928945989286392	5.027051475015958	4.902482386831042
honorable	5.151143827611645	5.123719103940539	5.374053078522051
previous	5.118741578950442	4.9916515258917755	5.219287155003856
good	5.120329044011288	5.004413092751828	5.143544258170513
domestic	5.166251754535473	4.971529736827141	5.203488372329446
glory	5.168953724846633	5.027939772556228	5.198382866447649
lay	5.0215832520230235	4.927120014280797	4.985119068846291
occasion	5.093334534556193	5.070601173385508	5.2278315860214155
guard	4.939813088869002	5.134481379823721	5.1152652890218375
whole	5.082405575125716	4.973070402505351	5.162118515399345
mouth	5.003701504412858	4.899768761827741	4.881293218569732
receive	5.163546800983213	5.001172595816885	5.242555613535832
take	5.038945134376853	4.9956679311939265	5.084182162057178
simple	5.183164682638762	4.914552467504621	5.163893466824925
error	4.985511889472189	5.107887052089716	5.263347928490154
wisdom	5.1121547840355195	5.089570724744291	5.284468435508206
rock	4.988778485889102	4.9201920466925255	4.929803682880387
decide	5.081048388381245	5.083570498481074	5.31297012506702
exclaim	4.946692370762358	5.0762987924189975	4.934632599429421
assure	5.097425892835116	5.082433789895009	5.1907935681540245
sign	5.057532989003277	4.998774372427847	5.136630895599618
preserve	5.137354326719983	4.948359853708359	5.181336882474232
commerce	5.14021492485216	4.9862030777597965	5.2804971583468925
plant	5.131482856585731	4.817905506824272	5.021944175224795
walk	5.167255828123823	4.882320867322975	4.956252452946316
difference	5.094143128862116	4.961294790770013	5.212082348986262
hang	4.987506958143276	4.9111573327771625	4.861429824864257
following	5.261646130827021	4.8942644467406975	5.255929797899737
employ	5.148687698913437	4.940759146422526	5.215355976498919
