deal	5.000383732760517	5.004844430049316	5.075387842908329
study	5.229459687042479	4.904213014566842	5.21623191276612
afford	5.140899260499881	4.942471794321424	5.190759595695007
service	5.143768698793766	5.015432130416767	5.252682941692449
height	5.038302323176228	4.870308933043533	5.021409818286155
prospect	5.114465916369301	4.981772119712886	5.135794622438544
pleasant	5.191596753884881	4.831650011190581	4.955063287705677
shade	5.093442812896421	4.84907532128946	4.940902997129926
listen	4.971053402395059	5.073107228020359	5.008377079648317
mighty	4.966840998939669	5.03029483512066	5.056007090578169
country	5.084373988091749	5.010865642491639	5.238313031646834
title	5.182020350956372	4.97826585262406	5.313019294272558
choose	5.100638018613495	4.951191896723502	5.166828038588062
village	5.110114204788383	4.891223161912193	5.050800109550825
acquire	5.174181296975337	4.9688554254580355	5.265297518523076
rank	5.0990222422394345	5.06384918761636	5.247971813262312
bow	5.0146506871319305	4.9694661415354675	4.9677155282588545
doctor	4.951590149558395	4.988273890309405	4.969073419894129
talent	5.200981972147231	5.0196127398260355	5.289579072156013
source	5.12896469765211	4.972686756925612	5.224777961259366
lead	5.016058416125344	5.027570148265978	5.122156830831124
question	5.008100058344886	5.0502774686452865	5.219623917292556
publish	5.189711319048618	4.942275558164132	5.2953272145887755
interest	5.108425769548758	5.037658515350877	5.260627006169663
serve	5.016715051363376	4.972651291103638	5.066517017606124
divine	5.089058383439514	5.02813943735312	5.222279843737986
put	4.91781761520265	4.932896803791572	4.916265886326827
shadow	5.008179029681551	4.925213226238578	4.972194202912219
practical	5.135492476912544	4.978538433592415	5.2881585401747895
surface	5.030920490985998	4.803276116662807	4.937258997956183
account	5.054278105191703	4.982258399701333	5.164096772363133
loss	4.901073268337955	5.090682309476131	5.094518575860677
indian	4.936819497256307	5.028581395123845	5.086350723886321
vine	5.101680804657248	4.782487521494689	4.983147454218366
certain	5.00398461369964	5.031087456747447	5.171548815284618
sin	4.821413699488322	5.136925330125004	5.064997335194046
necessity	4.963734564113178	5.082394312795798	5.2180500062081325
lose	4.938647766988867	5.056652413830238	5.029231438104656
private	5.063018050082297	5.060909082249659	5.248497999317322
gentleman	5.105344610365025	4.959937220111704	5.087609011193897
daughter	4.99731184095613	5.058095519417923	5.052162379133999
drive	4.807952300651456	5.08676361233572	4.938152028813721
strange	4.913964601534998	5.0503680551416155	4.945365898032489
journey	5.095081302868516	4.918865412216919	5.021817099246085
uncle	5.056308480973349	4.931839568995368	4.979847575736396
species	5.017299888153002	4.939233990609958	5.1058409191088066
think	4.9807396055929445	5.030801408672109	5.035121983403714
bed	4.9535763094782315	4.837268804549972	4.797750419210154
wind	4.901623070126042	4.94919166932663	4.867404420197286
bless	5.0396098546153265	4.970080037602983	4.99531380129441
destroy	4.845566193458321	5.1033242500781535	5.0851655911431175
author	5.167049324167249	4.9939328352411065	5.2601683322788695
sustain	5.003876890224637	5.059375120628739	5.217936676430111
black	4.923983802097006	4.872148256948962	4.837499271015358
event	5.032790045494327	5.085326765826151	5.228524607666221
liberty	5.036193151607805	5.11816883562813	5.2831254635211415
negro	4.905587154412357	4.956332090490552	4.954318149928111
little	5.061483932805796	4.897025119791045	4.976933960051305
fortune	5.043489588054976	5.070452956835768	5.140490476801478
touch	5.002170926541938	4.987208362227158	4.991208004610623
kill	4.7368976734505	5.084267175051477	4.8730403221464185
feature	5.061772667971316	4.961527544819993	5.071283088674489
happiness	5.076217926304581	5.0767386472122675	5.198486776241158
assume	5.03335828415406	5.039913713987822	5.175051990738581
notion	5.027088389174289	4.989207069430198	5.117727855314325
purchase	5.1316359136505385	4.87095715614989	5.125074045780452
faithful	5.088420945426213	5.067951707709952	5.2056461446726185
soldier	4.8841397605497185	5.158443783359558	5.066499846112384
father	4.9403572539173455	5.067651848848374	5.035953234880686
narrow	4.974364431520244	4.900081257674747	4.985054275682935
great	5.076298800526212	5.008548794009663	5.204362239832585
tear	4.864677275133635	5.019912799549602	4.868434926127876
honorable	5.093036121461748	5.1210237744767175	5.322717561742201
previous	5.051296663755955	4.970301809602058	5.157072033798717
good	5.0520838267235675	4.9945395537420065	5.090451769713399
domestic	5.112407250848528	4.962477317483593	5.161881095508541
glory	5.122943106424182	5.013074757893238	5.163427701271148
lay	4.962550561508194	4.9123876405666485	4.939357362430448
occasion	5.028105476261121	5.0574067907137215	5.169249258684995
guard	4.8769838370341	5.116827903969897	5.061917412868183
whole	5.030936338635027	4.961526889368606	5.115367947655362
mouth	4.93518903261178	4.883063729262073	4.832899448984864
receive	5.10149828663064	4.985754438056703	5.186542338018925
take	4.96930434869577	4.982214799267729	5.026926802627843
simple	5.125939552459174	4.910591564142182	5.120614395835574
error	4.9321420458903305	5.107304182228127	5.217984677721496
wisdom	5.059820004047751	5.087188193358294	5.2415019414674955
rock	4.934675906955299	4.892268447587914	4.888355198794034
decide	5.017349990504911	5.079054296918535	5.251576249062546
exclaim	4.865959035873087	5.067465192769401	4.883452348525377
assure	5.02225904062236	5.067961233834459	5.126098352446635
sign	4.994782042903925	4.990203750051378	5.08280604014881
preserve	5.087248945546825	4.9422694137658105	5.138842214692486
commerce	5.102764832009402	4.968465276656153	5.238467800569758
plant	5.080532239229117	4.8000695086532055	4.983057925840619
walk	5.085866901570593	4.8571846444855655	4.901897371863533
difference	5.044980443607382	4.958106760570664	5.168709042639041
hang	4.916984822609942	4.900052737170934	4.82041273430319
following	5.1961319246288	4.874996856997993	5.1958681313734
employ	5.094209654731358	4.922338987771739	5.1640096080179205
