deal	5.055494503755385	4.981625929053079	5.10679719642461
study	5.279627271948722	4.884215318292036	5.250518755700599
afford	5.189979458506105	4.9113432797793	5.220755685841203
service	5.191244623897071	4.9838930817360945	5.286196935594108
height	5.062793153272777	4.8414506235711885	5.028032188389311
prospect	5.156630245835484	4.964383953726827	5.160131707178713
pleasant	5.236097922155817	4.827361617651697	4.979154867280894
shade	5.118364401334298	4.827982899702545	4.942772698353672
listen	5.016418936522149	5.050407289690966	5.028083820543367
mighty	4.993481289828074	5.006137692004061	5.062840437632717
country	5.125696645731349	4.9834688642132505	5.267629865529143
title	5.22576417273406	4.933731288738939	5.34198940443587
choose	5.153151851451418	4.921804682211778	5.206184111521108
village	5.152921582191616	4.880988390896396	5.074893476752373
acquire	5.2168167062702695	4.942869299280898	5.300648970783068
rank	5.126109497175838	5.024759165977912	5.264568045739388
bow	5.041425504803344	4.943634743225692	4.973237612650044
doctor	5.016972114965158	4.968141851958581	5.005523513190265
talent	5.243749578857051	4.990101419672842	5.321215424030064
source	5.172803656947851	4.943705382680463	5.251504535471203
lead	5.058397718123107	5.0021873165858075	5.147969710403543
question	5.06724304456808	5.0131686612049675	5.262658748231793
publish	5.245614515262847	4.9093687204835685	5.333035513785787
interest	5.158246996613176	5.00886793217747	5.295765923090785
serve	5.064711546206669	4.935694249962676	5.093463461165281
divine	5.126684854970494	4.992031826674487	5.242511673107929
put	4.9718017854916905	4.9027726823702995	4.945492686720291
shadow	5.038175514220569	4.902591505455108	4.9790421946027
practical	5.1871033636678145	4.947019236902564	5.328230462341433
surface	5.061502102128529	4.779658896902856	4.94782131437174
account	5.114039344603324	4.952882645888474	5.201734392459751
loss	4.956989719564876	5.059665889373099	5.127005823905293
indian	4.975655945162818	5.002249550440031	5.113804947223505
vine	5.134674191359864	4.7620897921737635	5.000876252470648
certain	5.055104913371236	4.996836605921212	5.208539163904004
sin	4.867557341566431	5.104180445942351	5.083043223343928
necessity	5.014224031222707	5.044109362849742	5.255032706211487
lose	4.983887960039268	5.032665080266074	5.053466991502574
private	5.119690806133721	5.025594117950727	5.285330433922295
gentleman	5.1641256741439445	4.933028145876674	5.123447568924589
daughter	5.0472304661471075	5.034209548436395	5.076591025993443
drive	4.8438307654991215	5.066130359307319	4.953037414443609
strange	4.960063591450229	5.030737064202695	4.964587309697172
journey	5.143468785854868	4.913596274086015	5.048325666306234
uncle	5.12662073605909	4.924711404953739	5.021792805954555
species	5.059225129130103	4.907260960545468	5.131662218280235
think	5.041555903192539	5.0098321023353645	5.071987144394625
bed	5.0010258501336615	4.823868992721574	4.814796610495525
wind	4.929692705866818	4.935142200779463	4.874200768750025
bless	5.084147851843594	4.949033986729061	5.010792027619867
destroy	4.883198182023984	5.0647879851899145	5.104900098559413
author	5.215324629056778	4.961264679672019	5.2911322934426135
sustain	5.043053188261232	5.021358778038545	5.244217745008035
black	4.955862587392613	4.847508967171748	4.842603012718483
event	5.0830859306321905	5.05924060275917	5.2654823230133925
liberty	5.0716937029191635	5.082698383284852	5.310553918558497
negro	4.959293769476874	4.9410688375440515	4.982852213506599
little	5.113015267491881	4.877889183353992	5.006392792000114
fortune	5.087974393741807	5.044903795616086	5.164222702091934
touch	5.0426305371233235	4.958582853120109	5.0085825850054215
kill	4.789216797314733	5.061813807666264	4.898169654152205
feature	5.094000676865037	4.931228912038151	5.085906084357317
happiness	5.1239040732058285	5.048763071439064	5.2269006448010575
assume	5.075328388849474	5.002155447461714	5.205618877993447
notion	5.086047658257127	4.9660785703688	5.158640224854447
purchase	5.185024280816686	4.848690488576757	5.158803155332995
faithful	5.132393047555015	5.0405214850109346	5.231828147972878
soldier	4.9139935050374755	5.126170727592861	5.079487388562435
father	4.992649611119524	5.042734213863857	5.062518618013509
narrow	5.006823207679511	4.874183298828418	4.99709637942504
great	5.117709284512924	4.976383211164874	5.2325880579764235
tear	4.90057664576421	4.997079683382759	4.87504419428469
honorable	5.140420575073501	5.080869501673563	5.355766553637439
previous	5.107332991212392	4.944587048023664	5.198651390118574
good	5.106618185574106	4.969100862955313	5.125405574886869
domestic	5.160113201867961	4.9354912288733415	5.195028225561228
glory	5.14336307859518	4.987008206975778	5.168263240650371
lay	4.993272440321195	4.8834873713038585	4.949076860680556
occasion	5.080646024873488	5.027059708886679	5.204512020813758
guard	4.911122953456009	5.084379597348981	5.0770906816227575
whole	5.071806717856622	4.927730151119221	5.140051158714638
mouth	4.969959696224071	4.863257139479412	4.843209151130956
receive	5.154719862401193	4.953039833085913	5.223068497800443
take	5.022949869351038	4.954519638104636	5.059773042822806
simple	5.17077350923111	4.878994331191154	5.147572980907513
error	4.985200286239701	5.068496796831874	5.252520620967964
wisdom	5.097925047630665	5.051553818203291	5.2661604703274065
rock	4.958489892256743	4.873037589499241	4.887648653250668
decide	5.073881187244986	5.043168995479513	5.295791510182519
exclaim	4.913316442300621	5.045161366860877	4.8989111930836415
assure	5.079323377928427	5.040733314889164	5.163301146339381
sign	5.044489665544324	4.956561356977019	5.112755025841073
preserve	5.1254870656136164	4.904427289609652	5.162622315764658
commerce	5.1379878777794366	4.9378885866764675	5.265605758777938
plant	5.110374471975724	4.776904395552955	4.99792705907043
walk	5.130224939619302	4.8485397184845915	4.920900119947082
difference	5.10179579414918	4.925233052718937	5.209307743273515
hang	4.951611735658164	4.875772846982869	4.824712784826365
following	5.250337511643127	4.848591418536092	5.233808174928634
employ	5.140492447553593	4.89361539875097	5.195707679541016
