deal	5.0714452655538365	4.994938193677006	5.109214995915952
study	5.311672839892632	4.890105180313836	5.249530345320299
afford	5.209769959591706	4.924924927502284	5.217177642175887
service	5.21654896841676	5.000115444081347	5.290435465264321
height	5.096040417665499	4.869290712525416	5.046311492326114
prospect	5.185817824337468	4.982721544677885	5.170065155656954
pleasant	5.258172595749824	4.838719464128976	4.980009066036711
shade	5.154637086143595	4.848557066966363	4.95928707010027
listen	5.058593835262866	5.07077979391447	5.046569803782618
mighty	5.024616978610826	5.0332222888751	5.086888745499908
country	5.149071646567965	4.9987657171104285	5.273784377107083
title	5.260207912002431	4.948491211802191	5.348756195016648
choose	5.174894703733929	4.936431484995514	5.209179319510416
village	5.164301581818199	4.891313517737645	5.0697868165133775
acquire	5.249230898294877	4.952707139633281	5.3017558333914225
rank	5.158036035609498	5.0448400482614755	5.273207871129904
bow	5.078667639944631	4.966501648664287	4.991782413504226
doctor	5.042029361888941	4.9764545411136885	5.006951383226296
talent	5.278012909873476	5.0008971846728825	5.324765751004777
source	5.2078260020838565	4.9587030989408385	5.261172371610356
lead	5.082546689237698	5.020605037888895	5.153457613891373
question	5.100731571837548	5.024571286624164	5.270422604217303
publish	5.281556177713029	4.915604528199614	5.340757804638477
interest	5.190154431690399	5.020410151303675	5.3020568683062335
serve	5.084118049784369	4.956014366716809	5.098551685543923
divine	5.1749903332892995	5.011763571185052	5.2639707740880155
put	4.987044274786364	4.918602169533493	4.950671994518077
shadow	5.077983814902302	4.925116696508762	5.000903107670025
practical	5.219574196852277	4.953701242006759	5.3307208811357185
surface	5.091457283948617	4.7985380600621985	4.961128322337613
account	5.134777533741297	4.962148720760111	5.200155273208785
loss	4.985697920025786	5.083325792996016	5.140853242770899
indian	4.998924552819798	5.014617884976977	5.117042623031312
vine	5.164273646797173	4.779538267808877	5.0112057901340235
certain	5.083994133747302	5.008599918594212	5.211061012787535
sin	4.908658852325438	5.130571741352617	5.110619113727963
necessity	5.045592066536138	5.0609722747237145	5.2627996970024995
lose	5.013642748048732	5.055732348490559	5.068187566810868
private	5.140114200501452	5.042178235521142	5.288866647436331
gentleman	5.177652362976363	4.942134016171734	5.11488043913706
daughter	5.082039097000389	5.055573160681791	5.088971413118789
drive	4.863431484627419	5.092043217669591	4.967111666764837
strange	4.9955350765215245	5.047556955267535	4.979005161002527
journey	5.165539190700819	4.929239776494708	5.054232620322719
uncle	5.1405162070751516	4.932962220756082	5.018510174367422
species	5.085529264392083	4.921255296559626	5.140054876870259
think	5.068367126846444	5.024596987595662	5.078154130986679
bed	5.02106572285474	4.841486434824401	4.82395075938237
wind	4.965190574882517	4.958616756038926	4.897566219166258
bless	5.114447913708529	4.974937508565209	5.031846526634707
destroy	4.912880855539493	5.091669595083402	5.122938794800093
author	5.2544704137221485	4.970822565765691	5.298151702069374
sustain	5.081872169308231	5.042761234459641	5.261962808366475
black	4.978523516050181	4.864110588663757	4.852278968254286
event	5.123951240312357	5.073252096780144	5.277877147238827
liberty	5.110645501643531	5.10464316463942	5.329395405960871
negro	4.962533832846256	4.946984675591835	4.973203538334838
little	5.130986327007831	4.890055013860102	5.002537646537339
fortune	5.114158875315821	5.068014906651215	5.175557993408385
touch	5.083724212935737	4.977300475654342	5.0249785782189385
kill	4.803902152030728	5.087419729611223	4.911161558632608
feature	5.143319579877193	4.9452911505467725	5.099895563033477
happiness	5.162190884548808	5.067985303947009	5.2409762909594955
assume	5.1152753738102295	5.01532820336001	5.212380665021926
notion	5.104400821233703	4.967706906093283	5.151197521373277
purchase	5.193317988417149	4.862919718396792	5.157203554014957
faithful	5.171559736823668	5.059050769194871	5.246249091817724
soldier	4.942995080835337	5.157067642746337	5.099465796692454
father	5.024557218467476	5.06600095403315	5.0761451494467265
narrow	5.028668774235253	4.896440881868155	5.005272290301264
great	5.146438408993033	4.994065303342495	5.241235303586116
tear	4.944761391384183	5.024382916530401	4.905756113293758
honorable	5.172038401343303	5.101201250175764	5.3661339966936525
previous	5.140201865735231	4.952556339743325	5.20179946477186
good	5.123967281101615	4.984413597050028	5.1257107392834085
domestic	5.187099097478968	4.942725651117191	5.19466066465393
glory	5.185832373107524	5.016140593028346	5.199349994626068
lay	5.020933378947141	4.907820425741262	4.964975224160326
occasion	5.111090888438385	5.03913248682856	5.210251671285296
guard	4.9406391106106655	5.111454473841557	5.093896944063941
whole	5.0989650896798695	4.944073548488925	5.14769996201517
mouth	4.999211054976047	4.881122180522712	4.857913177817039
receive	5.180449350352323	4.968067466297176	5.2248853937145805
take	5.041643555566295	4.969618181507543	5.061359323202406
simple	5.205260222744467	4.889275067321409	5.150576683024491
error	5.026094706911687	5.086908188349926	5.268788636672849
wisdom	5.141750208233717	5.073779563953336	5.285082812884202
rock	4.987689582515251	4.900157727503278	4.91066876721814
decide	5.108902494941848	5.05578881297292	5.303849685632466
exclaim	4.942202964133478	5.067701550842862	4.913664678285012
assure	5.105195730734098	5.059389171334137	5.167490963356173
sign	5.07902031114466	4.971681331796682	5.122833154221681
preserve	5.158392688200169	4.921800822530676	5.170739614444646
commerce	5.1667367005841145	4.951932526279441	5.277294222253736
plant	5.13740808414319	4.794055670071082	5.006386394616499
walk	5.146954285758232	4.864675718441588	4.92282338888327
difference	5.123982107967732	4.9328209204279005	5.20731294093768
hang	4.977872168784364	4.899781048732696	4.842560534652679
following	5.28789780693551	4.851797732917395	5.236540567565303
employ	5.159785070554414	4.90202052156306	5.193536761017293
