deal	5.031114532444873	4.990481669772787	5.103851916388823
study	5.2684794663055	4.892682900597384	5.248176526363191
afford	5.180470369694429	4.9262789589646045	5.224375146308549
service	5.176768497983416	4.99941520381955	5.287507545166299
height	5.059096384080607	4.860724006273455	5.039277954830235
prospect	5.142342883760898	4.968899671645104	5.158774663567679
pleasant	5.213129031070544	4.820893042616692	4.963728405719578
shade	5.106536601200538	4.8283121332219	4.936058633580806
listen	4.984250770153016	5.054010090996878	5.021086325290492
mighty	4.971464817939117	5.016461106889711	5.060616303650799
country	5.1142112333596765	4.9991969969785774	5.266092298080525
title	5.219373434186137	4.9554781253697655	5.344834722940123
choose	5.1344759337485115	4.932561073335516	5.206039484665677
village	5.132293868936077	4.885482106546898	5.067585349935635
acquire	5.216025977885478	4.955836310552451	5.303046636753812
rank	5.121950810376606	5.045854092242785	5.271534034654247
bow	5.0237291780252775	4.949686862038588	4.97521508968941
doctor	4.98591104095853	4.96728196316416	4.9982835405517445
talent	5.239908625935301	5.007961580581976	5.325020885655724
source	5.162892283200407	4.954331564959617	5.246501593464832
lead	5.040091115026644	5.0078809120998935	5.146697265666675
question	5.046485702159829	5.027536369057972	5.267265723907951
publish	5.234889832287612	4.9307900771410536	5.336317100070636
interest	5.140542518279867	5.023731806312316	5.2944219670636175
serve	5.048035670673683	4.947361924290232	5.095275115383068
divine	5.10885474033587	5.001178689863183	5.235415149150222
put	4.954996784035465	4.9064964386280225	4.953733658384497
shadow	5.018718258115166	4.903930137881662	4.975770775164802
practical	5.176962366367587	4.964237840202581	5.332174684525716
surface	5.057386122079418	4.7888111185535385	4.957856031406379
account	5.09827048849153	4.969593236125213	5.206083101509454
loss	4.9378529650156056	5.077185394374456	5.128818416744448
indian	4.965887589694896	5.015250371660358	5.120419690558344
vine	5.136629989395165	4.768126817026457	5.008671285920963
certain	5.0405012323818426	5.010468155943482	5.210503303559982
sin	4.834581120651285	5.106322729328026	5.067452495544259
necessity	4.999878212893534	5.059226456621396	5.260754193520554
lose	4.962541648582095	5.038099402931043	5.049720686137662
private	5.096511922712196	5.040587648059947	5.285403828958589
gentleman	5.14129986203611	4.943711490016922	5.12358098524583
daughter	5.0197599172887095	5.030158996051003	5.054173880674008
drive	4.82108648889254	5.069041873936932	4.953041865952256
strange	4.929522586652132	5.03067809485263	4.952251152005729
journey	5.125962781876993	4.914549331356088	5.048629393688796
uncle	5.093833109270657	4.91204144707415	5.003292565266531
species	5.053187151802874	4.927285123778804	5.138573765115758
think	5.011230693138063	5.009621346288332	5.06141273017931
bed	4.9709469797129575	4.814491545287725	4.805563478533815
wind	4.913501308459992	4.931989982471192	4.874669091158467
bless	5.051484136247702	4.942756252397567	4.988561128147286
destroy	4.870893576181547	5.076365458869522	5.102563014487214
author	5.205431607685241	4.978721506948055	5.289942545476158
sustain	5.034074325797136	5.041355412208398	5.252129293473586
black	4.940777228756858	4.855893355177019	4.8454513307631855
event	5.066571123151413	5.073739976343839	5.266390759847874
liberty	5.057081170201835	5.09570077304922	5.30560245864036
negro	4.933640862405143	4.943632382175655	4.977557687502798
little	5.093805519055049	4.881458568315426	5.001976182277186
fortune	5.0753132816579	5.052503615076193	5.161017252218561
touch	5.020537598336797	4.962800951695616	5.004448976830433
kill	4.763246152340214	5.064748189614266	4.895716688857473
feature	5.08373341407203	4.943338990105304	5.08827776948558
happiness	5.101069030962301	5.051012459019985	5.2128399318291505
assume	5.065294829377524	5.020129922789343	5.213537835364313
notion	5.063780854681415	4.97127944506017	5.15529285050531
purchase	5.174069756312004	4.856947218437379	5.159103869792459
faithful	5.111572748234766	5.044686273760023	5.223648636891632
soldier	4.895585142046072	5.140132483308809	5.0859552219708295
father	4.959793571970517	5.040385953319257	5.04237544479841
narrow	4.992708580528987	4.881010347481154	5.00141232254317
great	5.10751065295043	4.997812761626255	5.238709674426034
tear	4.873797851977254	4.9911494259305975	4.860154699556454
honorable	5.129793318351161	5.097882452398324	5.358656573158218
previous	5.094072947259847	4.95774344124023	5.205258329312083
good	5.085861941060776	4.9736815940151855	5.1193511871871955
domestic	5.143155995111873	4.9434472343306854	5.186424197202384
glory	5.13422069479367	4.999324079234757	5.167037362602448
lay	4.978560994272735	4.889582415577362	4.95404048737026
occasion	5.061198588938171	5.043180426350804	5.210424042996965
guard	4.890842126513968	5.088938975479618	5.080205119688355
whole	5.05827985142249	4.946412510905598	5.1466149850504666
mouth	4.957444076676591	4.866856269702954	4.850206527848361
receive	5.141184494936835	4.968042169644623	5.225025152692184
take	5.004052688723072	4.95938782498738	5.062387391672428
simple	5.154885696966573	4.890815610485318	5.145074557043358
error	4.971179632680656	5.083628288230391	5.252906348985602
wisdom	5.086286307638143	5.0652206836508515	5.265694028105459
rock	4.9432765731618975	4.876801470880889	4.8902810174586575
decide	5.057510732815583	5.057191837286838	5.304380908777416
exclaim	4.879475355259089	5.044798219567325	4.890465308558386
assure	5.056791274499222	5.049655065980139	5.1631905179939235
sign	5.023289672903301	4.969166610713954	5.117201163160178
preserve	5.12205147079264	4.918564980574156	5.16600073677885
commerce	5.136435450556543	4.954987714943837	5.274084521408461
plant	5.110158179376289	4.782836930974979	5.000216372407716
walk	5.103933277865837	4.841982624286081	4.9128821868020225
difference	5.0835037065260575	4.944006751965184	5.209213658195085
hang	4.929611542148985	4.875306976039432	4.823058665450623
following	5.236745952439707	4.862483025446364	5.238488472687399
employ	5.134805802186486	4.911454038878128	5.206684557772933
