deal	5.064609042495567	5.005366117077152	5.110813466536181
study	5.2991164717643615	4.907888487645409	5.250646721831289
afford	5.2040039297929095	4.942080267569537	5.231207305097361
service	5.20238181596608	5.015825367838802	5.295313013624916
height	5.090342249606425	4.86881199509994	5.053151951460366
prospect	5.178977329724447	4.9869796370670985	5.175051532375512
pleasant	5.261338398591144	4.842326154790086	4.982991521650639
shade	5.157733891251585	4.840126638979797	4.956629302454563
listen	5.0437288727110055	5.058101748344222	5.032559427666635
mighty	5.0196419209960315	5.024673515658326	5.0799775645552705
country	5.140664929529299	5.010713528581476	5.279530635185394
title	5.234766044930415	4.963358552206408	5.342473317056663
choose	5.1623693931129235	4.948093008308521	5.208572965664669
village	5.167079500427032	4.902763435594925	5.0840903487251135
acquire	5.236526552814988	4.971607050087842	5.307194915857914
rank	5.15028460155289	5.055092199360437	5.280582918602951
bow	5.0696323246215895	4.959509883976006	4.988027333776702
doctor	5.024207731714563	4.983784211150544	5.00249040077803
talent	5.262720982672661	5.0199405861114235	5.329188902176864
source	5.191878154089685	4.967727996370684	5.258071226765073
lead	5.078516439262105	5.020485434679711	5.157042757755009
question	5.078668576704882	5.035083246426651	5.264591471539753
publish	5.250191836000083	4.93855423911542	5.334307500310395
interest	5.172876772857028	5.033908844861689	5.302966231699039
serve	5.083246894024149	4.963066181905955	5.1032300511695174
divine	5.153999769955325	5.010122382005905	5.246584087910042
put	4.986392580737133	4.927104263250012	4.955708597406013
shadow	5.072657330979381	4.9125012305142715	4.991106485081508
practical	5.201651545716237	4.975465199241952	5.333441898683689
surface	5.093488505384408	4.802581008559541	4.96848198419009
account	5.123191840041447	4.982091796238333	5.209157743410674
loss	4.975211987925439	5.089088541417743	5.142627525388328
indian	5.00108620290615	5.025293516949363	5.130397034976733
vine	5.170802354466413	4.786785896208295	5.019702496834857
certain	5.073708373088963	5.02098175042841	5.21384465702235
sin	4.892127416945195	5.1172746401630755	5.086299236349133
necessity	5.033830091743171	5.069646523957334	5.266863596840917
lose	5.008881783235454	5.051562208462331	5.064287789507067
private	5.123465033152412	5.0507688365706125	5.28891700013793
gentleman	5.1656443366470395	4.958176498242176	5.122139073148264
daughter	5.062425903253338	5.046242871818269	5.07291718046156
drive	4.866745552749711	5.084418122155973	4.9706726645887755
strange	4.988859937179728	5.0386122184136335	4.967775901614605
journey	5.164934605512959	4.932616431471271	5.0622956986627825
uncle	5.121804130758752	4.937848299394034	5.010272342804784
species	5.081101770680213	4.936396517232329	5.148346222457293
think	5.055494517301372	5.025549141797339	5.069488508095404
bed	5.023064419830889	4.8345509327652625	4.821200493932521
wind	4.965853497365792	4.948769117875213	4.895202796706487
bless	5.1040176778996456	4.96259813117003	5.009790231466594
destroy	4.911612791837356	5.089239601085291	5.122616475770621
author	5.233941829752369	4.985622861502246	5.292950692861347
sustain	5.0671190189049184	5.049126353886023	5.262671133265033
black	4.98135093559509	4.86431148039606	4.857114131008055
event	5.107525804911156	5.080369239721418	5.275805803105111
liberty	5.096594427829381	5.1052570437359845	5.322199849089579
negro	4.962286507655595	4.962366719507386	4.987887474090406
little	5.129941210836707	4.900237980837016	5.010393046304477
fortune	5.107671857774648	5.0720861185375	5.175939179289334
touch	5.071304037217836	4.970949411693179	5.014575798194485
kill	4.809463548550547	5.0844659857258945	4.907427397511271
feature	5.125396127534808	4.945931727737164	5.0955145056833695
happiness	5.150061847138218	5.067259358269044	5.231574558454963
assume	5.100492932959374	5.025119306615533	5.21601798322863
notion	5.094392081896974	4.98620807615807	5.153759272043514
purchase	5.188675424816083	4.878956595962644	5.16589981434191
faithful	5.151088960936286	5.057223796237248	5.234549249275531
soldier	4.9420732559836935	5.149417645208309	5.101677258760675
father	5.006204318667809	5.055154584532498	5.058571388337714
narrow	5.027688562217113	4.893207133513914	5.011929606219808
great	5.1380621361338354	5.006275307439822	5.247181442004105
tear	4.9341779912634705	5.005264371413658	4.884175772188121
honorable	5.152488438024479	5.108054310604021	5.36227222139383
previous	5.126199755778453	4.969129180466359	5.209136945099331
good	5.119921538477612	4.994256069445245	5.126803402404199
domestic	5.18130341629768	4.957881822344077	5.2024344288730076
glory	5.179549970676695	5.0082033819984355	5.186809639088822
lay	5.024827123611642	4.902447913445459	4.9665063647310905
occasion	5.101009577299722	5.051544333096897	5.216989795880246
guard	4.934717363917843	5.102790901000392	5.094430727736095
whole	5.092714815683808	4.954908129600229	5.154803640952239
mouth	4.992557148429163	4.880601196068328	4.856970318106607
receive	5.164266149472258	4.982050993337834	5.22899469411572
take	5.037448912652235	4.976843335920268	5.066342382266793
simple	5.194308142115892	4.899527065951076	5.150828868147157
error	5.005164297479227	5.090198690757489	5.2571401958206
wisdom	5.125850060332716	5.073805109556285	5.2737413989378865
rock	4.987775703527032	4.889455931426629	4.90895198991336
decide	5.0876562532747025	5.065378574370678	5.300435039866543
exclaim	4.929581936293331	5.056918293359201	4.902274853958494
assure	5.092477041220836	5.061179121317571	5.165925566032256
sign	5.059518711230283	4.976241658063481	5.115612897237965
preserve	5.154739070706506	4.9325583731578195	5.176445612992275
commerce	5.15794302561276	4.968627640334964	5.285492195276433
plant	5.1463208714364	4.79931223266516	5.014230261132184
walk	5.149174557978059	4.860381774189338	4.924288810437661
difference	5.111967070108699	4.953178494463705	5.211574455421808
hang	4.977918346450249	4.889958119728334	4.835820334801251
following	5.263920477209994	4.872411564117801	5.237956330760324
employ	5.153137555094806	4.925597654506299	5.209012550444105
