deal	5.054346149750433	5.006464794033295	5.104724051833519
study	5.290314858906362	4.909323965197962	5.248921889586753
afford	5.192232624012037	4.940318618402696	5.219736195406251
service	5.194151080478189	5.017522506112843	5.286941968774271
height	5.07430271479571	4.871641420176466	5.039575632506395
prospect	5.158286168519963	4.9864269729019846	5.156697869131458
pleasant	5.236475485644601	4.846603945609711	4.974180357574331
shade	5.128846877376242	4.848638646035643	4.949400916386296
listen	5.029564194541022	5.066516851237002	5.027428634512442
mighty	5.007926691722668	5.026681753330807	5.073180191912417
country	5.138133749931586	5.004331364494635	5.269271040499295
title	5.250363527675399	4.969055725272778	5.355166130186803
choose	5.158507915593596	4.956433086132568	5.211250414238219
village	5.15740108398272	4.91138815021879	5.076566632080548
acquire	5.232766496719984	4.9660099281253185	5.301731276215398
rank	5.153297703195121	5.057569782191787	5.276952959847445
bow	5.053668381544247	4.9664033791697015	4.982067061295211
doctor	5.006648027457203	4.988639850559233	4.9957591515746484
talent	5.262080143951259	5.019556757114576	5.325205951025002
source	5.185051782076697	4.960204472597328	5.249472413333485
lead	5.068627592442812	5.025232694493762	5.145799013456759
question	5.075469784502351	5.03770873468674	5.261227681831351
publish	5.258788995967761	4.938843710900252	5.338092092721899
interest	5.16487547890281	5.029818958075745	5.291184327578526
serve	5.065211359391136	4.967030421482613	5.096939498416131
divine	5.1465165528148535	5.007884996105687	5.2445759449391485
put	4.95871895855055	4.933441664776368	4.946815641582911
shadow	5.049047864267951	4.923223164628318	4.985462173266721
practical	5.198564548971071	4.969856874242097	5.325316359179595
surface	5.060628648707586	4.80331306677037	4.954713912640494
account	5.112946991314854	4.9797175142287395	5.199154348489717
loss	4.947737532469573	5.082132454304285	5.118993897498039
indian	4.991858792884151	5.029837697894614	5.123822277448074
vine	5.129394879831033	4.790153467778002	5.0026867825902395
certain	5.064605617345568	5.020370994228699	5.208379500120108
sin	4.8765821805689695	5.11349727669838	5.078086527304333
necessity	5.020308843606443	5.066209869857902	5.251950911255041
lose	4.986005114015671	5.051224382806808	5.048670198930644
private	5.118581873289315	5.055840371965774	5.279845197290773
gentleman	5.16456926863385	4.9696958173036245	5.123671797322462
daughter	5.054532253130816	5.051728055101482	5.067911040310305
drive	4.846301381578206	5.087480948097202	4.952099183330562
strange	4.972340362503257	5.044897878321759	4.964544355606807
journey	5.138777619176894	4.940569603866977	5.046058237873066
uncle	5.108292059564435	4.9464414579722105	5.007049184032474
species	5.062753071960716	4.931140066986598	5.135370365802228
think	5.039751475845992	5.0295454816625265	5.0645007264325885
bed	4.983623349937283	4.845362267131539	4.8088338212364325
wind	4.930299984149387	4.950954327919781	4.8730136529016175
bless	5.0805531611575026	4.963811319392253	5.0033779314923805
destroy	4.894525812960755	5.083230356372473	5.107592631500479
author	5.237689095715702	4.98588857745718	5.294836928803826
sustain	5.0533205666899725	5.041393180905698	5.245574400065578
black	4.962697905031939	4.875002977961154	4.8579586854428936
event	5.095236034705808	5.0774923427555985	5.261938425833721
liberty	5.095654759776099	5.097984314183208	5.311467041200028
negro	4.9544813337748845	4.968399960633999	4.981483906932831
little	5.111525759085818	4.905207081655916	5.005209855898205
fortune	5.092215301276854	5.072795715335658	5.1629949219509035
touch	5.052885145682663	4.975573678557222	5.01103823312663
kill	4.782135136387957	5.091047810453398	4.898145230685866
feature	5.115971097111205	4.949123050574581	5.095111097775647
happiness	5.132146998179959	5.05975692364794	5.216170562587659
assume	5.093915773492288	5.02530481883637	5.210254599863696
notion	5.094853825158081	4.987389563283302	5.156763118988196
purchase	5.174330123631872	4.880650186488177	5.158456371165035
faithful	5.144537439712261	5.061183273369482	5.228647398726796
soldier	4.924465426459341	5.161185538927904	5.086334024604924
father	4.994750186030025	5.059557833580433	5.054140077343085
narrow	5.012176223591192	4.899686523722213	5.001948736902734
great	5.130561007076148	5.002376288470708	5.238003994203993
tear	4.90162908233802	5.003860999753073	4.871815441741252
honorable	5.152972709000125	5.109922407936407	5.356332847289821
previous	5.109044979457003	4.9681416162979115	5.1949315876834
good	5.105256724085609	4.995169440184207	5.120338979816488
domestic	5.166465708568818	4.949641259994622	5.188275877801765
glory	5.164865839210255	5.008863027714956	5.18147623813339
lay	4.996130808391883	4.907916840059056	4.956459592191288
occasion	5.0858401991398985	5.052153220536081	5.202359344093486
guard	4.915656062260972	5.114554058755743	5.076100774839295
whole	5.080315213227812	4.9549743443296315	5.147733908648381
mouth	4.970236143988609	4.889553519322366	4.852561919359959
receive	5.155240565075947	4.9808413900213955	5.221073688827475
take	5.017113276806094	4.98182473285916	5.056461315165807
simple	5.18465066894723	4.902032110465254	5.151478273502244
error	4.998657284660261	5.085760503174603	5.247952115698748
wisdom	5.118535187675504	5.0730940491707335	5.26911564316723
rock	4.962299147149214	4.896965901174448	4.896171540993122
decide	5.084156206694526	5.071350952807355	5.294806772650819
exclaim	4.912461746626012	5.06623270638896	4.8958463700404184
assure	5.081032187031981	5.065818742088073	5.1578051113952705
sign	5.051096346227731	4.98509310720867	5.1180980773623626
preserve	5.13560675164421	4.926631163554853	5.16808427165914
commerce	5.147328967699907	4.959114450118199	5.269000505394174
plant	5.114213357962791	4.802542476898201	5.003705200718703
walk	5.1263638451692515	4.876790794843705	4.918349189091258
difference	5.1062169902714185	4.948627454387555	5.206647005060193
hang	4.9484876127697754	4.904562931164256	4.831590001873616
following	5.254731380540336	4.875245056802474	5.234433394016277
employ	5.142455781401173	4.924776746964723	5.199731127470823
