deal	5.050597531582528	5.025545975524011	5.112091435383714
study	5.280131609381914	4.916486393761702	5.2402398500530945
afford	5.189805092766235	4.95364116377557	5.222071442709975
service	5.196596712702982	5.027043981892431	5.295765311313748
height	5.0694686802057545	4.899922144821895	5.05398249211359
prospect	5.171615786990228	5.00947216475407	5.179117061297718
pleasant	5.2410313291846835	4.877044857888958	4.9836132762008605
shade	5.125666516261948	4.8818294923338525	4.960951777741649
listen	5.036628893370308	5.094313144033699	5.048281366575478
mighty	5.005551660695138	5.061145433827105	5.095368356064763
country	5.131086432366871	5.022202976635449	5.276384874632968
title	5.239489672768768	4.969589637017869	5.350044848279011
choose	5.155008591324794	4.965668480353406	5.2166496789133285
village	5.161364045867737	4.934855516069378	5.088146306536131
acquire	5.220178205594991	4.976082458337085	5.297269226078211
rank	5.1431114607320465	5.073742952454664	5.288243311920261
bow	5.0535822812436475	4.9973983816197	5.001134560424988
doctor	5.007828125160071	5.0084979017591325	5.003816139989473
talent	5.253539960946199	5.027031801027015	5.324893377752848
source	5.179314515035893	4.973832573234383	5.2502912066070095
lead	5.0656389772238	5.045895584161098	5.160723714044689
question	5.075850272864501	5.0425424381824895	5.267141110134184
publish	5.255758908797225	4.937692043114767	5.332947641616756
interest	5.168240194558724	5.039184357313446	5.300543114959717
serve	5.057691835046742	4.985383672835161	5.103394007233126
divine	5.135720023924704	5.024140644426327	5.24951370228546
put	4.957447239200283	4.955741958922479	4.957510619026068
shadow	5.049345411842276	4.9537096410207235	5.004025408747672
practical	5.186249596220332	4.974695755573435	5.320791521904067
surface	5.058235367050115	4.830520443540845	4.962379971560655
account	5.113901258253771	4.988306795655532	5.199655442600532
loss	4.959181084385981	5.103697073464399	5.1408351470926865
indian	4.987998469454788	5.0488855161607225	5.129911462989692
vine	5.129809244332347	4.811259676624198	5.009706007996864
certain	5.05458013036142	5.034622639314055	5.210531286684652
sin	4.868521409029974	5.143569326269167	5.098087615407997
necessity	5.016480695256165	5.0796059055526595	5.2617488107145105
lose	4.9886892040085415	5.081146319443108	5.071998789871676
private	5.123101214695355	5.064982971562086	5.29568681126408
gentleman	5.165747193091425	4.980263557262161	5.12910475173043
daughter	5.057134582211818	5.079411504624025	5.091716887771931
drive	4.849954978162924	5.125935084915378	4.983316233526829
strange	4.96893552407303	5.080263975494397	4.981405630608846
journey	5.155563341258639	4.96291069798436	5.062753449484652
uncle	5.122840293681283	4.963274262767627	5.023351778444109
species	5.053262737901196	4.948742254707377	5.133646187960324
think	5.041605618964829	5.050537038372637	5.077563646149223
bed	4.991766111939135	4.879831592497728	4.826495558740215
wind	4.937998771449594	4.991950944500833	4.900867859708976
bless	5.085673121868615	4.995437150731352	5.026956937074958
destroy	4.884689915492885	5.113560108068049	5.124649385108185
author	5.227649513020732	4.989836710595298	5.288056292145509
sustain	5.052156731415716	5.059592953752821	5.260813875957312
black	4.948784030419929	4.9091607330912534	4.861488771513636
event	5.102165352612886	5.091972609441241	5.278727942504988
liberty	5.089848936310101	5.116742130950723	5.328923826623051
negro	4.9475310506689985	4.994676614687469	4.986794916787352
little	5.108250056982888	4.927560616351003	5.009240914541777
fortune	5.097936018192068	5.093422701311203	5.1838736793041695
touch	5.0515265701871215	5.000902888245926	5.021843782646809
kill	4.7854716923549505	5.120877725152939	4.920833411113092
feature	5.110339331734324	4.973111403575413	5.101423872901667
happiness	5.134896408374784	5.081338652486514	5.237153331745261
assume	5.088211462667843	5.04147097574177	5.2168527463397165
notion	5.078054525646316	5.000816708746186	5.152522446430886
purchase	5.176693504821764	4.893994020630588	5.160008134388777
faithful	5.14753482364015	5.076442594347638	5.245273878004895
soldier	4.931413460709104	5.189146978227535	5.119762692624435
father	4.99965426307888	5.087178606707686	5.077256821859715
narrow	5.006157404347208	4.930888855351211	5.016409684621271
great	5.125123288702083	5.017368395239516	5.241658263744153
tear	4.906147781335671	5.04538749314994	4.898830239117007
honorable	5.155458987292159	5.117278476508795	5.371997074378303
previous	5.114146940629928	4.980005668751614	5.201641054767722
good	5.10192137316074	5.0128534754728244	5.12752475646793
domestic	5.158255685609495	4.9696100053888195	5.190252766724393
glory	5.162716246784066	5.037496425262388	5.200357765586637
lay	4.996806495159307	4.938301401454257	4.97081067847705
occasion	5.090095287925813	5.065127544043425	5.2121874088667095
guard	4.922477147894455	5.141549255902597	5.109653248069373
whole	5.075852283476076	4.973475736074359	5.153139443458291
mouth	4.974074093645753	4.919223656870675	4.864352003828328
receive	5.157191176484263	4.991989852238044	5.225482649929965
take	5.020148076565255	5.000137263421984	5.068215903489083
simple	5.168086559057518	4.917523447549442	5.144658567048763
error	4.990391252491081	5.098522884340135	5.257039068050943
wisdom	5.108330017270693	5.08868464130725	5.277617245642883
rock	4.967601673662517	4.933466109338107	4.920286558003371
decide	5.087298921458604	5.0759487033303	5.308322163732553
exclaim	4.9231228949987615	5.098509958499545	4.924134733194165
assure	5.089342920059845	5.0809691952133145	5.173721526157799
sign	5.048231389782085	5.0003100061772185	5.1254330478283325
preserve	5.122729645714778	4.945036307835661	5.1670653118122
commerce	5.145714434625692	4.9736825756570235	5.275072198731148
plant	5.103857216318809	4.8264142470963005	5.004427263255227
walk	5.131500283373998	4.906516026150387	4.933562869496004
difference	5.0931034984707875	4.95981061757158	5.203061010524722
hang	4.947134048652712	4.9411404043047975	4.851650907595293
following	5.259161803131377	4.875838820150476	5.229693885033573
employ	5.132717874103313	4.93684489778432	5.194126247851244
