deal	5.05320009589128	4.997581679481161	5.1094899491562495
study	5.295908808598773	4.8991941367803955	5.262118290045534
afford	5.196830573924688	4.9350901481954335	5.235392054459351
service	5.197984872121361	5.010783137604347	5.291337115357731
height	5.077499885670337	4.868964490838997	5.05474645557804
prospect	5.172989236841845	4.982227810407651	5.178951792806349
pleasant	5.253235366413846	4.833771320416616	4.989901934184328
shade	5.143500646673448	4.846311863207625	4.975393079973084
listen	5.034357081814628	5.06525942090806	5.051649050978528
mighty	5.01308263193185	5.029758682962436	5.090015788793462
country	5.1335974168392315	5.007725116597301	5.278050127305681
title	5.235736958673816	4.9637747217309505	5.355038307206177
choose	5.15875184681443	4.94244037577812	5.212149861075635
village	5.162442528676066	4.895074792143522	5.08626751731072
acquire	5.231403584926887	4.96345246813996	5.309770223404938
rank	5.140742854386104	5.05383380568327	5.279997766659921
bow	5.054930824662664	4.9650651483700585	4.990852059219383
doctor	5.016051707963021	4.975814557382671	5.005748958891465
talent	5.259807762935908	5.010251460655925	5.332253541862518
source	5.191770778759499	4.967687922128178	5.273217183964771
lead	5.067343627545672	5.02284290367186	5.1666080952038325
question	5.067714727384176	5.03377262265459	5.272090821848136
publish	5.2572683941042975	4.932792185891755	5.347289992388544
interest	5.16484250026318	5.030116758317457	5.305688257204176
serve	5.067169125123285	4.962353460300583	5.103558899033507
divine	5.151591712049689	5.018891438696272	5.270111885896947
put	4.961845772508087	4.923997354316596	4.950119085923032
shadow	5.060295559640523	4.921348034000946	5.013863233098055
practical	5.192898630369481	4.9687716026742015	5.338071554779339
surface	5.072800468633959	4.802165139786085	4.973255699828387
account	5.110428012335803	4.974971648557327	5.207687616451196
loss	4.960114957150866	5.089069891223203	5.140127462012157
indian	4.977632130713902	5.028363399227058	5.126201171786685
vine	5.149438234667106	4.783008832108282	5.022675183845312
certain	5.058297823862256	5.017809322061937	5.2200435161254575
sin	4.886785226094387	5.130220403763113	5.111553821324821
necessity	5.014571397763951	5.07131673774187	5.268588156310787
lose	4.995346030496943	5.051763167892365	5.070794191582623
private	5.119263307593057	5.049843587006847	5.29606265768455
gentleman	5.159775581127576	4.946561784711673	5.121140445318667
daughter	5.065301468206393	5.046687794641509	5.087598518504003
drive	4.84623315909858	5.088428113340678	4.970428663137051
strange	4.9763528651174145	5.040184280448446	4.98720231580446
journey	5.157492508057333	4.930727490572577	5.067992325056314
uncle	5.127511837985005	4.926649570641866	5.0156913482782075
species	5.061186460371254	4.934597383570363	5.147424511874758
think	5.04742955850964	5.020246911266519	5.078196384074322
bed	5.008848685698709	4.836755271538166	4.834470260688313
wind	4.943551670868089	4.953269062932943	4.899899864857536
bless	5.105053585460152	4.96819823737384	5.028241951757271
destroy	4.894701167520761	5.095556857899214	5.128993805927803
author	5.231544231641462	4.9833418664455476	5.307330586101116
sustain	5.054582512733386	5.053107480805119	5.265066456598102
black	4.957253711572694	4.8675006491976305	4.856461041002616
event	5.096743882702	5.079355651680262	5.283340249399465
liberty	5.087495249257843	5.110275879561482	5.325122749438891
negro	4.948576552210557	4.955647402113523	4.9825671666211555
little	5.116759013399625	4.890678988986557	5.010642209472473
fortune	5.101837585065864	5.067346395180739	5.1791281456557
touch	5.058251275191019	4.976043939552471	5.030314111076311
kill	4.788723262752472	5.085625417661102	4.91007026643015
feature	5.113979970079133	4.947783040257018	5.1105689130428456
happiness	5.143327869650186	5.066525461660651	5.244922429157477
assume	5.081989870005741	5.024672439583296	5.217263691339747
notion	5.079075125033824	4.974475109714208	5.15362007424235
purchase	5.185434381260717	4.874083315466191	5.166872800631404
faithful	5.1528263499122335	5.062866037266283	5.249660729602684
soldier	4.920924367838529	5.155861152559791	5.098163224680012
father	5.008795870770187	5.059428084791438	5.074824844954994
narrow	5.013908796169747	4.89636677649368	5.023031777958685
great	5.127156513904236	5.002463111592402	5.246323545114568
tear	4.924205836237436	5.016117060577721	4.9026457991106485
honorable	5.1516076359132175	5.109324223538522	5.368662259763015
previous	5.111219685418921	4.964306074758922	5.209678409672798
good	5.109763907944455	4.987267600125179	5.12747177300849
domestic	5.166524606796897	4.951915772493097	5.200141113270931
glory	5.175855132660074	5.0153573115424805	5.1999579102562805
lay	5.0037504661164744	4.910379067119123	4.973742488073935
occasion	5.081652934065827	5.049314352894724	5.2163382794882285
guard	4.914128698048255	5.112370042943135	5.09920454414604
whole	5.077621775254772	4.951965020389029	5.154670438476876
mouth	4.975449908210697	4.881472810961304	4.859352754694649
receive	5.15934707128881	4.978953865337271	5.22955117342548
take	5.021944141368268	4.974220111551561	5.067069885465999
simple	5.182372659080417	4.897779405604893	5.163075364040765
error	4.993467954974688	5.095505399592861	5.272494319751054
wisdom	5.119513484925066	5.079054114237488	5.289250721367015
rock	4.974969079691192	4.897164452131999	4.921195068686594
decide	5.07500140714956	5.06392082928847	5.3075122187290695
exclaim	4.921120552871108	5.058435869857193	4.912471762472181
assure	5.082323282192802	5.059173872352643	5.1701786075636935
sign	5.051193361743283	4.977786856743393	5.129024376879085
preserve	5.138123857334786	4.932706345297664	5.178188285700481
commerce	5.1439454846521295	4.965871346852322	5.280632294866875
plant	5.127132634017628	4.798682266972451	5.020914877217133
walk	5.138904264738416	4.8581505684013475	4.936111041318849
difference	5.095982878351928	4.944973247465975	5.209814781889367
hang	4.959479207374154	4.894944080322035	4.848991956592122
following	5.2591245604814745	4.867744377996551	5.2443410618646515
employ	5.139878119924046	4.917526196090839	5.205297863843476
