deal	5.025014646429258	4.9766725102829295	5.091076957821199
study	5.249532743567102	4.879800873769938	5.236404165268629
afford	5.15537476863339	4.918490833675675	5.2038919309915554
service	5.168718982798943	4.987415093428861	5.274973636698205
height	5.071657920872726	4.853521959368229	5.039805999408763
prospect	5.133072617907798	4.97521409212664	5.161124101059339
pleasant	5.216184897019605	4.823905541762403	4.972999410658449
shade	5.115264531240292	4.840260801974543	4.955749902193753
listen	4.999730790269771	5.057286759745383	5.038736056773583
mighty	4.99038035381257	5.0238918588545065	5.08253152211773
country	5.0941329687917705	4.991247749802807	5.255239706182966
title	5.201990783734354	4.945366644265421	5.336286951062805
choose	5.133904428410034	4.926827564092439	5.202293248255739
village	5.132320763291684	4.891469216201552	5.070094385063559
acquire	5.19009351889221	4.944326846252468	5.284226028773098
rank	5.120841520688471	5.03701523227081	5.2689390493921
bow	5.05715318915906	4.947015165859849	4.9917610594122825
doctor	4.995703693010261	4.954129900026306	4.995220921974403
talent	5.216061837352371	4.992932957173587	5.310602948245715
source	5.13464911859388	4.954507922656271	5.242079333030163
lead	5.03619367472244	5.012191062694956	5.145614671680218
question	5.034966148125212	5.014829156835326	5.253205953018897
publish	5.211077769873677	4.9106523923621355	5.319559375716946
interest	5.120998818420362	5.0083274514353135	5.280786522380682
serve	5.048681054400871	4.938286170868241	5.084458557621288
divine	5.105519230526412	5.005228878282869	5.252596380417709
put	4.965192678443263	4.894475625804822	4.935380917900115
shadow	5.035766097197632	4.9182654721407735	4.9992916195864705
practical	5.150420168206177	4.947038997018722	5.309439737365726
surface	5.057829333924001	4.78768952973386	4.949430089935962
account	5.077713954991374	4.9510152481386465	5.179116995677319
loss	4.924212709498195	5.063991274488381	5.112464494809648
indian	4.966022465128052	5.0164758481371	5.1096629594945995
vine	5.125318969136641	4.770864586861153	4.996667081984864
certain	5.027875762319207	5.000196371195608	5.195251912053688
sin	4.837169328459336	5.118185835393519	5.092127803991948
necessity	4.984193951400007	5.051292559665053	5.242646323876665
lose	4.9671525059311845	5.037291853389036	5.05261037530888
private	5.078817220891028	5.028576447039475	5.269817797952567
gentleman	5.141153783224855	4.926194795451388	5.110087212483507
daughter	5.030265186482727	5.036284139321871	5.082708058169469
drive	4.839131543521187	5.076316856144899	4.957406898264499
strange	4.944682760326517	5.034234929069452	4.971099179727379
journey	5.124755627367083	4.922054701161834	5.044605483272962
uncle	5.097739062363707	4.912663358044623	5.008949150722439
species	5.031758426937869	4.910015524842043	5.110833106266707
think	5.013655945041691	5.006227640397353	5.065263348465283
bed	4.993352543460099	4.823204472487859	4.817078058152702
wind	4.9330928200506765	4.945948910198728	4.8858341974311035
bless	5.06478022655392	4.956147124050648	5.01894026311385
destroy	4.865290497475121	5.081155670001317	5.10604979822937
author	5.182146803466055	4.964190516953317	5.281001082531591
sustain	5.023950992520922	5.0294603540505864	5.24225961458435
black	4.973274489849069	4.847147012877851	4.852354028145988
event	5.055463274123849	5.066269447445706	5.262320029862506
liberty	5.050177459155544	5.093251074492541	5.314856466159008
negro	4.940158534459084	4.938811983029647	4.9680053511476725
little	5.0941526738851035	4.8724752724536184	4.994488980411755
fortune	5.064909948551004	5.052264716117475	5.160099837408357
touch	5.032711962627195	4.959869963969299	5.014750904554348
kill	4.779663820621044	5.074175348847357	4.899292186443317
feature	5.094906313534613	4.933077022130783	5.09781634848714
happiness	5.088214111825706	5.055779839489578	5.2252023301423325
assume	5.06529563012738	5.0033980680630865	5.202340222537694
notion	5.057897691350396	4.9574748928313035	5.142769533190437
purchase	5.1496676519456255	4.849550567432731	5.133110909787921
faithful	5.109373441544773	5.0507000611027895	5.238343538025576
soldier	4.917794743436122	5.143045329127753	5.09295697499005
father	4.971473414674619	5.051168763432902	5.069111791764302
narrow	4.998599235288357	4.886708637721198	5.001006893894197
great	5.096158320632187	4.9809842043061305	5.222908958538479
tear	4.893119852570979	5.002120077501627	4.888112576096967
honorable	5.110250642943359	5.092267594673006	5.352780773672999
previous	5.0823393747931025	4.944058173392997	5.185896316389313
good	5.077936116900767	4.966608830210678	5.110801927545104
domestic	5.124861467656996	4.928276073095197	5.172291465610468
glory	5.142002372598955	5.006807746961307	5.190453847229964
lay	4.996148915772807	4.891436570983504	4.958213813711819
occasion	5.0501878307666015	5.028600488061637	5.191619933963441
guard	4.909110974395257	5.102590756961847	5.0895487473837635
whole	5.057979351613	4.92932466267066	5.133167183581461
mouth	4.980355385404056	4.864359199654236	4.850465299343638
receive	5.126351726593741	4.95410369893005	5.206906040162168
take	5.006022630535474	4.952029754473046	5.049197532424741
simple	5.149396447301289	4.877952685213191	5.140800600094225
error	4.946283933039188	5.077642345990154	5.245278032103848
wisdom	5.076322783893391	5.066795914786768	5.272332209576442
rock	4.964519422278995	4.894275666838212	4.908142965819635
decide	5.045941140271516	5.048976264119472	5.291078399349643
exclaim	4.908469288368928	5.045694528947652	4.9070916873286405
assure	5.051550770210013	5.04527670319457	5.155794406568805
sign	5.035294628572725	4.961236378679123	5.116013922040462
preserve	5.113878958213338	4.908222740312566	5.15666063147262
commerce	5.113767446722927	4.942894969800333	5.247386639095352
plant	5.099685191300594	4.787833920962566	4.995528648886743
walk	5.122033348752855	4.848797008501213	4.921980375599966
difference	5.065724154268102	4.920917703287808	5.18495085913084
hang	4.961717881073056	4.882676592652195	4.840368346680305
following	5.224510583453008	4.846192569386668	5.222305929734769
employ	5.11611941972261	4.891379057543591	5.1716778950250815
