deal	5.040177283113436	5.00553514292078	5.0935155165936115
study	5.2919804830154	4.904048822324982	5.243329452405204
afford	5.195724220142631	4.940077664311639	5.213729971285638
service	5.18352939688638	5.0162235023376445	5.276516135992728
height	5.084321570407276	4.871561825028686	5.039424959844885
prospect	5.172894703701216	4.987477901393115	5.1614428268409585
pleasant	5.250050284836612	4.842560931996556	4.977961671027064
shade	5.146745734363581	4.843456569204615	4.952271802553448
listen	5.020556705168944	5.067551354519643	5.029120258293049
mighty	5.007180149227242	5.031217885249676	5.077137924901648
country	5.1352516193114095	5.009290921287255	5.266985162535641
title	5.229733768437691	4.967793622354895	5.337397578585371
choose	5.1396823249146495	4.956623837153019	5.199061653142079
village	5.155102118258625	4.9104727408567515	5.072879912441001
acquire	5.232324025504772	4.9658712783202725	5.298466550682053
rank	5.142125733456386	5.055568091571233	5.273448552355775
bow	5.048539588854932	4.965835642642897	4.977204864724911
doctor	4.992998296595479	4.987760785838733	4.9858458522351174
talent	5.261860090700481	5.012396889902521	5.321007736456626
source	5.193554591413648	4.962934277394118	5.25044705092642
lead	5.059466481982361	5.027350761941246	5.14651357620599
question	5.062112989108406	5.041858555279447	5.252240473880005
publish	5.252889642989781	4.939538248206563	5.32407359027807
interest	5.1637759775879255	5.030878504794195	5.286403238972478
serve	5.052641195949453	4.965417809752054	5.087304374765405
divine	5.143471251536994	5.009906132184229	5.245470512815526
put	4.9447961971456555	4.931988232926145	4.930616958521707
shadow	5.057813812336738	4.920454183757227	4.986282193849562
practical	5.1982946934365195	4.970098091343609	5.320191919029104
surface	5.084569355726172	4.8036063347604525	4.953516531308377
account	5.105481629786624	4.981539003775421	5.185991072355048
loss	4.9391720427128005	5.0869619983002	5.114560535877784
indian	4.9749562226361155	5.035150030970727	5.115116465008735
vine	5.148015920089109	4.786821844247995	4.998846506533888
certain	5.053068586938351	5.022709860301171	5.201162379790388
sin	4.852603679052762	5.12060133894116	5.078057970124702
necessity	5.012695141559305	5.070987007790716	5.247300481881299
lose	4.97630843776492	5.053129181055397	5.048446260057952
private	5.106512370130826	5.053471021217872	5.270708257893672
gentleman	5.146814458229725	4.963917648586379	5.108411356120936
daughter	5.028026089050238	5.052904319982526	5.064340982434797
drive	4.83112818010693	5.092587644065232	4.952195601991769
strange	4.958151644942057	5.044592700032052	4.962693115668257
journey	5.144327037901339	4.9392250318196	5.04289674089173
uncle	5.091724465610773	4.94211204429283	4.991567032331166
species	5.062280578857129	4.9313158841540865	5.1256681627489735
think	5.0242626068460465	5.028208833656543	5.0567522917732735
bed	4.988192062284514	4.84517578068746	4.802915822218438
wind	4.945658987155841	4.952864116048381	4.880792698317843
bless	5.070878982298012	4.9668772566894415	5.004825297629067
destroy	4.878617614632273	5.091646179442315	5.106880568302182
author	5.230629370844064	4.9838257537201915	5.28649567437776
sustain	5.054121829919444	5.0491312440985485	5.244885967418272
black	4.9553615899236325	4.872228628631227	4.841814699837017
event	5.096080310638903	5.0839226020389585	5.264412404075057
liberty	5.086598500018206	5.107859004520874	5.316012266037364
negro	4.9276068171067875	4.970555120170845	4.965157244636985
little	5.10481685554289	4.901836854408448	4.9956499433451
fortune	5.080367737693648	5.071070490006419	5.159363127155783
touch	5.052191155127247	4.97579366694695	5.010121546102201
kill	4.746943434032939	5.096266230251269	4.888182511355314
feature	5.124883758067929	4.948341615708683	5.092625192520509
happiness	5.131454545829993	5.063470380881889	5.223641849701875
assume	5.08912329869529	5.027048010153544	5.203457507358701
notion	5.076714177344845	4.985647938886378	5.143331851221497
purchase	5.158611302410871	4.8793899933314195	5.136713252519086
faithful	5.131563139081505	5.062260686597119	5.226885960524262
soldier	4.908004078577464	5.158888099300468	5.087041518078876
father	4.969104350034363	5.06539745307717	5.0504013621721695
narrow	5.015963592719608	4.901853995946256	5.000631885933019
great	5.1289076942944645	5.00586124915375	5.234784916508603
tear	4.900423432020084	5.0089073332853244	4.875475677289012
honorable	5.138095248085381	5.110524135597851	5.349967609427411
previous	5.110861723972813	4.974042161226485	5.189368299408862
good	5.091739827092568	4.994025367148042	5.114026411515105
domestic	5.165559338420161	4.952314458833315	5.185603375322271
glory	5.174132448329879	5.007244600889225	5.187841455923527
lay	4.9950834120002385	4.91376935390404	4.949359152067786
occasion	5.084863657131912	5.0539370076094245	5.199412335496151
guard	4.899321338538074	5.114045093799617	5.07379123959861
whole	5.080377025852822	4.959030217222933	5.142273796373003
mouth	4.975957271837854	4.887164154162629	4.84423272385128
receive	5.146846715107253	4.982865242788598	5.210755334470549
take	5.004903465101255	4.983476168124888	5.0459667380485005
simple	5.182080706193178	4.898725784803122	5.144038339983125
error	4.986360394210781	5.090356190661492	5.243938141145418
wisdom	5.111286063499905	5.0721178447934205	5.270160663464662
rock	4.973117556131504	4.899560786338655	4.897987136040386
decide	5.072383565731035	5.073673494472402	5.287478447848915
exclaim	4.894454244573363	5.066433608411784	4.8909113236141355
assure	5.0667976334971385	5.066978889782218	5.150783196103893
sign	5.03906329916494	4.985018909951649	5.1078579608391905
preserve	5.139566920963385	4.930176706415121	5.163891660219008
commerce	5.154809005875967	4.962907156215879	5.2641020852075995
plant	5.124018842762357	4.802009070133391	5.00006872026984
walk	5.1256862004742905	4.869450533697489	4.913026626749028
difference	5.095430539367775	4.950805025470063	5.197824921475431
hang	4.942076984372105	4.898450246608185	4.819186059724854
following	5.26060384637587	4.876202677544811	5.223819132347282
employ	5.138637499974331	4.92212676288971	5.184786328058354
