deal	5.019306923686309	5.050128992664774	5.118962932528665
study	5.257960507136635	4.941328718044202	5.2596658526924385
afford	5.1664188963794135	4.976684450270952	5.232764078734759
service	5.159932827861933	5.04874894027626	5.295278828176158
height	5.056313178528656	4.910464672508514	5.054596717898072
prospect	5.135669848762603	5.031095300576075	5.180581487848883
pleasant	5.217861025536502	4.883270626416367	4.996003650202977
shade	5.111994930404267	4.890394925144262	4.970461675627015
listen	4.991424851606807	5.118831438809372	5.057114382963596
mighty	4.9784600622787725	5.088050115517392	5.1002680136781535
country	5.097651549665755	5.055441913942342	5.282478307777305
title	5.191788867033443	5.006146872886691	5.35124050416115
choose	5.1175167911774455	4.987570961081133	5.215588822496561
village	5.132859565984828	4.94436592589976	5.091136029131044
acquire	5.198622391552765	5.00882709001929	5.314358665299569
rank	5.112170058702446	5.097607470723113	5.288804622834167
bow	5.031021753060935	5.00978575038487	5.004621945372491
doctor	4.977153115898203	5.027254964396718	5.015487379175439
talent	5.224414067081617	5.055891643803147	5.335285771102347
source	5.145432495904076	5.015490569368655	5.268109108640177
lead	5.03474072356493	5.073711566507997	5.168490536177927
question	5.029369698367842	5.080682011401572	5.2727902722999795
publish	5.210005744085573	4.974127777630759	5.336531841096757
interest	5.123922107536814	5.075102796533509	5.304986362297247
serve	5.034743390174891	5.00802821172318	5.1110048097755
divine	5.100828729878052	5.063691635502216	5.264755487051419
put	4.939453905875393	4.971142290189128	4.961418125051732
shadow	5.0248426229492384	4.9719407735356125	5.0094154041742005
practical	5.158791539570146	5.012429411624057	5.336445716195003
surface	5.053865555906153	4.845048991136071	4.971374806135391
account	5.076105738629594	5.019842051539167	5.207561562206747
loss	4.913752899669015	5.135575442143756	5.1415099963787645
indian	4.956629183210183	5.078639115690917	5.1389097626777955
vine	5.120777647091295	4.8202584930099555	5.016031179494868
certain	5.024903868790051	5.06663063168065	5.222327837424672
sin	4.821176141941436	5.182823164494036	5.10592625794356
necessity	4.982615292916308	5.116095300138018	5.2699449641627805
lose	4.9529561257728	5.107387426586296	5.076742131460456
private	5.0750450344154645	5.093403194455984	5.290528397317698
gentleman	5.129883683758796	4.991329621192469	5.129627225164563
daughter	5.003763916056862	5.09728026262668	5.089408695216741
drive	4.820916225712038	5.144307248686443	4.984002000463273
strange	4.932658313560425	5.1015006199130735	4.9925719363229994
journey	5.122855670641775	4.979617572936737	5.069854231951748
uncle	5.0729631607562204	4.98036319353854	5.021578213943535
species	5.031975850801676	4.977793869583584	5.147473593613777
think	4.999774072279877	5.076756962383798	5.0842612673425815
bed	4.97647871034748	4.8835337949064686	4.834568030983825
wind	4.918975641029044	5.007279208602832	4.908801002637332
bless	5.040795282067257	5.017410717038456	5.0306140779844775
destroy	4.853201825208734	5.148988516596029	5.131180011813972
author	5.186560227213826	5.029273717964365	5.302198803001785
sustain	5.020236465862411	5.094164168437579	5.263100795009847
black	4.94511566049883	4.911255808451256	4.867836194988877
event	5.055366634888231	5.130096643605572	5.282767301528946
liberty	5.039610764970778	5.157870066088579	5.3284005646265005
negro	4.927127383284328	5.006064439761855	4.9953745233290965
little	5.087176403026134	4.940914349499782	5.019674174728313
fortune	5.054642306132112	5.119824143963845	5.183218172759549
touch	5.021144505685484	5.026432118849047	5.034926769827844
kill	4.74785181770755	5.144779171029697	4.925330503277105
feature	5.0883065460497985	4.992537637981825	5.109532707630599
happiness	5.084529368351049	5.117118913496736	5.24219740294144
assume	5.058260182984969	5.068215387681676	5.222503514868709
notion	5.048625464456316	5.0311636261146235	5.164499762938681
purchase	5.145144678790272	4.912360886371174	5.162190276645564
faithful	5.100093656519472	5.1099785972266565	5.249429311143964
soldier	4.895376852016024	5.205905714678541	5.114080191304882
father	4.948669270599348	5.112064180584927	5.078663925693094
narrow	4.995502140700667	4.944763177042733	5.022145577351664
great	5.098555330857246	5.048568673371464	5.252726996289207
tear	4.8715925479555064	5.068459162397122	4.906335802394904
honorable	5.103130154143208	5.151820951496175	5.366569719199945
previous	5.080670946976781	5.005574151624062	5.208097131461131
good	5.068281779703379	5.037745916401675	5.136075243946046
domestic	5.129378882789422	4.996104156867888	5.203560280092379
glory	5.129821289682028	5.06691164165936	5.204271467360348
lay	4.979544719033742	4.956107129102587	4.976947849329097
occasion	5.053246224360444	5.093815074172632	5.219621146289237
guard	4.888014031691507	5.160374276061429	5.1048120997302835
whole	5.053315166786898	4.998475460284305	5.160237337679803
mouth	4.958485130624974	4.93125804942435	4.871055521506046
receive	5.122294933578275	5.017257131852223	5.232024554266335
take	4.990118934372404	5.0217248390267715	5.073751815754987
simple	5.151365961295272	4.941647678580813	5.163121852216261
error	4.9426108427787145	5.145656150544844	5.264293773056315
wisdom	5.071922653157279	5.1295448968636395	5.289448779793427
rock	4.950108304810209	4.949833668810049	4.923980665671039
decide	5.040354039485223	5.110603513946489	5.306566840181285
exclaim	4.883451966299125	5.113707810199035	4.927347931584649
assure	5.043393159875173	5.109022073504147	5.17706897048278
sign	5.0182569466290525	5.025330853905028	5.132638011437389
preserve	5.1070199120165	4.974754079537233	5.181589994339982
commerce	5.117038348515844	5.008354022611435	5.2820836125512
plant	5.098085384655696	4.838613982508522	5.016851682420701
walk	5.11261707645995	4.905356423264115	4.939497641362056
difference	5.060439847553817	4.990655307327879	5.213235540437375
hang	4.932737681800532	4.944176659613038	4.852220556429844
following	5.222911217515989	4.90357404370678	5.240191287660702
employ	5.120687851589529	4.957891671740032	5.20746171064295
