deal	5.0454338362576125	4.992691523285214	5.0848755039523
study	5.261742059337684	4.913660838999117	5.226765337383458
afford	5.16355342808685	4.937735244388697	5.189799853208822
service	5.188741720580701	5.006611361317923	5.270332096022231
height	5.0448688765480005	4.843126721353338	4.999161973797774
prospect	5.148706290275617	4.981045112946223	5.142440566553827
pleasant	5.212305319608606	4.836860079238246	4.954349983659242
shade	5.0946584256983325	4.8334927312193745	4.918565470142125
listen	5.0287172345960816	5.057159587648748	5.024258536143477
mighty	4.999358381266385	5.008328369807369	5.050030089640516
country	5.110215752143541	5.002985986178558	5.241110572642109
title	5.224007910259095	4.9641868212399345	5.3290141863311
choose	5.14001208743409	4.934558807429358	5.185881478100986
village	5.135272034358854	4.889421003724163	5.047923726830485
acquire	5.20570509727631	4.968274920763642	5.273469000955529
rank	5.138532318665816	5.042344159295112	5.253864055002452
bow	5.045838354814178	4.9436884665342555	4.962205693926349
doctor	5.011194814491236	4.972645482989241	4.988283389503472
talent	5.245941762178547	5.0156936043848335	5.3045987205694045
source	5.150664322629302	4.967734070785377	5.222471663837113
lead	5.048238815803786	5.016411577114138	5.126502067627932
question	5.05831010387758	5.0361940238428975	5.246460397986344
publish	5.232809031814769	4.938256687099755	5.315378272527466
interest	5.145088644559213	5.031957139918378	5.27287296860109
serve	5.047668551786797	4.9475609834171586	5.069714704445181
divine	5.1188362869631145	5.012031234172738	5.226260253630315
put	4.9473861365453	4.903121317700534	4.917638802887895
shadow	5.027043981774418	4.907978499219751	4.96324760516683
practical	5.164058366111726	4.9748215713791675	5.297906529003779
surface	5.0238013219196604	4.784610337701819	4.911984297307318
account	5.092745001639959	4.972404424208702	5.172914871334728
loss	4.951472670497221	5.067938925395045	5.103229581998298
indian	4.972801552191344	5.010372842762273	5.092626509896089
vine	5.0953771609472875	4.771138117642199	4.96276499162943
certain	5.0382527265376185	5.014903073243251	5.180662802654397
sin	4.870138785287465	5.106564373521939	5.068765930963706
necessity	5.000185166475305	5.0631446918922345	5.2293732424863135
lose	4.982596034422196	5.037436852826174	5.035210621982116
private	5.107741574615029	5.047991628931614	5.266356927405312
gentleman	5.159232442638061	4.950531377723922	5.108870863892691
daughter	5.062068895962583	5.040199529234692	5.070326671456156
drive	4.846545019722756	5.059047255352264	4.933096706932285
strange	4.964110244267541	5.034486968307728	4.95326259957431
journey	5.136631206008761	4.927126332307659	5.032410753178478
uncle	5.121755811957127	4.925941737818056	5.004399778917103
species	5.020966426996751	4.92073573206064	5.089809069358739
think	5.0397212293697775	5.017641210896476	5.056647543833305
bed	4.972706658531475	4.819518086436659	4.787699125742644
wind	4.9178796444130555	4.928947995981849	4.85094326331146
bless	5.079306920780146	4.949889244195922	4.995373877356399
destroy	4.875867714532882	5.0689638515819775	5.0788800639220835
author	5.2084927346017444	4.989381632189189	5.274123775774693
sustain	5.032265229772979	5.036901440280401	5.220882692191829
black	4.937542465453044	4.839608145454056	4.816647156031686
event	5.085131105152481	5.077035201884552	5.2501909880496695
liberty	5.075890008159904	5.097939537854387	5.298512276859514
negro	4.9436310734821225	4.9402977569949265	4.950934564473379
little	5.093369848870314	4.887885031945199	4.9793286134358885
fortune	5.097668461572665	5.062373332781219	5.153524362287209
touch	5.037291436677193	4.96376842265629	4.99363926928363
kill	4.800621885333289	5.049712145048887	4.881584255966846
feature	5.0913485668283	4.94326678120989	5.071974486589831
happiness	5.120300807018433	5.0664997302078785	5.212148530215754
assume	5.070758007096871	5.01897551065218	5.187053297558471
notion	5.07190446608313	4.979579422961337	5.134174972247365
purchase	5.152391557432717	4.871174714876405	5.126517494698568
faithful	5.142959682613783	5.059752085537338	5.22637359755358
soldier	4.94088767958465	5.128637139139485	5.077253007591341
father	5.00321889596838	5.047064413303744	5.052917748513997
narrow	4.981859014877348	4.882953826518023	4.9681595272380035
great	5.107008146969198	4.9962992877046375	5.20857589104983
tear	4.899770765471118	4.988725267432396	4.860480531886736
honorable	5.153154006252404	5.107227505715147	5.350225059587778
previous	5.087898837970325	4.961596568884085	5.172697139299261
good	5.096267847756303	4.983036898534692	5.103460732404052
domestic	5.1274393981427	4.955375126171063	5.161777824358613
glory	5.153394876124509	4.999288207079775	5.162698014662718
lay	4.974059106709717	4.888651513242506	4.926310997897247
occasion	5.070251138072685	5.045303206535932	5.184591005076594
guard	4.919759947242232	5.090912733169119	5.068549943030415
whole	5.05177732561604	4.940244961202156	5.111573374958492
mouth	4.959582192301838	4.856420339222515	4.8213929826725215
receive	5.137380400165209	4.97347214250786	5.197856800850034
take	5.007403178218645	4.962561617337975	5.036564068403771
simple	5.143120010160663	4.8991240401383545	5.119309590049956
error	4.978548027347841	5.086492612916199	5.23091208284764
wisdom	5.103122345544626	5.072950698800561	5.2533495215769
rock	4.944903331673738	4.869056341072386	4.86525635521899
decide	5.072988100188423	5.064158356789495	5.283108227602024
exclaim	4.929733275604064	5.038213468601762	4.891178117138165
assure	5.08295001234577	5.05745230718789	5.151216313198809
sign	5.036950144200217	4.969543868692089	5.097028504541136
preserve	5.101719144224485	4.920390711336042	5.134280416806299
commerce	5.110376009060337	4.964031810203643	5.235183952392887
plant	5.071500471550008	4.784656333693771	4.958781975968728
walk	5.113857110372243	4.8525452070165835	4.899418660831649
difference	5.070459619714168	4.941547129360627	5.173302253711854
hang	4.9376446272893055	4.87078140333117	4.80403440666449
following	5.22212501577729	4.870364343078549	5.207849476905091
employ	5.1098255006234465	4.915528387297425	5.159283787977233
