deal	5.034135403802595	5.0060024234439995	5.107646429075876
study	5.259398228250058	4.908085392348858	5.244345881087148
afford	5.161398763262123	4.94073428672074	5.213369327075707
service	5.17291976185422	5.009344914432962	5.283862944501274
height	5.043300871752023	4.862418546031872	5.022529282246671
prospect	5.136438667420183	4.985391457631716	5.160150834040232
pleasant	5.205272710389071	4.844262765251718	4.970226581697201
shade	5.096804687105448	4.842702756353207	4.937720555386399
listen	5.003440945397502	5.060491700830692	5.033393181261739
mighty	4.985070167905197	5.022127610536168	5.072640507387158
country	5.103669594387628	5.0104147252491975	5.2650989675362805
title	5.207766907413155	4.968083919204323	5.340496255932711
choose	5.1248795146693205	4.94689919542508	5.19665056659564
village	5.115685917242674	4.901417372209913	5.062374262124542
acquire	5.20368733898787	4.968485686670407	5.297884343244034
rank	5.127115428091711	5.0515869669327405	5.272340143224364
bow	5.036802659918776	4.955011579109595	4.978705391419688
doctor	4.992694728397656	4.981719436324496	5.003936252140222
talent	5.238353821258232	5.019041831949991	5.325452916098121
source	5.149337255880305	4.97004424597804	5.248805901646847
lead	5.038909980003354	5.01756489630981	5.143359675974726
question	5.04541850692426	5.03563344521553	5.2596341674677705
publish	5.218062508382681	4.940807043158753	5.328252785810464
interest	5.139256945353865	5.033417322076002	5.295011716122062
serve	5.044257382191329	4.9573784736561395	5.089893099912668
divine	5.116836743219621	5.010248630394939	5.2464824121411135
put	4.9498040251388025	4.922533876552574	4.943062275315116
shadow	5.0202089224494655	4.913280844886877	4.976854756314233
practical	5.167605763190795	4.974165901183239	5.32310606223144
surface	5.033201482004284	4.800592045004148	4.9390354584463525
account	5.083388055140682	4.9808516599807975	5.195620819076727
loss	4.933484379050812	5.0815727198912874	5.128849424248267
indian	4.9559471102732955	5.018810596136824	5.107879212057066
vine	5.102805539465672	4.785850670685073	4.9873366801021985
certain	5.035630864075929	5.016565937184776	5.2032465818083535
sin	4.853940865589987	5.116051884137737	5.089718986754905
necessity	4.997139473613259	5.065708726190476	5.253233740138179
lose	4.970672133649285	5.047973708651872	5.05745570578223
private	5.095319476166337	5.050632334959721	5.283905634870847
gentleman	5.138854180141867	4.958968210674389	5.118898146443146
daughter	5.030136012028054	5.043770492301759	5.075368747029914
drive	4.829403330766546	5.080142520506519	4.956979425169749
strange	4.945526330187554	5.036770866377742	4.965991097461183
journey	5.113376462014217	4.929777509222851	5.042026703649168
uncle	5.090106736493334	4.937324198197857	5.012044134987092
species	5.03360325772691	4.937316497185163	5.127748143358973
think	5.018821664751897	5.023862492111471	5.068789375022238
bed	4.966182841091312	4.834624874706302	4.806194640290166
wind	4.914367027573209	4.946574815805684	4.875589669755959
bless	5.06008306126292	4.963666474352926	5.01158173839107
destroy	4.870966087621901	5.084031212934429	5.109308012761643
author	5.199134415433689	4.9908652689165045	5.291028978981207
sustain	5.030917226548492	5.043876897909772	5.247233119617731
black	4.93517059129635	4.861839624137402	4.836830013310722
event	5.067309220112092	5.074505461845204	5.266035961538149
liberty	5.064856343531215	5.105707434713107	5.317747499371252
negro	4.9252215972108155	4.958581286070076	4.972113819149555
little	5.086621622612419	4.896788725105123	4.998304219041628
fortune	5.080356822157725	5.068114313140099	5.172898735880805
touch	5.028122031195976	4.969514618919024	5.009041220072002
kill	4.764456694486028	5.074211936918882	4.89476460708763
feature	5.085934594984093	4.940235050499659	5.0843690278521665
happiness	5.111121537226033	5.0657030121458595	5.23102909529217
assume	5.06711071610213	5.021345042006775	5.206905482552324
notion	5.066717421172076	4.987962981561413	5.155023881915473
purchase	5.144198851512197	4.883284778934937	5.149069548347306
faithful	5.12195338564096	5.05450104258081	5.234679026797861
soldier	4.912323116749728	5.139983746631816	5.088625743546132
father	4.97005122101341	5.050772756997436	5.060879975747784
narrow	4.982125026607089	4.890935398224949	4.989746686062308
great	5.1028062043249385	5.002481028821204	5.233310390358028
tear	4.884572037946834	5.003091650512219	4.879501622884288
honorable	5.130919098098662	5.107951362857923	5.3607218659912315
previous	5.079160544562886	4.963974069048195	5.1902058615673745
good	5.084619874819443	4.992453171396499	5.122634796324742
domestic	5.137296681495755	4.95857227977453	5.1907208223565435
glory	5.14393570613595	5.010375721762132	5.1830371663599
lay	4.974953684006808	4.90045467344927	4.949013556430319
occasion	5.061000756277273	5.0501799929717475	5.204841466787093
guard	4.902465560096901	5.096326669459857	5.080379759453756
whole	5.052686370917215	4.9502799775390125	5.137511571842157
mouth	4.950894083365861	4.87556650129696	4.840849083161568
receive	5.127168170060003	4.978836833894595	5.217158723936855
take	4.99751951439656	4.973455025288647	5.054535066390208
simple	5.152022039742197	4.898291629327647	5.1423131414322825
error	4.969430649641119	5.091294329391172	5.25346939687298
wisdom	5.097806452489341	5.071576644274162	5.274802324318313
rock	4.935056395926448	4.886653992240528	4.884757937817392
decide	5.056428514376831	5.0648548138918255	5.293098850575046
exclaim	4.897560426158724	5.052453475292156	4.901981667075493
assure	5.059382649954131	5.059256593389593	5.161719834514255
sign	5.025868557278923	4.970006609616311	5.110153637494904
preserve	5.109964471449159	4.926586200698247	5.1602058381060285
commerce	5.120116888763028	4.970421519119635	5.265664078937465
plant	5.079824368403383	4.8000924221997465	4.98516411638321
walk	5.101246526589644	4.8630035924209	4.912251319462354
difference	5.070869639914904	4.950915137603775	5.1977356420554965
hang	4.933040651072679	4.887994070614626	4.82294535850442
following	5.216429136228981	4.872108565188675	5.222236082094693
employ	5.1164493245896026	4.921995901199047	5.188727920338208
