deal	5.047746394633174	5.008083940768526	5.112725151443086
study	5.274266213752918	4.905529802097097	5.246983531311151
afford	5.172350866887691	4.947199800229721	5.22512394615397
service	5.176763916618874	5.011259131346611	5.291960544502541
height	5.063997088731154	4.879803512473564	5.04565243437464
prospect	5.1540495066670236	4.996270787926759	5.171003785103409
pleasant	5.2318583349362955	4.840311617544008	4.971671513174779
shade	5.124910427523394	4.845855936536844	4.9461553865216485
listen	5.029669213790943	5.071164493363099	5.038850310370385
mighty	5.004256413856083	5.035929771792211	5.081517153992715
country	5.1186953981269125	5.0157967307282885	5.279985037075904
title	5.221162830221681	4.970945400552679	5.3526323372680125
choose	5.14100833261567	4.947301419591341	5.205424076020693
village	5.13626793183086	4.905795244039321	5.073821580069346
acquire	5.213704531888626	4.974177163066167	5.3056879750373085
rank	5.126379725069467	5.063583782574045	5.2814546209940625
bow	5.052394737024204	4.963450603329157	4.989091792305326
doctor	5.007640889086105	4.9801658055768145	5.002146280442361
talent	5.242134285578116	5.02389341883317	5.328625947685779
source	5.171685113260445	4.973346748071863	5.258023780565287
lead	5.054581556268329	5.034506311550813	5.158037533270369
question	5.0656612319369865	5.046006929808732	5.273416327537523
publish	5.238070474689196	4.940330699958309	5.342398908893642
interest	5.150265329605737	5.038798637348406	5.302824199727101
serve	5.053207727612815	4.961648168476374	5.0968200945875175
divine	5.136710529064503	5.0109005148521115	5.245517616728172
put	4.961937572009086	4.926562690985211	4.951357497337449
shadow	5.050045693488833	4.926430418398388	4.989514837859637
practical	5.181576364064818	4.979431123599425	5.334917728075
surface	5.065757192896411	4.809597005480516	4.959553167086141
account	5.098604197886863	4.986411343571844	5.2069391149161195
loss	4.94678476886966	5.0923738509967595	5.136703554824107
indian	4.973428970732113	5.037611437217729	5.1299639714002305
vine	5.141109103915309	4.78788746923814	5.008175735632923
certain	5.047942735300716	5.029776735393697	5.213086569996516
sin	4.879328448279126	5.11715014705186	5.089048774496795
necessity	5.008133158995073	5.07884563449394	5.266734898864316
lose	4.9844830949433465	5.060170140006287	5.062902874607368
private	5.098009276337605	5.058050352719003	5.291863533661634
gentleman	5.143795470578947	4.960830030882332	5.1221871404505634
daughter	5.044507746716979	5.043955581451993	5.072267300062847
drive	4.8415308971586315	5.0996048102142275	4.970490286114581
strange	4.966310298755209	5.051772108313629	4.968913278981098
journey	5.1372616358393275	4.942417726860993	5.057241229552752
uncle	5.114188358773725	4.9327075047423286	5.013375114775853
species	5.050252032635475	4.940924586825661	5.139057031062495
think	5.041288103281076	5.0288287389662205	5.072584018378646
bed	4.9926248679895275	4.831110660756508	4.809906476066351
wind	4.944298345930258	4.962663571497365	4.894360611461282
bless	5.091953328545497	4.95374714714456	5.00877129674076
destroy	4.8830831383583435	5.096460523023809	5.117607267972801
author	5.216456143507714	4.9928169408812035	5.297970499159863
sustain	5.042597493065449	5.054196990119247	5.258530946696036
black	4.952885987988046	4.866305045833416	4.849989955473989
event	5.083517429912792	5.093881259700039	5.2772555439494395
liberty	5.080488928281955	5.111155707251786	5.328226151912649
negro	4.935325077375277	4.96488708725073	4.981516435956661
little	5.1028814341233115	4.8995264827618294	5.002439895599932
fortune	5.0825377308395945	5.078476237271258	5.17431665042692
touch	5.052340225549013	4.97844487154482	5.017038554777619
kill	4.790886909921441	5.090080017840464	4.910603738896992
feature	5.100454026676055	4.954185917830419	5.091952107910053
happiness	5.12819285705009	5.067397923161731	5.229806742872554
assume	5.073284789000443	5.034195920085932	5.2131148348716385
notion	5.082215444456718	4.991575011355207	5.158915433096237
purchase	5.157930189077652	4.873770799191584	5.156488204232871
faithful	5.135066609859806	5.059740146911303	5.238794716960744
soldier	4.920201689066359	5.164252755652814	5.1075452170607285
father	4.9920814459733265	5.053509403229649	5.059694698895492
narrow	4.998018693879119	4.908264784114906	5.007789172541563
great	5.112763563301652	5.012900408258846	5.2440210065110735
tear	4.916816541397364	5.002982499850414	4.8836913476489485
honorable	5.135783723308718	5.116009309889991	5.370276157817097
previous	5.094606913638845	4.974241381983324	5.20284137152053
good	5.09727082796487	4.992860666212715	5.125645044241984
domestic	5.147281493645494	4.953047278582063	5.19222520469478
glory	5.161708923412724	5.014569239759814	5.186505017186093
lay	4.993447534257289	4.90722358058927	4.959994211934073
occasion	5.0717065467076905	5.060337798788747	5.214670430872213
guard	4.911721325612837	5.119946235623714	5.101028388437414
whole	5.0635591620767615	4.959799821083926	5.148303969879953
mouth	4.9753136518910575	4.887647619138252	4.858007599831275
receive	5.1387900590491515	4.981427696328086	5.225520133362299
take	5.011694233592365	4.981011740957857	5.064138273189632
simple	5.16652295853442	4.899898899514715	5.143361745782879
error	4.989591474652588	5.103538594136522	5.264527446989992
wisdom	5.108277369938802	5.080561532460201	5.275979857421873
rock	4.967618477521792	4.903654079266186	4.907778797505358
decide	5.07288908165713	5.0816083025852965	5.310404199263528
exclaim	4.920613813490908	5.064204448145836	4.910646972776533
assure	5.07820645400793	5.071311511526493	5.172160922878997
sign	5.040506394586843	4.984660056615563	5.1195021272131855
preserve	5.122140342905177	4.928440901307256	5.166159243082174
commerce	5.1340277761478745	4.976256275568192	5.287387751644457
plant	5.114733786305932	4.799659243697712	5.001793051867642
walk	5.1212895524926205	4.866708510084524	4.917767954404587
difference	5.089296318605369	4.956396141396717	5.210285833013293
hang	4.9535177125215295	4.897007957690375	4.833482245332527
following	5.243465748506098	4.872710989735334	5.236794085471714
employ	5.121593166780046	4.927098366978804	5.201659546261984
