deal	5.055039060755976	4.997442824688553	5.119963132014212
study	5.297810779857307	4.912458095013015	5.281799016388984
afford	5.185706456323693	4.942721888529415	5.237253985429865
service	5.199540207314043	5.003944534504425	5.301310932683093
height	5.068698978516894	4.887425900969048	5.061423317739749
prospect	5.1680377117713885	4.986455259074216	5.18335498966409
pleasant	5.253823221917844	4.85169450221139	5.004001210221647
shade	5.138036812809486	4.866846486194822	4.982680017407493
listen	5.044839011434895	5.057598343113918	5.059631999145999
mighty	5.014259441355294	5.038722264767467	5.100670745596887
country	5.12912472223316	5.012719879461898	5.292181680087306
title	5.243032882394815	4.9615209351608875	5.378140835116415
choose	5.148477090922895	4.945183664877158	5.223450863956372
village	5.1589081497387	4.914075461387933	5.102134667682017
acquire	5.226498139959241	4.976782655053126	5.327406725477083
rank	5.14154537192521	5.058030942499512	5.29477401601159
bow	5.0635075400934735	4.967987024975388	5.002489287696608
doctor	5.024742374639123	4.969715372447445	5.014907217855471
talent	5.2621912145312875	5.015433909248143	5.350007779318215
source	5.1796973205875805	4.9711483569759185	5.278762625503102
lead	5.059005580013044	5.0326748122979685	5.170143896274736
question	5.070198953908269	5.020757475317036	5.280340744972372
publish	5.264383618998004	4.924332570886113	5.366812819095173
interest	5.159581314893889	5.024621570002275	5.310177373419425
serve	5.058704312988143	4.968054692517268	5.109964729435935
divine	5.146911504577697	5.014862114328353	5.274555621671725
put	4.952195774942962	4.92572272081793	4.949226902258569
shadow	5.056828785297389	4.934452138582545	5.019110638769003
practical	5.188230002551544	4.970611191389245	5.347718528809343
surface	5.0575553163959	4.821926979327892	4.976504080991491
account	5.106979915298825	4.974257284981311	5.21661167383424
loss	4.9544738863589	5.07810417901625	5.140987318105021
indian	4.973134669334726	5.041670972770294	5.147773413334807
vine	5.13294888200392	4.806842730521097	5.031179290239967
certain	5.048855840271322	5.024363178464654	5.225941288375308
sin	4.8832794859491555	5.116241759416388	5.111811595893086
necessity	5.0073714588482865	5.064617611447881	5.2678481044162915
lose	4.989278495027014	5.05527949871021	5.0748477470557845
private	5.11433359843795	5.035480371239023	5.290102262200002
gentleman	5.168040038741038	4.945628313444184	5.13348943501474
daughter	5.0734641596317465	5.04543248414654	5.102436014999931
drive	4.836675220990713	5.094906097125635	4.968807645537035
strange	4.978638912739639	5.050813640735937	4.996085853979789
journey	5.158002397828491	4.942000263249065	5.078704790303414
uncle	5.13390112492776	4.9256172496475825	5.03063834443016
species	5.042108471704809	4.946538494796224	5.151295179475143
think	5.049869744522068	5.019930879163265	5.089132271469874
bed	5.000806776810879	4.845081489232515	4.829953063718785
wind	4.937255125239739	4.962911298788781	4.900371186513609
bless	5.104959734198464	4.964049804667332	5.037507547459807
destroy	4.87869103813638	5.101775127918131	5.1310480463327295
author	5.237909677849273	4.984535582600815	5.330394842253953
sustain	5.0468491416883845	5.046295438216875	5.265480942179115
black	4.95560600440197	4.88252151607523	4.866149279110911
event	5.099662401967534	5.078265034092956	5.2952673788299665
liberty	5.086251371062167	5.100028608287438	5.337434573243197
negro	4.942701133488842	4.9684921919655745	4.991722956916483
little	5.112431158439174	4.90682001985004	5.0225373660349035
fortune	5.099106852368334	5.072158487792644	5.186606153770311
touch	5.060365981725483	4.979012069486636	5.0385214026113845
kill	4.779947204171411	5.09656458539137	4.922361037422821
feature	5.12123129614328	4.9597814247141185	5.124636344467257
happiness	5.1371309969811785	5.064061342208476	5.249607845852936
assume	5.083606162053964	5.022788197090231	5.226771509159766
notion	5.082390551963301	4.982890539468484	5.173729080917157
purchase	5.168925179528415	4.8787058036082085	5.1678255822744825
faithful	5.156988561042264	5.053942873356119	5.259333940421968
soldier	4.929667258271512	5.156462979630614	5.109584574972538
father	5.01634798823675	5.052820199696043	5.087556079856741
narrow	5.001551725413214	4.9152276508632955	5.020376136373964
great	5.1224120995931495	5.007788626689195	5.25655086980065
tear	4.922217499265794	5.012772974194493	4.90668593260844
honorable	5.1538322378956325	5.092589048686266	5.374809427259993
previous	5.10838372468845	4.961583146168132	5.216878220932174
good	5.104717787641427	4.990572481083029	5.1372639665610125
domestic	5.156822511254049	4.957907473949189	5.209184739132913
glory	5.176182931419432	5.022830050175826	5.21559668198846
lay	4.9953782637875195	4.918532975065005	4.975075335882705
occasion	5.080880523866167	5.043023147828793	5.220592759496794
guard	4.914270596651434	5.105975664634757	5.095164197254994
whole	5.0707026037002265	4.9599591298356005	5.161560166084297
mouth	4.975559368052473	4.889597971219588	4.865386019274813
receive	5.151833248378943	4.970831085614534	5.232651917404099
take	5.013886175211843	4.972932187425295	5.068259563591771
simple	5.179257009696776	4.9109492748129995	5.1761299847634685
error	4.9918119358643915	5.083471416567662	5.276049376150106
wisdom	5.116515270576286	5.078373073914278	5.297105308000629
rock	4.964831430068603	4.912196313241057	4.92234609451795
decide	5.0769895510335195	5.0516025099904835	5.313210393415313
exclaim	4.9312954979703045	5.052396770871029	4.917976874983628
assure	5.086197817206344	5.051711883208201	5.178612235748278
sign	5.053286983223088	4.975888362113891	5.13568970288815
preserve	5.12627870155597	4.943259676515708	5.188648365019992
commerce	5.13040927494179	4.967147346256565	5.283886990517191
plant	5.107386539706248	4.826405607334972	5.030947461570146
walk	5.14091611319885	4.872744493176512	4.939652686773747
difference	5.086955682286096	4.950443278240893	5.221903170325062
hang	4.95417028367166	4.907388012976156	4.846512547977554
following	5.263336458247145	4.862482352089456	5.261503160627431
employ	5.127336022789894	4.928626615380199	5.208820426716727
