deal	5.062237665882529	5.039653141615762	5.131852907224695
study	5.300823871156347	4.944802878383686	5.274198145521094
afford	5.1901994833967855	4.972443272376734	5.2354765662078195
service	5.19487995832508	5.041817226429447	5.305728087817646
height	5.069720763719824	4.915654774400449	5.0532846965540745
prospect	5.160103955003553	5.018705723647942	5.184166161428333
pleasant	5.2425453170386405	4.873051653313866	4.986841384601767
shade	5.122296557151156	4.890770304702946	4.959143359546939
listen	5.033230197531456	5.097932225425308	5.0562307855930735
mighty	5.002868621919195	5.07247977651557	5.098070716821261
country	5.132075929632002	5.043750864948134	5.293078322644713
title	5.248301738432028	4.993062467018171	5.359354965248598
choose	5.160776156833417	4.980253741099726	5.221318783803285
village	5.150283978336466	4.9375746511713245	5.085696079681273
acquire	5.230242023546264	5.00607868347751	5.325382999275248
rank	5.134341744105613	5.094547900101696	5.29077941384473
bow	5.051851506004125	5.006683400722267	4.999463819815697
doctor	5.027761327030263	5.018828765519548	5.0296637446006205
talent	5.257523395428784	5.053128052143359	5.348170816213848
source	5.18915295823385	4.99751595342104	5.277725610685679
lead	5.065281396075904	5.064747907194048	5.171178853447161
question	5.086205394040272	5.072221129282152	5.2945131727974335
publish	5.277866663644907	4.964422603345806	5.358790031105749
interest	5.170449017512177	5.066572795543978	5.327885727189555
serve	5.0705101863234665	4.9994533676016895	5.111112035756831
divine	5.1493557312905995	5.050769329186549	5.275240247849555
put	4.980700919440919	4.966033833442595	4.97025226893643
shadow	5.04821860048719	4.968080844374892	5.006276895307291
practical	5.206761621377408	5.013081606040529	5.3616580049346085
surface	5.067500793397032	4.851026303684102	4.974792008678937
account	5.127571298440626	5.008933092800977	5.225088380166595
loss	4.955369146814622	5.120672918319977	5.160866550283901
indian	4.982021242452409	5.065151165460641	5.136907825156177
vine	5.132896542986908	4.837260098911144	5.020506365827793
certain	5.064362386969617	5.059596252108883	5.232808693746665
sin	4.882995669195563	5.161656907887553	5.125254375342808
necessity	5.022870427431521	5.110791355131167	5.290109579229267
lose	4.98849212582054	5.089501133504966	5.081235612614704
private	5.123099480553835	5.085150469077904	5.310144505723603
gentleman	5.166867688832875	4.986772188441723	5.13333739200049
daughter	5.052104820113524	5.078379774051586	5.088719341431795
drive	4.844548182865948	5.127918288939202	4.983928044066671
strange	4.972327962711407	5.079172455274482	4.986459169473867
journey	5.1473870263981265	4.966856788767349	5.067024023166133
uncle	5.131610841665161	4.9630351150164875	5.029321791045453
species	5.064332906582964	4.971550596413605	5.159024907958801
think	5.052096510308623	5.058696950496282	5.092322851130427
bed	4.9996311786241	4.881097949186048	4.832820161067415
wind	4.936140379293646	4.997953651394216	4.908023562917123
bless	5.092240169080568	4.995695418587025	5.030879778467377
destroy	4.885035596151268	5.132065586807139	5.1350555243807685
author	5.247257464609233	5.015282323896532	5.316606869657268
sustain	5.05353025503768	5.091321583879114	5.284113671836414
black	4.962341372441898	4.911162078424938	4.860706368025335
event	5.102979881045684	5.117789130134758	5.298803038956871
liberty	5.093918996736477	5.143677865100496	5.34828674176679
negro	4.956671686219984	4.997496309742477	5.002918444181255
little	5.117520717778618	4.934015718010124	5.017857287832693
fortune	5.088153768428072	5.104162385435564	5.1883292767577665
touch	5.057803894530402	5.013996791112434	5.032669273406489
kill	4.790737465193082	5.125132466814194	4.92733690847016
feature	5.11045012993112	4.991746827459029	5.109446621924892
happiness	5.135836994056396	5.102311747556998	5.257858468360539
assume	5.092086013853838	5.065147168228806	5.233585147082036
notion	5.107289719915495	5.025509976958025	5.18524447043737
purchase	5.180218868467113	4.900124917808896	5.169809532055868
faithful	5.143817981821495	5.092763900528497	5.254740193246319
soldier	4.9165694878451545	5.1940689395163675	5.111595221751498
father	4.995939339031213	5.091543993242397	5.079681714647408
narrow	5.005177323403538	4.943975519494148	5.0182047319516
great	5.128551124951152	5.040928422713434	5.259479186194617
tear	4.9112456120016885	5.04711040459888	4.907463814802987
honorable	5.14740097114051	5.140890487029668	5.382084033718051
previous	5.122707566331009	5.003301401194301	5.2250739811626605
good	5.111308837783114	5.023177492400062	5.141606084445963
domestic	5.167333829721744	4.9895950518525005	5.215385121126182
glory	5.158226269474867	5.050171044065729	5.2016650784360365
lay	5.001149273011366	4.952987030966909	4.976216437641478
occasion	5.092186053272948	5.08737281942921	5.236244899146306
guard	4.913985720614123	5.152234363506205	5.107445146867249
whole	5.083396791309851	4.992825319106949	5.167062281746653
mouth	4.979454210481582	4.92234112349001	4.867324039934566
receive	5.1612843235815875	5.005725190192219	5.238406070551216
take	5.030757570507997	5.012894919190475	5.080589514978309
simple	5.188250815665342	4.939811304722516	5.166950698640391
error	5.007628139430896	5.13227034919589	5.292779587658695
wisdom	5.113666288419616	5.116734640014848	5.2988136780985045
rock	4.961064353059357	4.942776744279032	4.917610687636194
decide	5.091354368410582	5.1062052710593955	5.329131022819737
exclaim	4.920880212791504	5.095006030594993	4.924345209824829
assure	5.0870142283454705	5.092018029198977	5.182022000765114
sign	5.056963733535573	5.017673963785628	5.134467052482095
preserve	5.1413730813218415	4.968753089379127	5.1835540725992955
commerce	5.146584352166268	5.00046968849223	5.299218978569489
plant	5.1094167177425796	4.8497377958454155	5.0142407786997705
walk	5.131001413180921	4.907138737519131	4.933381946950607
difference	5.111985275565794	4.9879718115928995	5.233706159763262
hang	4.950742941804007	4.9447970541818576	4.845133731044123
following	5.278178627262643	4.900462750533168	5.2513009716866765
employ	5.1443838217735	4.957995287000831	5.2188206134373445
