deal	5.002812210765856	5.026631125607151	5.099657406611027
study	5.239697364744999	4.935019839681565	5.251549018995653
afford	5.11787950953912	4.969373953037781	5.2059620982565855
service	5.131399959887132	5.040134523493897	5.284285256740001
height	5.012160329391983	4.873265543957001	5.019519276987278
prospect	5.0985451187408835	5.009961188769358	5.1532820470709515
pleasant	5.1941455173750395	4.850724439382866	4.970623253184809
shade	5.071359846933481	4.86117693678093	4.940909048156276
listen	4.995271869648526	5.093630848596222	5.042958144281348
mighty	4.955472743199069	5.035181677305797	5.062385139086222
country	5.055501717384111	5.035004973782998	5.255749984684852
title	5.162441326588354	4.997812995975328	5.339483986975204
choose	5.091807521228143	4.967661003978193	5.189793830088412
village	5.091848697563049	4.90784717100976	5.056263745969942
acquire	5.159977183073998	4.999504288935374	5.293604113229646
rank	5.072931944809544	5.089564227741659	5.268844148554792
bow	5.014585431057093	4.977329634433405	4.982561619185816
doctor	4.987917709467844	5.006954701980487	5.009889301468508
talent	5.192472060616293	5.060385226077878	5.327301090737134
source	5.111281780072583	4.995945490566204	5.242491321738738
lead	5.004352726131621	5.049241779702766	5.140439320683544
question	5.013230899973035	5.077521792740614	5.25945372364924
publish	5.199684314371439	4.961935315789706	5.3401508301935605
interest	5.09709135123925	5.071800958245066	5.288666836162625
serve	5.0049891266652295	4.9817784022725595	5.086578230739577
divine	5.0794449968851145	5.048908134876672	5.2441264275303805
put	4.925381620106158	4.9363803638644965	4.934656520222396
shadow	4.9952674721525545	4.9383774008612065	4.978056231901503
practical	5.128748729099104	5.010550941598454	5.322075001502308
surface	5.0054239003541525	4.8110433888125215	4.9335580226624405
account	5.049176641018542	5.007128072810513	5.191866754215669
loss	4.89079423178354	5.112231688639238	5.119031468714911
indian	4.911012361167493	5.044199492885329	5.101345173812011
vine	5.070437368119495	4.794608623328415	4.98055364103373
certain	4.990344464580299	5.056940777989353	5.1948329848497945
sin	4.81843503260448	5.151615204176705	5.083485399632126
necessity	4.946698622201186	5.110524399516373	5.24406145313693
lose	4.935247367750742	5.071015395156221	5.0464979590703685
private	5.057482569090779	5.090106887096536	5.281696151883123
gentleman	5.115698557275508	4.988988692813265	5.124057545975924
daughter	5.00224148911557	5.076626496127451	5.079737548478974
drive	4.795414436357489	5.094708357455543	4.944840803214035
strange	4.924305784022461	5.068707246879886	4.96811559972403
journey	5.099286733913765	4.935586306198351	5.044444787215313
uncle	5.083067419110754	4.950376501235318	5.011083648391622
species	4.991031781835738	4.953978737704176	5.113748469192169
think	4.99410680988047	5.055157430556535	5.066391248515636
bed	4.962913423666945	4.837176284071379	4.803068375842071
wind	4.893949767153201	4.9539088383563605	4.871876055736355
bless	5.043283539071824	4.972505402531132	5.006306928697617
destroy	4.815393191128128	5.113166479013972	5.093844556962796
author	5.169424784655143	5.022932739613828	5.299447395955928
sustain	4.982540174313257	5.082460615758746	5.241111165848171
black	4.911871465185167	4.87166083432909	4.840030449070618
event	5.030945582422152	5.11682057867702	5.267369874985383
liberty	5.017999472272699	5.141178092687052	5.311740956059784
negro	4.899155478997664	4.968072671063117	4.962259113364652
little	5.061724230914827	4.915008985706867	4.991472190041438
fortune	5.031958161378175	5.096849721290928	5.163296200005445
touch	5.008927734316152	5.002616203263342	5.015100448007795
kill	4.737311500169364	5.086037833670413	4.888058979196463
feature	5.052569872619667	4.987988138517525	5.094106933052712
happiness	5.065763787381012	5.1064021481830935	5.221479205391351
assume	5.021631774329806	5.06976313608882	5.2069510602568885
notion	5.029991467508386	5.021884927811044	5.145288944054786
purchase	5.10887354133773	4.884133503304245	5.132626902657368
faithful	5.0883062781058515	5.092928055169706	5.238887247589248
soldier	4.878485067886997	5.170630600742839	5.093666543828177
father	4.945242910335935	5.084146927937725	5.062729534161318
narrow	4.951050711304585	4.90901552789514	4.981828454054216
great	5.059966212830957	5.029855384758907	5.226895562579419
tear	4.872494218159332	5.021833508786376	4.882689627513826
honorable	5.078519267250375	5.158196063968702	5.363882695055598
previous	5.051836840684272	4.996597738733165	5.19395571842273
good	5.04809118607696	5.018600056238335	5.116046139978361
domestic	5.091697275188723	4.9888105243971745	5.181585359246211
glory	5.102868255963115	5.0255590328331134	5.175678795954921
lay	4.9504266712524885	4.913623296581765	4.942721066546735
occasion	5.0270347762002405	5.090377498789764	5.207512856070959
guard	4.86724321621341	5.131129834480721	5.080803661250783
whole	5.014862248048617	4.972359844888238	5.128190194423853
mouth	4.943076770596843	4.88349676977608	4.8452245225744575
receive	5.091972067920259	5.010283460030907	5.2161919017204506
take	4.971708272700704	4.9967834135655105	5.0502763383932425
simple	5.117597721182007	4.933042264488504	5.139625078601406
error	4.9271701057356765	5.138436149290233	5.252707768529345
wisdom	5.048264754196463	5.116588899866636	5.270592944240183
rock	4.91659498324789	4.888738268542312	4.880729441167406
decide	5.018770379866469	5.112989222495683	5.293699418333369
exclaim	4.8916674246043295	5.077444007191717	4.90896452150064
assure	5.026607573248958	5.0975085954099555	5.161828353430164
sign	5.003655863496105	5.0041058724716425	5.112665527762774
preserve	5.063194450248635	4.957547349309239	5.1569791404145
commerce	5.069211478474127	4.986100611147949	5.250586867678785
plant	5.046209567112526	4.808303202739999	4.977041687437097
walk	5.095189519314829	4.870606623858351	4.913163314194853
difference	5.0269953856498475	4.98295079613311	5.188781495019262
hang	4.912062443025413	4.901646887225344	4.821124399109818
following	5.2019588645934505	4.895409993319441	5.233572006826229
employ	5.080267347432185	4.939794183956929	5.1813753584968785
