deal	5.09358497753771	4.954171615827081	5.104347698968597
study	5.3136143136764	4.877967930019494	5.253597208000952
afford	5.220298776917568	4.8995982632005	5.222225155180573
service	5.240719023827438	4.957466855638646	5.293861939846
height	5.09389098594578	4.827111883157366	5.029110123328393
prospect	5.198921111842539	4.935390350231109	5.1601893377892205
pleasant	5.267448866597001	4.78841777834492	4.964359011212436
shade	5.148058096751739	4.803587108974511	4.934354082171296
listen	5.067486082514822	5.017143577265562	5.0391649396741185
mighty	5.040514769603294	4.969184819557514	5.0642983875854
country	5.171167635222497	4.960611604124688	5.271657675485733
title	5.281793407503507	4.932676266817402	5.370390321770629
choose	5.193145291904939	4.899432294007301	5.209877753540608
village	5.18743681928203	4.838220053285752	5.071661998509806
acquire	5.259300834840006	4.931307474768255	5.299746681854277
rank	5.1903663306649666	5.000532773403339	5.283713382134257
bow	5.093218139284883	4.905671860018914	4.976512423736233
doctor	5.053173918938056	4.9357660425655405	5.002518995891345
talent	5.29159172772844	4.978893698236566	5.330698169529933
source	5.211204447076816	4.940258684689351	5.254509867261517
lead	5.099145232735565	4.978505159253132	5.153171592999528
question	5.117223735182591	5.00060537659004	5.2779563796414735
publish	5.287765268423218	4.909432436658816	5.362998797158712
interest	5.200089922206308	4.995244188692666	5.3003345583170205
serve	5.100119854638867	4.912234826615834	5.090024933164327
divine	5.172318438437461	4.987090066433504	5.2460787327094005
put	4.999812091869734	4.872247761364064	4.934323198143178
shadow	5.073578978631597	4.878980317576327	4.977526339887441
practical	5.225777698737709	4.946844978505363	5.334589810849144
surface	5.08180251944791	4.763108281062994	4.93192559505231
account	5.147671486834251	4.9412659840539	5.208352401163067
loss	4.989545885936886	5.041599862174348	5.119869671565737
indian	5.026782592317122	4.965350858061224	5.120650008311802
vine	5.151114590381494	4.750389239773216	4.979413295831415
certain	5.091617462548078	4.981542668976318	5.208269751356285
sin	4.906268485505034	5.08863770900213	5.078235802508036
necessity	5.053927203488194	5.029677190192415	5.25667898331888
lose	5.021311756626798	5.005267434543116	5.047957237013843
private	5.158780353446701	5.009458183200739	5.297819454705373
gentleman	5.21050341497626	4.902389619641326	5.134170419717191
daughter	5.095264722888048	4.999897097897867	5.077714755648234
drive	4.8849522252407525	5.017633596170099	4.946342990114382
strange	5.001067242412437	4.992967226276808	4.964615460441873
journey	5.175786976623012	4.880689328153606	5.050991756116772
uncle	5.158829127555333	4.886099519997348	5.010132183673431
species	5.081655429724368	4.899457259402108	5.120526956995127
think	5.079712340534642	4.9814017388559755	5.066651111415418
bed	5.0168600162948085	4.784713286123333	4.794088916393228
wind	4.9673975404612705	4.890978078305092	4.861984823741422
bless	5.124252655481863	4.918464721432827	4.998080209544452
destroy	4.921389908022985	5.040991507589161	5.099581916299248
author	5.261810482652756	4.963277517866272	5.314118937398267
sustain	5.084409470924736	5.007507398506998	5.246371391098892
black	4.9913770377952416	4.807301536984206	4.8409880596937
event	5.128287664423868	5.038818446733451	5.27646087931918
liberty	5.134643352217333	5.060381370034421	5.324009808690794
negro	4.989094654756164	4.896614302312226	4.972725360544058
little	5.143531777609604	4.848816964225966	4.994824665496716
fortune	5.133620505408466	5.0205456826999875	5.166740360630794
touch	5.086163596210762	4.934011565475816	5.010234727513198
kill	4.823499235830128	5.019045718213708	4.885395595140646
feature	5.138423606050691	4.907107937770598	5.090665327797602
happiness	5.16540829916889	5.031502487000395	5.22215789556062
assume	5.125655549329524	4.980861851631722	5.2129298625165434
notion	5.125603315091465	4.944452970028082	5.155674254814235
purchase	5.2062478688763525	4.8311801198224105	5.148271452784038
faithful	5.186270597248364	5.017746967345327	5.2440649711557645
soldier	4.9766721365957975	5.080412321017519	5.095774445430187
father	5.039643615324608	5.0063345237733525	5.057637252000936
narrow	5.032848786674426	4.848542454736381	4.991913816013311
great	5.162277544109872	4.959767959198678	5.238528388239308
tear	4.939733349648723	4.958798873503809	4.86169957121574
honorable	5.200521854763117	5.065927144296419	5.37861577043986
previous	5.14171824987139	4.927287445928489	5.204619646589677
good	5.150143113102638	4.941753506029123	5.118618240490841
domestic	5.194335926746138	4.912715339025459	5.184628746571463
glory	5.197644613604617	4.963948643422484	5.17499081504564
lay	5.029681149870652	4.8526869150830425	4.944801294291701
occasion	5.124488717059756	5.004296279300093	5.213286201770711
guard	4.962360811811945	5.046382197565989	5.091663401741252
whole	5.110940116786094	4.904512036619558	5.14194548105245
mouth	5.009925507492856	4.823219523466871	4.839630899994407
receive	5.196063119877334	4.9337677768431565	5.226485236816477
take	5.060204558941191	4.924611927408579	5.057537393685555
simple	5.201683039815066	4.870676634231082	5.144200745559133
error	5.027915839663997	5.070556172532248	5.264684221337454
wisdom	5.150387868692266	5.043523533979917	5.273760839589655
rock	4.990875038699447	4.836507444621447	4.881529314244657
decide	5.12343255803889	5.029177723331981	5.314072587432442
exclaim	4.964635913827837	4.997739815771574	4.900562958687627
assure	5.127879597398289	5.0138107624029455	5.170039063999469
sign	5.0879201182070695	4.934373449368992	5.121946273309365
preserve	5.160287440333918	4.891736006294326	5.158295505828214
commerce	5.183036268954802	4.918617603936834	5.269253659350867
plant	5.1302723794163745	4.763427775709409	4.978049353441296
walk	5.156224500436313	4.810015846813499	4.910676946458553
difference	5.13402268967317	4.915823706982597	5.201845466677655
hang	4.979496342733097	4.839448101007215	4.8157265839223875
following	5.289199504877645	4.843262920289206	5.25199474622921
employ	5.16814571467402	4.87755104141421	5.194013060999145
