deal	5.051775935580364	5.030594996104663	5.144489100378752
study	5.278535154270225	4.9295668509166735	5.283752093052554
afford	5.177549073185305	4.966876544544917	5.24946774531155
service	5.188308849958065	5.032182879600108	5.312103926631341
height	5.0640656646270115	4.906185008664207	5.075556249831211
prospect	5.159599878592161	5.024079480037809	5.208002516683808
pleasant	5.236344739429709	4.883395105533389	5.0247356357615125
shade	5.124771850983822	4.891650413544103	4.995445037039578
listen	5.047955980658236	5.107615362029378	5.092133654845473
mighty	5.008017524175526	5.078178266941931	5.124411730280107
country	5.114019952534502	5.0394076209675625	5.301097588196053
title	5.212675668159844	4.992530413221764	5.365219132960312
choose	5.155429976487503	4.973170469615815	5.242120976867661
village	5.151395538905851	4.933384929809776	5.106839142724243
acquire	5.21398840320586	4.996682501550737	5.334207015199746
rank	5.142702025160298	5.083714909972392	5.304626286012965
bow	5.068272988153878	5.004940130811246	5.030405741374715
doctor	5.025955617017116	5.006641895851637	5.050609374443626
talent	5.250102379407346	5.0412133420050065	5.354867491168044
source	5.161562363742413	5.006348381542601	5.293626334229513
lead	5.070117575505806	5.0629224912423725	5.197167363678669
question	5.078785915225001	5.05549463529506	5.305753801770071
publish	5.233227987883739	4.953707246694215	5.35730630202742
interest	5.1520006614832425	5.056675810517259	5.330148034910105
serve	5.060022450687266	4.997100175866489	5.135947581354833
divine	5.139734370204072	5.054106389946619	5.297678027123313
put	4.9704832292892736	4.9562630946074	4.992716862919896
shadow	5.05612643309846	4.967716572453786	5.041272548480903
practical	5.186600244342121	4.99183844707843	5.363914430007778
surface	5.05799955603373	4.836773227507052	4.996024337826489
account	5.098670880010018	5.000684166243765	5.228950070911541
loss	4.940728437363825	5.120396114943514	5.168205908925662
indian	4.988514274420481	5.060129467692676	5.155246311111005
vine	5.121699978795862	4.815243082205069	5.038030663836386
certain	5.056988618522919	5.050071325299554	5.2481324910725675
sin	4.872610407095153	5.168203823875215	5.1460395373578285
necessity	5.019965972759576	5.095432971990115	5.298903372895525
lose	4.984990278924744	5.100503768250259	5.107221971330013
private	5.109998671669097	5.073232879797505	5.3152288430931245
gentleman	5.166756358973771	4.973453677955313	5.151619920280301
daughter	5.047259418710762	5.089092394231328	5.119080349077104
drive	4.857964393768992	5.133263308718735	5.011941072230358
strange	4.9751113663088695	5.093993294975755	5.024147504174114
journey	5.142772250852682	4.9773762715636956	5.095099071311747
uncle	5.118064795812941	4.965493956311155	5.054242332953306
species	5.035098329499849	4.966457351898531	5.165684461220246
think	5.04814497071718	5.061493304228014	5.117952323338635
bed	5.003051965032019	4.876704540708923	4.866749237784887
wind	4.947088363990655	5.002906558132386	4.9407677746566465
bless	5.080410866440308	5.011824402733705	5.064456278526508
destroy	4.877946958588075	5.136903077155416	5.155491373443639
author	5.210974753253847	5.014409778823078	5.324276200617469
sustain	5.048653111081033	5.078511767438647	5.29198700607075
black	4.965139231163758	4.900193068425815	4.887937159558279
event	5.092676846075887	5.111877351450901	5.311916866325449
liberty	5.081245032214292	5.138624568651501	5.357357328058913
negro	4.955988487585248	4.985167788252288	5.014102233475789
little	5.111172006776032	4.930161559629057	5.043881736213907
fortune	5.0752322392142535	5.114572752030851	5.205522002888553
touch	5.061048009895294	5.018059504444928	5.067504340524911
kill	4.79389588370665	5.126776103648033	4.950460627515138
feature	5.1188815228788584	4.982300985169619	5.136591057133121
happiness	5.120047744174981	5.107555560987677	5.274874277631593
assume	5.09518405125953	5.052260320248022	5.250652442455351
notion	5.091768551659157	5.00777814903169	5.194675978927102
purchase	5.142436074591478	4.906881630002073	5.176718498202887
faithful	5.145877126718956	5.097640197974128	5.278337738549421
soldier	4.943106595415959	5.190675184522217	5.135287972065435
father	4.99891204131397	5.098765406943969	5.110281916472427
narrow	5.010002084736426	4.9378961283565594	5.046510511015065
great	5.119296217440251	5.034078206640785	5.273312236328339
tear	4.911416041307688	5.060990901909598	4.943223129849784
honorable	5.144499375509924	5.132936201168836	5.388809662614895
previous	5.1120826772023085	4.987753339265792	5.238343458766817
good	5.103352088767384	5.023368932065751	5.163131667738728
domestic	5.144680557623501	4.9845851685160625	5.227566490904955
glory	5.150647034567186	5.0666303128133094	5.229321794741986
lay	5.000289334282398	4.949907913625864	5.003817811698615
occasion	5.091982901459539	5.074724384069156	5.248712559617351
guard	4.938648575662509	5.146723624189182	5.133769684093443
whole	5.072042386162914	4.982253972800258	5.182325620922604
mouth	4.984804936903196	4.919681382848181	4.8954592387445555
receive	5.15139580639986	5.0030654141472235	5.254591928084447
take	5.027350642599425	5.005690843995874	5.103411837261101
simple	5.173898607357863	4.931315863272363	5.188149576516745
error	4.984653353725708	5.123706571505041	5.300352146917349
wisdom	5.11193807694954	5.118657075340608	5.319981978904744
rock	4.969199825604004	4.944767321350368	4.947798197093804
decide	5.0957522634706445	5.085528936572928	5.34135658928435
exclaim	4.939129645626589	5.099022682369315	4.95728702526598
assure	5.09124139947451	5.092878227613344	5.2043896175133435
sign	5.06331807872912	5.010420283498764	5.1624229789279905
preserve	5.120597404111778	4.965720221251928	5.204301909375939
commerce	5.122387637599	4.996077932775968	5.302033744782672
plant	5.099332443545086	4.83370531694906	5.036286637216135
walk	5.140932813715069	4.904068974335664	4.968580814182328
difference	5.08583075577745	4.970460524602711	5.23917041883425
hang	4.9593114788045725	4.9409883654695275	4.87888980394829
following	5.251858129471596	4.886999993617932	5.265524045703409
employ	5.127030753438541	4.944345134864602	5.222614328486456
