deal	5.0342427963017435	5.022084628956721	5.126016769218672
study	5.266151277866356	4.918794254647996	5.267696612361502
afford	5.176480221784432	4.956288307690986	5.241085790426326
service	5.173642156972718	5.028043379304886	5.306655464010076
height	5.093896703576078	4.899660441112926	5.081029356830934
prospect	5.162454730126516	4.992528510918938	5.184503437421399
pleasant	5.233623778891739	4.8374594154043455	4.984769867711017
shade	5.142708033188117	4.847989832491173	4.970834973808628
listen	5.008866940888572	5.0773260747938185	5.042488314773283
mighty	5.015257912088004	5.049002832881765	5.106816019199611
country	5.1266673315101885	5.023117036408202	5.294922712006325
title	5.20996563921904	4.986636466861804	5.368568872249902
choose	5.143756560942683	4.96609862467377	5.2310148382053345
village	5.158049927660021	4.9103507742929375	5.095210554717854
acquire	5.219543629995562	4.983920225746047	5.326689525263734
rank	5.1403350801271355	5.075640861181936	5.3034359761875605
bow	5.059787137425438	4.983230074541652	5.007821150748053
doctor	4.99155814534071	4.9989288319651335	5.013757004345955
talent	5.239164140617619	5.029611377174919	5.3466038922926815
source	5.168139204361868	4.978856611339793	5.268820804984796
lead	5.053463865308045	5.044626143538735	5.169232852352008
question	5.048179649212643	5.060469567494675	5.284723478042288
publish	5.22683226443393	4.959210124563827	5.360615581422531
interest	5.145990494885648	5.044620473662542	5.31449727205256
serve	5.05092433552977	4.9865628246305675	5.11753881474418
divine	5.122415806218631	5.027648746320194	5.262368286482805
put	4.958670573999879	4.957163231415569	4.975228181764754
shadow	5.059182844776097	4.931419179376971	5.012239145395534
practical	5.174350266990062	4.993605854055497	5.351996015732932
surface	5.091011263792346	4.824173294591118	4.9949790086533
account	5.088268417398945	5.003770294455622	5.221138229368753
loss	4.942737996926353	5.1058522656489425	5.151357710991289
indian	4.981203151219884	5.053727115392751	5.145028884414926
vine	5.152433075528246	4.8018038906890945	5.040976024616923
certain	5.045336654479467	5.045161935427125	5.23113785259408
sin	4.8524352702391145	5.133914964957653	5.098718884743994
necessity	5.004070321865793	5.0942962458200105	5.27990114110898
lose	4.981384555545344	5.071049395682303	5.077441189818075
private	5.092507065939341	5.066996245800029	5.300938664856274
gentleman	5.136504502936118	4.971743248096151	5.13482578620822
daughter	5.032556792099574	5.050073562589431	5.077530347590357
drive	4.8503969455703535	5.113984434375471	4.984749443993179
strange	4.953502054353602	5.057841063619227	4.97887106062115
journey	5.134995115774996	4.9479387562607045	5.0683090781398
uncle	5.096986297130492	4.93934419028299	5.01729418726501
species	5.057860221571028	4.961542917260651	5.165927414385773
think	5.017159282445902	5.040875852932314	5.080187648386548
bed	5.001738615630222	4.845545719358614	4.83021365466432
wind	4.9541663173994595	4.970965209940068	4.910524765418961
bless	5.071353547432171	4.967151728681342	5.01744713930263
destroy	4.88858649092702	5.112840903852756	5.137924232796062
author	5.196098765957474	5.003840047218986	5.309755318429366
sustain	5.055813711071504	5.0683085573415045	5.282164315002896
black	4.976224152333348	4.889834659894253	4.877863458961293
event	5.083943689411042	5.100285820775289	5.292177166157614
liberty	5.077136589843858	5.120793289388382	5.335911428857864
negro	4.941152075957117	4.983275260009051	4.998554026918526
little	5.101053219229797	4.913426849980125	5.0218891475770935
fortune	5.078261469558725	5.083397910983301	5.187937328903302
touch	5.043745472990014	4.989006853112159	5.0277914335202825
kill	4.772530504893813	5.115689098735233	4.921510610803096
feature	5.122313460149741	4.958444511864431	5.118502424599615
happiness	5.114416988186756	5.069290862211498	5.2355641853597294
assume	5.085038854727156	5.04544152968891	5.236641485176239
notion	5.067887245096095	5.0071407936888725	5.176223090602648
purchase	5.156041392081716	4.891363798311778	5.177176535319674
faithful	5.118225181206682	5.067167219208273	5.243434129858625
soldier	4.917328419842506	5.181384208788842	5.116394232455858
father	4.97737898335329	5.062946389373249	5.0666227297627815
narrow	5.023085878932022	4.918394358763372	5.033702219032415
great	5.117436320122738	5.029680347523387	5.265272467330692
tear	4.911574249270424	5.014581233148861	4.895002921105846
honorable	5.123535431080904	5.121553353317467	5.376666566981338
previous	5.103852413779705	4.987056280769466	5.223729593071755
good	5.079684669612159	5.005970710576425	5.134560619975817
domestic	5.147030825276158	4.961459034860645	5.204880820164172
glory	5.167864894591694	5.024112034390429	5.212097411056507
lay	5.009611695691523	4.926161807321484	4.986485665310076
occasion	5.067223661671637	5.070474616749893	5.226246854285375
guard	4.907469186933276	5.135760432651594	5.105773593430931
whole	5.080018541010739	4.978825713088451	5.176892211760925
mouth	4.988888508729044	4.904908676072309	4.878055327769722
receive	5.136724731229845	4.9989434371360515	5.239508585024944
take	5.01012063473185	5.000908446910238	5.080627228860964
simple	5.163702816944783	4.916030457707704	5.16655499682152
error	4.970230199042712	5.114608328126408	5.2758486796484165
wisdom	5.0934911163000125	5.092852940896536	5.2909821535095105
rock	4.9891920695156875	4.915483310846287	4.932783013471499
decide	5.064896203963518	5.090351649123655	5.323742270649582
exclaim	4.904014653321524	5.079909484876174	4.912391459356033
assure	5.0550100622663034	5.082581579627619	5.174562699286157
sign	5.03976773380043	5.007320787662277	5.141236955353802
preserve	5.131952534382621	4.952088513289198	5.1931651171451785
commerce	5.142455350784726	4.988365163747194	5.3027713568519905
plant	5.127612008113082	4.815717548622265	5.034138906588634
walk	5.125684965259993	4.874022330228066	4.935253738518235
difference	5.0852318278554165	4.9738612480948055	5.229104542903655
hang	4.963613940603948	4.914168991958337	4.857974600319226
following	5.2340915344746435	4.889496075247617	5.251139843317405
employ	5.1333748458643145	4.94944811087491	5.228809764455559
