deal	5.052550592883245	5.00687760525185	5.118269059586704
study	5.293003531475923	4.904850374306146	5.257772660537529
afford	5.219970867031139	4.938595074326615	5.2460670701290555
service	5.20572135530132	5.027942834358718	5.302908179590653
height	5.095620271642397	4.879568812489232	5.086758438225037
prospect	5.190649109688395	4.984513214317614	5.195360964991291
pleasant	5.235934759259526	4.834602221023699	4.991614678210425
shade	5.142943200477675	4.843438414178482	4.988041220652477
listen	5.022446403650044	5.0624206523124835	5.0577885702151955
mighty	5.015098621059489	5.036221683889606	5.115607591994749
country	5.156694675252939	5.016002949433008	5.297171046624582
title	5.235696158667034	4.976818004909169	5.35198748863489
choose	5.15245808001595	4.962611524995007	5.2180784305700865
village	5.155872255317635	4.912636630217928	5.094647416673136
acquire	5.250734869193402	4.973139819269476	5.321575762888082
rank	5.153303925283211	5.07188309570895	5.3010082899737165
bow	5.049533594824831	4.9766087740748315	5.017675629035927
doctor	5.001463061107156	4.985537025931875	5.003860101022795
talent	5.269377014645638	5.023573594341661	5.342189574880771
source	5.21099378598702	4.9633604953905825	5.279888173415879
lead	5.083226476331686	5.026968777448353	5.180768348763095
question	5.095417815587131	5.038170189945404	5.285008825348099
publish	5.258591735032308	4.94643221155523	5.339132455596899
interest	5.188054291492338	5.035794990229284	5.319457133849117
serve	5.076720725551824	4.972868892212611	5.118336570974417
divine	5.153711342818154	5.015630546214486	5.275469467516668
put	4.972852636534152	4.9371416005388715	4.96887890304781
shadow	5.061878433607038	4.920455997266921	5.0276987388901295
practical	5.2203162895968145	4.975345710699277	5.350484600089243
surface	5.104863757107876	4.802747871161431	5.0044827495415936
account	5.132880166485968	4.985668191427469	5.217772894953042
loss	4.981948802888427	5.096723850965275	5.15751937839108
indian	5.011561571303549	5.048232104076806	5.156443769423355
vine	5.173518459180912	4.787480443934107	5.044832631536243
certain	5.083911451642383	5.029048873275218	5.235822863580759
sin	4.871930602660196	5.127073329764206	5.108946791637355
necessity	5.059838922231078	5.075423343121256	5.291025753851883
lose	4.997516013663441	5.060207000446038	5.08562070707199
private	5.13098554151947	5.0540172831233035	5.295059530963995
gentleman	5.146632282452782	4.961290899553405	5.118028739216787
daughter	5.031787679280178	5.0585332041593665	5.079800138309136
drive	4.861119396457565	5.099932989813439	4.997184794361422
strange	4.961712619150152	5.047861516693032	4.99152216404861
journey	5.159170445713542	4.936879011849566	5.072437612540725
uncle	5.091381324334256	4.940688814794363	5.003700685329757
species	5.0919307883254605	4.942376088625706	5.167648590252179
think	5.036025892207926	5.02969519647351	5.082015301607681
bed	4.997369599571234	4.83738812187626	4.836923879365386
wind	4.964378655361081	4.957963895552502	4.936116656976161
bless	5.065186340024871	4.967249927305136	5.021465389707214
destroy	4.920481109033465	5.1040019001031744	5.152454245493154
author	5.233997636674835	4.9893963338422305	5.304483157679336
sustain	5.093849579782134	5.0580666532064456	5.29408472439147
black	4.9557978384553	4.889168608954283	4.881783605148485
event	5.1284588762586685	5.085584556675422	5.299327854592809
liberty	5.109361538492991	5.114601599027053	5.345419221614936
negro	4.94144020550436	4.980801211561994	4.991532307479793
little	5.111903562335274	4.90206798469841	5.0208599469970485
fortune	5.101524488523251	5.0780227770772255	5.184788674479925
touch	5.057378549376469	4.974138309485945	5.043080456760628
kill	4.783782991524456	5.107167690734958	4.925528818895596
feature	5.130561289403278	4.954462842277002	5.13296338180123
happiness	5.151032737966577	5.06593806056121	5.251350190334211
assume	5.116429417224543	5.0359332661713205	5.244590740476608
notion	5.0835608766425695	4.992344058626404	5.165765324924268
purchase	5.183261758670995	4.881014276973298	5.157692243344727
faithful	5.1451156963969344	5.069023298888664	5.252417574215346
soldier	4.936822323546087	5.171699780501984	5.1286842878540595
father	4.983631436931627	5.063300419935523	5.071514595488363
narrow	5.0356576039610355	4.89765832666711	5.044395677738787
great	5.153317121020919	5.010927845412448	5.2679018204631705
tear	4.908929957226385	5.013680149371715	4.911517097157496
honorable	5.16425140922159	5.116158005703589	5.3732925339864535
previous	5.14484308093269	4.97369877742559	5.224263012782643
good	5.106371592362387	4.995044262044665	5.132677768793766
domestic	5.187383770964289	4.9577754541082655	5.215161507479142
glory	5.1702164325481625	5.020642516916087	5.217215198113347
lay	5.019883793846125	4.912114122930474	4.997558308166984
occasion	5.114315346071378	5.054965313242336	5.233706108591208
guard	4.937849184184705	5.1228025078827875	5.125377898000832
whole	5.104258803268294	4.96273915004683	5.180242335020106
mouth	4.983234492827589	4.891804417285298	4.886540384285443
receive	5.1731511529444205	4.986398096542641	5.237434466225828
take	5.03352419405061	4.982870514318811	5.0787224230312935
simple	5.188905821047021	4.900218955003431	5.172056649520279
error	5.017892252355872	5.093880165548521	5.280194054742879
wisdom	5.129621221616422	5.08105641033145	5.300426391702973
rock	4.989152863508079	4.90160873134531	4.9520030316372265
decide	5.107737090635668	5.072188819915537	5.322770696403294
exclaim	4.899786037286407	5.065742096024276	4.920511081351513
assure	5.092685882354709	5.064902341364523	5.180996698831013
sign	5.0555884235393584	4.988063042570263	5.137464293425185
preserve	5.168309254089079	4.939111601396054	5.201619399063041
commerce	5.1928531345024105	4.972111798782196	5.307101699223788
plant	5.1439999607132885	4.802437698831996	5.039804264041306
walk	5.116507145981422	4.861770450426632	4.9357576842586255
difference	5.117189443209723	4.955842161948169	5.224654541406128
hang	4.94627907051268	4.9069360202601215	4.86491637024304
following	5.273680122215413	4.8746383734433865	5.248172028294554
employ	5.165240536900979	4.934712526861833	5.223661093534059
