deal	5.06493768427667	5.0109566349080605	5.121043253088183
study	5.314693229092677	4.904617401507711	5.265180313164681
afford	5.210231139474445	4.954347162616231	5.2434300537777725
service	5.2133300936008355	5.028429299949884	5.302456575492145
height	5.083203549835416	4.877632572672472	5.072968340925673
prospect	5.175932420767004	5.002491298780144	5.189144183228044
pleasant	5.252576440874218	4.833615681434186	5.00261525097019
shade	5.149888695793622	4.845463444126347	4.983172054684331
listen	5.043745934400039	5.0719945762264524	5.050107575226354
mighty	5.008904428622352	5.036522250571853	5.100216026866566
country	5.136064303336463	5.0308520618157	5.291051596685381
title	5.257884207280583	4.977002111056789	5.365469477297131
choose	5.169714762512673	4.9596096002555505	5.22484081528408
village	5.154363718049001	4.910800009935504	5.097324778351625
acquire	5.244011774382817	4.977911049888698	5.312169391041157
rank	5.1534778643083925	5.072252746692631	5.284238033191256
bow	5.0716442742306285	4.96590161966012	5.0020464372879925
doctor	5.031885528445328	4.983453477646469	5.009315912882925
talent	5.28013704269735	5.020453810195365	5.335213319857805
source	5.199008590383838	4.982137367845004	5.2826935160838255
lead	5.071311393543197	5.039251527797305	5.167824389308561
question	5.086310004684718	5.058618851353089	5.276552269809493
publish	5.279588546669796	4.945232260320565	5.365037895460258
interest	5.180604524928311	5.0543573315451615	5.3155354847805905
serve	5.078581629126727	4.9719368873276375	5.113032783677304
divine	5.169090395389678	5.023688017701722	5.274849803881197
put	4.982508869393608	4.9303821771386005	4.964366235752085
shadow	5.0679094634339	4.927192230243	5.019566552809488
practical	5.2163350685572105	4.985863023257173	5.347758975785521
surface	5.082230096534705	4.809724802150582	4.990659281649212
account	5.128156744930913	4.995331944769344	5.221167129379194
loss	4.9675439835758555	5.111598499021027	5.142660808361562
indian	4.979584564525402	5.047986197160852	5.128031714814926
vine	5.159171507906534	4.790335702557449	5.034633451162298
certain	5.073458357734766	5.039773580767636	5.2230852231061125
sin	4.8931321004759	5.137344203354369	5.10435211473558
necessity	5.033645391463772	5.0975685742423735	5.272083431595392
lose	4.999545492312968	5.067373606741322	5.072355195922598
private	5.136698487642092	5.075205692070943	5.306295370313147
gentleman	5.17580292468381	4.9623258577180795	5.130075945485473
daughter	5.062205199444961	5.056435225215999	5.079370096713062
drive	4.8416057069337555	5.107130471804321	4.97314474824673
strange	4.976324108974425	5.050473168143784	4.9816222979567
journey	5.154124485585347	4.938229837861506	5.0732989784979425
uncle	5.135522860877104	4.932953957921976	5.027010816238351
species	5.077339313788799	4.952174476418749	5.164855184451564
think	5.0558606920423905	5.031263046520772	5.080099055218728
bed	5.009758907415486	4.837812483624172	4.838643415185951
wind	4.940695104677141	4.961167067759429	4.908748828208298
bless	5.105095406820437	4.968547190395706	5.03661867669532
destroy	4.894611050879368	5.111383603929744	5.127710805599979
author	5.254892023093342	4.988943701439179	5.315095174801266
sustain	5.070777511629416	5.072364692813103	5.272959101759887
black	4.969644898467212	4.871756855467213	4.8714241633231214
event	5.105386593090673	5.102798328939482	5.287019807639316
liberty	5.09747815873383	5.1283942604472585	5.335023358795901
negro	4.9534811141735275	4.970299742350642	4.98849024896394
little	5.124747047299439	4.897142911004003	5.017097823461552
fortune	5.104090838551881	5.081696785002855	5.176016374705594
touch	5.07304496079676	4.978803732490716	5.034277367651421
kill	4.778446493472287	5.097781038045535	4.8995067344646115
feature	5.1301699615795	4.956845720495014	5.113203383398756
happiness	5.150846425325827	5.084816823799409	5.244887771950471
assume	5.1046974651267725	5.044088651344856	5.223472555829447
notion	5.1011833886799085	4.98865092355064	5.164339161343079
purchase	5.191742693662719	4.890106683186096	5.179457610820365
faithful	5.162404136804002	5.070639389331578	5.247816502334747
soldier	4.923864631812954	5.170871391506649	5.098966697547837
father	5.005148988784017	5.068368490944563	5.067949597692887
narrow	5.014581553644182	4.910454824530549	5.031005303722344
great	5.135829285953084	5.0206940460224105	5.257553374897246
tear	4.923978841496935	5.018057459842062	4.901957228486447
honorable	5.169830015340642	5.129743890092578	5.369415213943634
previous	5.128023519877523	4.987005844217113	5.2191901199575375
good	5.118990725478598	4.996221955799051	5.133210019110774
domestic	5.1775440293943005	4.969033467041926	5.210707575992977
glory	5.1782556074430035	5.01821770959037	5.212586011918868
lay	5.011617855168133	4.91519444023663	4.981006619849441
occasion	5.100513455209799	5.070070355969772	5.223866779400557
guard	4.922732795609565	5.1317129680613	5.099207885342333
whole	5.0877154188069404	4.969395379539723	5.170585607393395
mouth	4.984667038418572	4.880746586883152	4.874182063270558
receive	5.1744179350505926	4.9992966011197	5.241292149811348
take	5.034532933916239	4.990877155404522	5.074918877028292
simple	5.20315871322045	4.9006761213149	5.171245603852425
error	5.0148272726879695	5.114271283100102	5.2741864121109545
wisdom	5.133661992887173	5.085562955075229	5.28756880984601
rock	4.968598264452487	4.90126900767108	4.93132841378923
decide	5.10023242518613	5.090396330016245	5.311473451607986
exclaim	4.926745697461605	5.067062515833552	4.913085025366529
assure	5.094158550630335	5.0784839581269425	5.173912124051975
sign	5.070730022429904	4.991220710306122	5.136808605358291
preserve	5.153752203513189	4.940381988800128	5.190277545343366
commerce	5.1510853217016574	4.994172249981771	5.29924130410106
plant	5.132379633585443	4.802027074360239	5.028915299753214
walk	5.144638981606385	4.858892853609992	4.943460788379508
difference	5.1120329923093175	4.969245579372447	5.223961110399662
hang	4.969783367706467	4.895864962026088	4.854467875629185
following	5.285184434638151	4.880156091400038	5.268522276363765
employ	5.156742610201101	4.936464693234331	5.2178507257075415
