deal	5.0579810124033635	4.96429012340407	5.078575104708523
study	5.27094676460637	4.8774063734816355	5.214218826090739
afford	5.189675821138155	4.911089916696347	5.187721625928089
service	5.188759527601358	4.984916929163373	5.26769100686617
height	5.089308773104075	4.829179294082292	5.014039324327395
prospect	5.170281992924265	4.947610169929238	5.132953493525691
pleasant	5.259135248325757	4.788580912920594	4.943956242278441
shade	5.1399690543410275	4.79883571180949	4.911019584683031
listen	5.0199938186078965	5.017160480604822	5.001182456175068
mighty	5.022796006180364	4.979221255818605	5.054086248795541
country	5.133819111272259	4.979609423914251	5.24500398183953
title	5.2174858430516196	4.9430128858343485	5.326761364045994
choose	5.1531577910358815	4.919251943937292	5.19001318312973
village	5.175144242058531	4.8562649731376855	5.053809993720254
acquire	5.223526620993174	4.938857080420544	5.270961633380524
rank	5.132935869634659	5.023169227355627	5.252105531172213
bow	5.061448049963175	4.91558743855388	4.959670218154754
doctor	5.012470145284046	4.937866491601016	4.9690552628491345
talent	5.2406500791297495	4.986974656469402	5.294742715379226
source	5.18013121721847	4.937518712283709	5.21919979240164
lead	5.0640409931701615	4.989409017546965	5.120674749239732
question	5.053515103538388	5.012436561121998	5.231430513536525
publish	5.229977112289998	4.9191096557521075	5.3119973937248925
interest	5.1553746417752295	5.008663149348945	5.266860799192526
serve	5.06702803765302	4.927437625643457	5.067006033429672
divine	5.125159844718788	4.983531220869911	5.214681131828174
put	4.981138436230934	4.8818947887446695	4.918801956487009
shadow	5.052150317094313	4.876835599784244	4.95254986245593
practical	5.1769116937039925	4.953919927410921	5.295105879482958
surface	5.088523801872974	4.758803584465228	4.915850363500315
account	5.107633674939851	4.950245368694982	5.167723884774039
loss	4.955438233460912	5.04880968265793	5.092388030868065
indian	4.993694884334513	4.985456245638418	5.09415156823064
vine	5.147916585250516	4.7482985050480195	4.959807262029459
certain	5.049653094284541	4.990244763818666	5.171618723483073
sin	4.864730601569357	5.080237149774773	5.050446292474648
necessity	5.008238467461233	5.042853398818397	5.219696872153738
lose	4.991632884723346	5.010034322506098	5.023732231028157
private	5.108082992571429	5.028036174600341	5.259535780634546
gentleman	5.156974177667394	4.919408226285013	5.097432223913708
daughter	5.046635957680714	5.003840621775012	5.044331227544306
drive	4.869473653435293	5.03220819806954	4.9326212292243135
strange	4.964851978994519	4.989875157845124	4.927095876456845
journey	5.158376449097672	4.8888838031644415	5.024462868495249
uncle	5.1292144774589215	4.889992332424569	4.987408846533037
species	5.070621443435056	4.899082674664321	5.097945857773337
think	5.035963673041107	4.982652640411425	5.034215303408866
bed	5.02432802721503	4.784947742917564	4.785102489808533
wind	4.9630080724933645	4.8950715162845615	4.847159191627915
bless	5.096543319099255	4.917726975206588	4.9849922974730845
destroy	4.895141711139531	5.050674554917767	5.076462541142228
author	5.202109020481291	4.961536351997456	5.261415695280375
sustain	5.046883580078167	5.023230060884915	5.220603499874078
black	4.979693059633668	4.817399031153675	4.82610533295955
event	5.076133396627494	5.052231427148967	5.231238137301929
liberty	5.076976542741109	5.080618359745545	5.295079937439436
negro	4.977851159573557	4.910609674414836	4.959470218377946
little	5.122301748030553	4.852332401289047	4.971774942656997
fortune	5.094304939811267	5.0296009716690495	5.137714176225256
touch	5.049104396943137	4.932441914394616	4.977388380697277
kill	4.8018204547490235	5.026255844134481	4.871555676969042
feature	5.102688849688019	4.909246534921089	5.0554129811798125
happiness	5.1225118529038225	5.0356392135525265	5.18999091731594
assume	5.075588767683733	4.996070700583863	5.1779299884573
notion	5.078866967144763	4.948777307685454	5.122253439624201
purchase	5.1978647797277056	4.840122479438627	5.1347328589539725
faithful	5.1303907635965285	5.030200316122022	5.210320942237606
soldier	4.9246532788848905	5.105007111571942	5.067923872068419
father	4.993091148626648	5.01236436439248	5.030380154518387
narrow	5.0340309314508005	4.8540491947850795	4.97538036591124
great	5.124577097192602	4.973747301612413	5.209668036731787
tear	4.920122873759672	4.954770321578855	4.843391952889062
honorable	5.126929871957903	5.085399456969136	5.333860179205253
previous	5.102363525334876	4.943114239344301	5.166682487440143
good	5.108283326022847	4.950854145091845	5.091829189768076
domestic	5.163951193843475	4.926080288263875	5.156516802477302
glory	5.165369219947312	4.969719403649573	5.160151116479314
lay	5.019224581113461	4.863290680087414	4.931675450556079
occasion	5.073374629512644	5.020164800281423	5.1712097843929135
guard	4.9198655214682	5.068274145142724	5.059912455491026
whole	5.0861687922590955	4.919738839942506	5.118152791884366
mouth	5.004987283040736	4.823183227709665	4.82538961269689
receive	5.150185493774767	4.949347764823646	5.192609075560648
take	5.024602343964539	4.939797002441909	5.030389450391548
simple	5.171506204918677	4.86751584098987	5.112964707530048
error	4.967327247848218	5.067195059990705	5.212192762549014
wisdom	5.095050570869684	5.044311496685744	5.239065817473367
rock	4.998663490866476	4.840203869245098	4.873691910855025
decide	5.05757720728407	5.045163467066245	5.266061664767726
exclaim	4.9249301007010695	5.001040588928963	4.873002980217537
assure	5.072045007078741	5.024709590267686	5.130263747892528
sign	5.039645647143956	4.941705982822221	5.084736881766238
preserve	5.133462779393669	4.901462352269703	5.133664077200472
commerce	5.155866079904088	4.9383445109381645	5.2420751383174515
plant	5.129226896769185	4.7601505604332	4.960712095883614
walk	5.1464684983745155	4.814182413658785	4.895153858663777
difference	5.092509493533176	4.922976107776951	5.169493721191745
hang	4.968262919655052	4.843002869250721	4.801032678417868
following	5.23956650215902	4.853412991125892	5.205184944205635
employ	5.148559281279095	4.8906725546998295	5.168827236785022
