deal	5.083435119174853	5.000517671202156	5.1227625741405
study	5.319147319615989	4.897090250072234	5.270883602543208
afford	5.224746841025022	4.9312941456311234	5.243920623790111
service	5.2250320469920775	4.999784809435614	5.298567629052969
height	5.110316573770947	4.8527024543488	5.050071165580616
prospect	5.187880677552162	4.968303635713557	5.171943606341937
pleasant	5.277184448105556	4.8248496679671815	4.983130331404049
shade	5.157568136444091	4.832202704800965	4.952399028955098
listen	5.043796833667397	5.037380799070518	5.023603559898682
mighty	5.03223693848183	5.016446654801995	5.077966291401307
country	5.161455996085399	5.002932158654449	5.285817087434269
title	5.261634707802732	4.9618700103790285	5.358669107981207
choose	5.189088787252618	4.940792555974653	5.216262955188353
village	5.200820354654292	4.876617395200922	5.08252529680037
acquire	5.267997786869386	4.961684551001253	5.325357473191662
rank	5.170767446898343	5.039136087924872	5.278378335685131
bow	5.075162172918535	4.942789583027318	4.97089140156238
doctor	5.047486719791204	4.969105716259092	5.016505462257716
talent	5.2850465406195415	5.010330198248003	5.341842230698349
source	5.203829786771566	4.960998157406189	5.271826377861064
lead	5.091191996235666	5.0049159587846175	5.156995905497213
question	5.086731340988151	5.029304008335627	5.274661071403124
publish	5.276819672901244	4.935079162463132	5.359841297489561
interest	5.179815503358282	5.020220468682771	5.303914373580814
serve	5.097729508716682	4.958488879807494	5.108802506469339
divine	5.146307231475989	5.008406782562678	5.250501027614083
put	4.999965334095083	4.9260238803639576	4.960570916526457
shadow	5.065821238772411	4.905045508977707	4.983763632915139
practical	5.2183829976916325	4.972781332087001	5.352847312680795
surface	5.103571735501795	4.79471406414789	4.970469572575849
account	5.141458893130567	4.969949696562693	5.2196992226346515
loss	4.985553346170368	5.070554306901236	5.1401486932216445
indian	5.022433609861891	5.009172291331525	5.123763620519927
vine	5.1886144451440614	4.775787410239661	5.0227872508791025
certain	5.085685442553779	5.015243315469442	5.2216557963023185
sin	4.886135481349345	5.110957697604254	5.0867520056321585
necessity	5.040223833547017	5.0605558362366	5.268268279092422
lose	5.0161415559875	5.0384893203094165	5.0621001284195986
private	5.135783300852258	5.039299802548207	5.2942757442892034
gentleman	5.196259249410688	4.939684010418183	5.129353679656357
daughter	5.078482715944671	5.022720851427869	5.069012451884547
drive	4.880259099027564	5.062051961237229	4.954683905471557
strange	4.988961914980721	5.024016880340859	4.963650589016153
journey	5.18887698339238	4.904738277993433	5.059771313658903
uncle	5.153577134091976	4.918266486448548	5.019466532021011
species	5.099534464860476	4.931230358574152	5.153538021975061
think	5.064342155976295	5.015518470726391	5.07378613192083
bed	5.034901894920276	4.820238600330002	4.819943930339217
wind	4.971531137966424	4.926351257842115	4.878203173752426
bless	5.107391162100209	4.952404601473	5.008773488888832
destroy	4.925285330791942	5.086429019004342	5.1254069661348245
author	5.248846428304857	4.981078065227652	5.31047131591682
sustain	5.072348273884634	5.0440187323295	5.263816418335542
black	4.991223273918762	4.860248026344652	4.851782971901954
event	5.11282796335068	5.060499781613562	5.274355647903233
liberty	5.102931274254335	5.099576134205182	5.319221522431601
negro	5.001682264586644	4.943602045574043	4.993474298448014
little	5.152622629267846	4.886962558102727	5.0173224588931635
fortune	5.127457267471751	5.053254693459918	5.176742649584484
touch	5.07200152500561	4.95934865440713	5.011285850660709
kill	4.834963938156429	5.059851241778551	4.900479190367853
feature	5.121646327664573	4.935677932226157	5.090867169700448
happiness	5.1452922886631915	5.052040314336501	5.228195634927209
assume	5.1046502228793456	5.01818585382262	5.2150198958852725
notion	5.11239841172814	4.985357748750187	5.168435782046269
purchase	5.222958335664296	4.871175761661608	5.180395942488346
faithful	5.1601778266266365	5.042383340849966	5.2348359271204385
soldier	4.954043059977221	5.123778845029775	5.0799190375142755
father	5.020002670480456	5.036449468296466	5.057105255840901
narrow	5.046420235284538	4.881456879332766	5.013817393673015
great	5.153333992418995	4.998464911012506	5.254111786397408
tear	4.9279294434797665	4.991837941202397	4.874922403449734
honorable	5.166183754642956	5.098884316398901	5.36880885444115
previous	5.141769352924404	4.955152265692287	5.217000617641591
good	5.138715425701984	4.985059661347242	5.135980792421751
domestic	5.1910070928962195	4.953010007398049	5.20756566607773
glory	5.179553552627341	5.004418023738759	5.1825203458440745
lay	5.030014650208496	4.896702018827457	4.96361223347375
occasion	5.1077013592499325	5.034720998875514	5.213704934541692
guard	4.940220615281813	5.078366778535382	5.074912890350591
whole	5.105060127716572	4.949030121429292	5.158860174073958
mouth	5.009999701225214	4.863340270933866	4.851058811454272
receive	5.183338521650762	4.968702569995844	5.234521847691343
take	5.0539169778594175	4.965691152930933	5.071426906658977
simple	5.20116106748978	4.9008132242342315	5.161335455245298
error	5.0070058603973076	5.08557316206474	5.267708898322001
wisdom	5.127653751412023	5.068432324939235	5.2774285245774095
rock	5.003605922921033	4.870446555022713	4.9001677169869255
decide	5.096669801847085	5.057240476612131	5.306594622611299
exclaim	4.93908474341678	5.029923934218931	4.891487426322353
assure	5.102369390645637	5.043526539825689	5.163501992544452
sign	5.06819150208034	4.967343669003623	5.118548784555015
preserve	5.1641630742532545	4.933694591574794	5.186020565341352
commerce	5.173754327521583	4.9602587748496125	5.289327945734375
plant	5.1685165050057575	4.794537762575089	5.022823813066262
walk	5.168352379432094	4.8399277186297684	4.9220725534272205
difference	5.128254618358436	4.9483557698885265	5.223216318899458
hang	4.982251184572106	4.880803175841134	4.827438270487601
following	5.279882124825689	4.863463330728902	5.250096370415402
employ	5.183166735772989	4.916996226241712	5.224956720877701
