deal	5.095141383397786	5.040279997916575	5.1498010711699145
study	5.327475915878672	4.9489023975479	5.287091814559968
afford	5.238458615286885	4.98134202588132	5.254018670535816
service	5.230158139264714	5.04360444377423	5.321864540091854
height	5.0802335501588445	4.922916035868149	5.062658655669756
prospect	5.200024557192121	5.029282246360776	5.202568920863122
pleasant	5.262403514490908	4.90467328165404	5.029745441482812
shade	5.150881920901888	4.905492061915425	4.986977092968752
listen	5.0492447486507075	5.118274998102232	5.0887410828484105
mighty	5.036731809817753	5.0788124930065575	5.125256340608363
country	5.170773393192977	5.04339039215698	5.297355536016182
title	5.263656932909507	4.993266884156448	5.3574006015014
choose	5.187865276137228	4.985746110847985	5.24424423538446
village	5.180149332283291	4.946005959368173	5.11328333715438
acquire	5.2717440111931175	5.009415490139035	5.330553239893338
rank	5.176722664191542	5.089221517987562	5.304500496506509
bow	5.061192538893472	5.019323681566628	5.0254547995870515
doctor	5.045114739690123	5.027671376458667	5.0496447847219335
talent	5.301790071549785	5.053161056702482	5.358103382135661
source	5.221643892410811	5.008435135001365	5.280209287281252
lead	5.102899622200836	5.067741815468295	5.193998546234807
question	5.106680781833857	5.068626682393204	5.290015942876402
publish	5.2798452252286365	4.971008125314643	5.358449336645798
interest	5.2015119549015765	5.063194397167306	5.323251074515165
serve	5.104189427906467	5.009962788825082	5.140699453170119
divine	5.180112281509211	5.052796732399029	5.283455128721272
put	4.996963965756837	4.981181615814463	4.994651735985482
shadow	5.072107606346698	4.973042929562301	5.026552251065404
practical	5.237246078203566	5.009945064100836	5.356314805735544
surface	5.087003869872896	4.8612695209601915	4.982726918138274
account	5.1478872109129	5.015688575159115	5.229547693239699
loss	4.994523391084282	5.12255350862151	5.161309488315317
indian	5.008333384610316	5.07396693865627	5.151638498148874
vine	5.174995381920448	4.837392337928016	5.035153371658573
certain	5.104833141243484	5.063677093277682	5.242575311083507
sin	4.921019832801082	5.148430421831027	5.127828519814569
necessity	5.067075131751566	5.103302574997088	5.287080691753872
lose	5.02697870909827	5.100649886001294	5.104924213265019
private	5.160601740186455	5.0776078710892945	5.316582064238879
gentleman	5.190090366901494	4.995430616733971	5.160097551068505
daughter	5.079677504779401	5.07658294780493	5.1051894056971845
drive	4.87703063154438	5.13478312247686	5.007242095902699
strange	4.998234479076883	5.098199685951645	5.0180678018162945
journey	5.174312403563236	4.986731472974749	5.102896303761809
uncle	5.144877021441243	4.971512580456219	5.052711833131964
species	5.09823296473713	4.985762178298799	5.164076607516013
think	5.080365586417849	5.066113670074059	5.114719634998818
bed	5.020279535342485	4.892224032229967	4.86122939599557
wind	4.950063996811595	5.015520295903973	4.926187108452592
bless	5.115023861744059	5.007433318020078	5.060044902494416
destroy	4.940735385623387	5.132188344189042	5.148966330579985
author	5.262250136677842	5.0224269810825595	5.320707052119602
sustain	5.092782591450415	5.085819211173912	5.2796029886002795
black	4.959378494043738	4.922864585393559	4.874242402011436
event	5.131113835489	5.11778566623118	5.300591484891895
liberty	5.121364176583473	5.13404918140213	5.341732506894867
negro	4.9806497736104305	5.000581456896125	5.014526277709497
little	5.1445803615055095	4.950859660340063	5.04889415595554
fortune	5.141390697741168	5.102918967410792	5.208150867890079
touch	5.072621667311082	5.032231624352343	5.056074898978455
kill	4.817446805118244	5.126082102553707	4.947836948009336
feature	5.124233747498252	5.001563104974399	5.1162949539970235
happiness	5.17891106650082	5.097403944075773	5.260875902015165
assume	5.114569399178091	5.072089219259652	5.238427682355772
notion	5.128835085585509	5.020171481054971	5.190337277024193
purchase	5.219404674094247	4.9111409080498065	5.185731662081785
faithful	5.178016683002177	5.0916828315710045	5.273526325979409
soldier	4.951655556787472	5.197928569492065	5.1437777756599665
father	5.029740120797359	5.089964040582253	5.098898232586915
narrow	5.037898101992348	4.948577418869255	5.037704225122691
great	5.16522516764429	5.047660091885996	5.273909293511118
tear	4.929265822072184	5.06260811663727	4.925142158923478
honorable	5.194974599078475	5.129988878719971	5.386114227145803
previous	5.141265066614785	5.0118545500807725	5.229142006841976
good	5.149785196511231	5.032041725107661	5.168044919482477
domestic	5.203364816155403	4.99862947328582	5.222494828645995
glory	5.194822983543412	5.060529040016197	5.22974227776817
lay	5.022517686399069	4.9640498017261745	4.999532864595785
occasion	5.122613082358833	5.093306188189351	5.246712796813287
guard	4.947786150019829	5.146319833877734	5.130456059110014
whole	5.107546659494509	5.005008229787595	5.181560608133849
mouth	4.973504106825867	4.947885792056275	4.886400351520294
receive	5.189616838465056	5.021462921098808	5.25419823432989
take	5.053763630103503	5.022707727160258	5.100912308883969
simple	5.21287150234104	4.952743154627484	5.184842899685449
error	5.03991790856857	5.12008906506575	5.280583276885769
wisdom	5.161826288993753	5.115046178838379	5.314721581715018
rock	4.978247376741453	4.951648631961208	4.937187799797371
decide	5.118097138562205	5.096897240641035	5.325211801258146
exclaim	4.933664518736243	5.109522474626562	4.953083499881494
assure	5.1190368556649455	5.101178354631723	5.206111032523567
sign	5.0767031052619735	5.030869211358495	5.159118144970258
preserve	5.171636105730083	4.982574349400198	5.200719652091161
commerce	5.181552911019589	5.007814549610703	5.297319755574998
plant	5.155009359283075	4.853931426928472	5.034341882010334
walk	5.152114565841664	4.921949075271319	4.97597535841374
difference	5.133626280391547	4.987347252788546	5.226181448731362
hang	4.970793240205112	4.950466204196565	4.8722827832951054
following	5.27311925358359	4.918233125323003	5.261049740130366
employ	5.181683929475803	4.969358962510671	5.233376267015956
