deal	5.017081159052013	5.027055155725298	5.085911000997265
study	5.222024937689796	4.927489933113802	5.214379308008935
afford	5.138454776078026	4.9538859041010355	5.190246697276068
service	5.162832062604855	5.030557755932353	5.268887874063828
height	5.035479814924817	4.888452360505125	5.002652974918532
prospect	5.129421879791131	5.00255007974734	5.13417709110176
pleasant	5.194302982291531	4.876478130945054	4.936222521659042
shade	5.093131961846351	4.879286276373598	4.910689542510462
listen	4.997846666410123	5.1001631498120465	5.005682411865033
mighty	4.995496793245915	5.051506237421181	5.057591040367793
country	5.098126452722779	5.016630581814104	5.250006417549019
title	5.194406302178496	4.980434584434029	5.327843052111239
choose	5.12361261957352	4.9642938658711575	5.187493675622279
village	5.10952724245944	4.931759680455856	5.044301573036944
acquire	5.179947649431385	4.9758577964954265	5.276186227699326
rank	5.116567254594067	5.072527121162883	5.2541062171516755
bow	5.03593940448261	4.998651470340742	4.959329242313242
doctor	4.965511402525582	5.02136388379483	4.978175597704788
talent	5.208754667634486	5.033352541137951	5.297127496622587
source	5.132919597775337	4.976508969491034	5.223590745658153
lead	5.026779536535363	5.043278140275054	5.1217115645938085
question	5.031976189580886	5.045998900409919	5.244529799296934
publish	5.192614034652318	4.954577992332035	5.311695071611598
interest	5.120235192146383	5.040853459127945	5.271664703430156
serve	5.0335303382494185	4.983864249478713	5.072766890319624
divine	5.1063960206791235	5.0302620670637275	5.2213602708875015
put	4.937734572862295	4.951682225552968	4.928628177788205
shadow	5.01998346664776	4.947763623643799	4.955013384138659
practical	5.138890637698369	4.97887326691051	5.300723794307738
surface	5.030829687990347	4.817918908999022	4.924017648813376
account	5.056117302990966	4.994130526057467	5.171100423493992
loss	4.9243976029624745	5.096998441031779	5.104413577468135
indian	4.961967851350756	5.039881813750942	5.103220292620843
vine	5.100177899839186	4.801443550036057	4.971727993749631
certain	5.01615944680652	5.029285691037649	5.183376700830555
sin	4.851496652310347	5.145744483838771	5.066321679523304
necessity	4.983492219562646	5.073688825970944	5.237091031872136
lose	4.959294439696025	5.071701430051561	5.027964550265179
private	5.07541677020243	5.0707248623773875	5.263218148473898
gentleman	5.113875213388023	4.992267382925884	5.096124720026839
daughter	5.015519720719479	5.089276174708668	5.046125024400105
drive	4.827516763329056	5.1121390186000175	4.935718934264726
strange	4.930066132562916	5.0771414014287695	4.933754117888096
journey	5.104751755978985	4.960737094299841	5.014795417935194
uncle	5.070663307911019	4.976456626330718	4.9857133801347775
species	5.017428826499134	4.94068503404688	5.107643404466154
think	5.003485457362567	5.052573137382302	5.042712307414052
bed	4.960816761204314	4.880301201367522	4.782406180367477
wind	4.916974532781568	4.977395497696831	4.850741425418229
bless	5.06696404504757	4.999301801880944	4.987870678077606
destroy	4.870044828677306	5.103592372230064	5.093098656977433
author	5.1661134553758465	5.004999262897979	5.260391063492162
sustain	5.026441677872862	5.054865729941609	5.231733316313926
black	4.9279094772148975	4.904133062433126	4.820326018386863
event	5.049609891801264	5.0887021592138195	5.239852596716076
liberty	5.066472929185571	5.1144998622140045	5.303063196921109
negro	4.90699442126681	4.993238733485469	4.957027975173648
little	5.0678000292768495	4.92717275083272	4.973326655085975
fortune	5.063743297077027	5.0924187038458175	5.143206465207689
touch	5.019968779389841	5.003517287058036	4.985496642268991
kill	4.771180544813427	5.113158595337921	4.884084154926248
feature	5.068819056853171	4.974525755185353	5.060574341607621
happiness	5.094783365897018	5.0817541056050395	5.199500714729392
assume	5.049070347810669	5.0399843057361124	5.183966170651827
notion	5.035647281514828	5.003986515276569	5.131482630095721
purchase	5.136709198986127	4.893967155771754	5.136211830987488
faithful	5.114824750128945	5.08559366588375	5.21242393187456
soldier	4.918118208497954	5.181628558857054	5.075536977610325
father	4.970557563453122	5.094713445366378	5.041722534091549
narrow	4.975483525502971	4.920496507250621	4.974615287232841
great	5.089522832024838	5.012995168207319	5.21232525978878
tear	4.894461355823092	5.044704539538765	4.860111474567738
honorable	5.122778965558918	5.12303036947893	5.342934412607511
previous	5.0573459586412275	4.9808807682948295	5.168415613644031
good	5.070754258835957	5.014516681325758	5.09973167336207
domestic	5.115308602391762	4.969951195929956	5.163947732217834
glory	5.153699179054239	5.030105926425457	5.160800712891889
lay	4.980763366299551	4.933666169657674	4.936722284452665
occasion	5.042268638748714	5.067456243988453	5.180074703086241
guard	4.900369590746655	5.137299410605318	5.066573399359869
whole	5.040948550120706	4.965805291185442	5.12095765224061
mouth	4.949804299976878	4.918286277897679	4.826812434306538
receive	5.112198106063744	4.994496752806397	5.197148695984501
take	4.984981279161561	4.999278009903167	5.03736530514536
simple	5.124511494818688	4.921669481414476	5.11487392722551
error	4.949517717070409	5.100895502435169	5.22902440050175
wisdom	5.0863897368571775	5.088888335198561	5.247759760974563
rock	4.947927479546349	4.923447038246675	4.872285982154466
decide	5.043145896381657	5.074913072511479	5.278032727033964
exclaim	4.890620075935602	5.104956654836849	4.879645426891589
assure	5.046064267841774	5.083707224743305	5.137410879256895
sign	5.0141061784728045	5.000995085932173	5.094534588093995
preserve	5.097044444805507	4.943681275042277	5.1413057858657565
commerce	5.116204159463762	4.964164500414235	5.256135706968994
plant	5.078093539411555	4.818925296631257	4.970672539264359
walk	5.0864919668039414	4.908440430495124	4.881651964022272
difference	5.0489010717179506	4.957291392999575	5.179143260559483
hang	4.929518658147565	4.935470513243322	4.800819163578664
following	5.192484088699543	4.888582158908764	5.200112730390431
employ	5.0912766754904055	4.935258610742067	5.17183869647766
