deal	5.040577343467534	5.0036701039431435	5.084564335794028
study	5.276160738986067	4.906953432491233	5.230736943382164
afford	5.175481144407649	4.941988261200942	5.196894942164752
service	5.182150937902112	5.0187768136314075	5.277076312835259
height	5.072561077174992	4.85730953633342	5.004736015823632
prospect	5.156002439601471	4.975297087821782	5.13050693117816
pleasant	5.236792742651852	4.817669518700725	4.941151806336123
shade	5.13280807379904	4.830235425614933	4.919062125706916
listen	5.0308492212478795	5.0502541718827905	5.012262902172138
mighty	5.002497199710828	5.032132812507276	5.049707111157621
country	5.111270298428124	5.018042401599723	5.249087234104752
title	5.217684220400489	4.974111697698459	5.332017957829655
choose	5.138160161172832	4.94655591036844	5.1820612701951285
village	5.131450231337598	4.8895413890092705	5.035366214184383
acquire	5.211863851785425	4.97671581392505	5.27999178558573
rank	5.12558800480423	5.062308861907757	5.257472894972941
bow	5.062508608932956	4.950162288693027	4.962996118363607
doctor	5.0104280471724305	4.969541178015339	4.984241240210285
talent	5.241384469297236	5.023280139471652	5.309355231550321
source	5.171568980039414	4.970461832619164	5.23000656639875
lead	5.047500383297264	5.026012101099644	5.1227142671510695
question	5.054857449933783	5.03779258325946	5.239195134373556
publish	5.23284307581448	4.9379354078119455	5.325500486801631
interest	5.150132068716103	5.032783430353039	5.276051966847185
serve	5.052183777124029	4.972134423268862	5.082694999547244
divine	5.141854364290931	5.021002774985206	5.234230842361741
put	4.957115642874937	4.924160736936622	4.926711969479009
shadow	5.052101183890581	4.907756147311873	4.9519879409557275
practical	5.173053002352115	4.980063564958881	5.306316396004023
surface	5.064971276886495	4.788095495215026	4.9129013234235765
account	5.094969812272505	4.9751174057192555	5.179341366399387
loss	4.952987482408878	5.0875934521257875	5.1131324302385
indian	4.958016262985167	5.029616750876055	5.0862845982549
vine	5.132397004404885	4.773089630760122	4.966011018949296
certain	5.043531883120297	5.025664171356276	5.183790757604044
sin	4.875502152672288	5.134146979669413	5.074505658428145
necessity	5.00451389394855	5.078821419985101	5.236287363978712
lose	4.984940083215676	5.052582317803448	5.0333977427294405
private	5.100972772159143	5.059642831352022	5.273257815551767
gentleman	5.142666955926524	4.946934953611084	5.096784914493364
daughter	5.052444675333166	5.042169561932353	5.060797348110764
drive	4.8362556268963655	5.081763179610879	4.92823405976712
strange	4.96558922722233	5.033335378783262	4.941409918844097
journey	5.136087028255993	4.919161961881715	5.0186210498967565
uncle	5.112101986963195	4.914324453916476	4.982759219931205
species	5.04690172550095	4.936173605989203	5.112293856627406
think	5.038735783457021	5.018532573993913	5.0445219030778095
bed	5.000308820427942	4.820610460809278	4.78421500470016
wind	4.941741991554592	4.928395742653864	4.842918985700502
bless	5.0923071150912635	4.960864907382135	4.9916950310117825
destroy	4.875829751945165	5.107731228322989	5.096274252437927
author	5.210738706501913	4.988635209902034	5.2812003997851775
sustain	5.046152199538759	5.057162520027041	5.2383797014162115
black	4.951099615739018	4.85287982648355	4.819580953663061
event	5.0832016142181535	5.077047008236085	5.247261016246992
liberty	5.07269348895624	5.119861196737025	5.304380209469139
negro	4.922772103934752	4.9559505667748995	4.93840509879764
little	5.103162485096311	4.887978722639485	4.973555133621029
fortune	5.084598045808382	5.076609229473535	5.152724600007659
touch	5.060237104044972	4.962630550746135	4.99277046773587
kill	4.7743052956546626	5.084504575197368	4.871848800776083
feature	5.118043196159216	4.933426805712863	5.068953249153109
happiness	5.1290910901879485	5.071994821536449	5.209647652272938
assume	5.0787924328402605	5.021600958199097	5.189734105450084
notion	5.065685016960422	4.981349002150237	5.121507730125874
purchase	5.158774947510117	4.885278859962258	5.13594269755182
faithful	5.13663034507616	5.063283655553974	5.222315746732729
soldier	4.9160947396066295	5.155738325754349	5.077061912247094
father	4.995918210126714	5.057182799141644	5.044950832032226
narrow	4.999813794614519	4.893726844687776	4.963328476240198
great	5.113864334755321	5.009397988764491	5.219615495226302
tear	4.924323396632969	5.000424304588156	4.8663206440031175
honorable	5.132276289901302	5.121849844588032	5.35003691688952
previous	5.098660570413626	4.95734036660199	5.17541276580067
good	5.092335978541687	4.994416757581141	5.101744456893309
domestic	5.148685109792642	4.9587075680933514	5.177494033563543
glory	5.165381876933415	5.017574785976319	5.168677951275429
lay	4.997846517057368	4.905853389775441	4.934705369893704
occasion	5.072336016135615	5.046966224444887	5.189565516867297
guard	4.907555507759757	5.106672990988964	5.065165942179888
whole	5.065753522648974	4.953874522517732	5.121088297934797
mouth	4.9764484034023075	4.859613346058298	4.815948123098017
receive	5.145833902830759	4.976752625199361	5.206890698335019
take	5.010475551216712	4.972086263112139	5.037259486141576
simple	5.171260641244323	4.900253555273632	5.128289491237799
error	4.9809538729415	5.099709922073629	5.237804941717965
wisdom	5.106483019780424	5.0889924426241615	5.258706363381101
rock	4.963105420272209	4.881546885259984	4.85768236571693
decide	5.063242238290447	5.065802343316606	5.2708034211901325
exclaim	4.922469230855414	5.041811276270121	4.878750693624652
assure	5.071929968093239	5.057246359392596	5.137012558295599
sign	5.045872663089236	4.973687619611594	5.095783099632423
preserve	5.1269853154419955	4.938524910453261	5.156550626495524
commerce	5.122676380021355	4.973204723279153	5.2483652584813845
plant	5.104749433557251	4.795348747381998	4.966274620850757
walk	5.128065861345739	4.843612374032726	4.8849082072070535
difference	5.080767195745514	4.951038029650681	5.177265586096897
hang	4.958366153103511	4.881012811801849	4.802796193402833
following	5.242758673015089	4.853300758869408	5.211820055795188
employ	5.122647850546807	4.927895744552949	5.1780357192246615
