deal	5.031701562070193	5.0119971766334785	5.091344612284872
study	5.264404920697621	4.910935945898428	5.2263720000608975
afford	5.168717389064173	4.944331090008047	5.201526806290891
service	5.180379203887649	5.020521869412847	5.271994127226096
height	5.049557545885901	4.880836957668628	5.022028380865829
prospect	5.137890118656035	4.995292649160273	5.148045362382367
pleasant	5.197040590213307	4.847208309504333	4.9457341277334494
shade	5.089093271424849	4.854491056843967	4.920605258059479
listen	4.993085884451542	5.08720195671495	5.016646629127735
mighty	4.976962228634199	5.0480922781303335	5.061288444487692
country	5.112828461301888	5.019177964619459	5.258104923765005
title	5.225570204584997	4.970646633069851	5.3321518290730525
choose	5.132967467279842	4.961854938465119	5.19431640715151
village	5.124872580043908	4.915300130312237	5.059089612696377
acquire	5.208367157676516	4.9760076165846785	5.288869153334567
rank	5.1275780473968	5.068486818286551	5.264536698501772
bow	5.028774115616622	4.981399679943143	4.968409675571814
doctor	4.991486796904915	4.988494937105538	4.983520837652016
talent	5.235209962545811	5.026350303792293	5.310591349448264
source	5.152318885147697	4.976375716782524	5.235989609903277
lead	5.036970175643126	5.043931444893206	5.139597017789976
question	5.058380070614102	5.050700860540799	5.258811416434508
publish	5.2433789887906554	4.941521247179539	5.320675331339396
interest	5.147081534174153	5.040754895050065	5.284631610477316
serve	5.039329811508612	4.970816353218134	5.074692265478903
divine	5.116333110720488	5.025948066785968	5.231570269561348
put	4.943425967499921	4.9345691627972315	4.931289291564493
shadow	5.018573082513422	4.934416585554453	4.969216643363699
practical	5.1804073961240755	4.980830982676083	5.319924445809875
surface	5.034936677730753	4.809708650296185	4.935328220876623
account	5.095020646924943	4.984098728559746	5.185491204977566
loss	4.935106900616167	5.094822948059926	5.1137612946585875
indian	4.960416073986556	5.051169977268664	5.1165528331368435
vine	5.1082268664204316	4.792315913909783	4.981020873017553
certain	5.042580364591321	5.031442421125362	5.198590768254616
sin	4.847120507932589	5.137266586540921	5.073469124464001
necessity	5.005280686641763	5.081873727947913	5.25128675121196
lose	4.962119519149446	5.0662830110872346	5.039486778361824
private	5.10179414450575	5.057511427741962	5.267671235955983
gentleman	5.142247423716357	4.96188817600723	5.105401268940386
daughter	5.0299816512095825	5.056695055701532	5.053796693430452
drive	4.823738778148621	5.106941726672348	4.9521056366715746
strange	4.939453364809834	5.055789636698513	4.9472079019199935
journey	5.111965169513286	4.948851750119502	5.029328865662709
uncle	5.090958172770904	4.947145084026013	4.993384571337764
species	5.037891303053347	4.9396965225639216	5.116067712623214
think	5.017680827601699	5.037711704314179	5.054257511945029
bed	4.957109468333678	4.843932092803335	4.7863180578543085
wind	4.9062824625265895	4.969080955118358	4.866701795244665
bless	5.053953891986135	4.979603899207344	4.9894175908589995
destroy	4.865551721058295	5.104603005078876	5.09884413747993
author	5.206797777563368	4.993873009293283	5.2749120129255
sustain	5.035691147537297	5.060045273261485	5.241453168366516
black	4.93768223674504	4.876304802823099	4.834026504430293
event	5.079279475262443	5.0931480332222785	5.258618881115416
liberty	5.073967566175485	5.1240976405911365	5.313066852108932
negro	4.9305338690725105	4.974954122823396	4.972929998905183
little	5.079898945684356	4.906194067625971	4.981711158438361
fortune	5.069794306051842	5.07685235722729	5.148017712875197
touch	5.022122120587742	4.989386514413094	4.994377981368338
kill	4.759971426513377	5.111956583836468	4.896130169475822
feature	5.08827927988227	4.954028427553351	5.0743118672988885
happiness	5.110389189045638	5.075737909189173	5.211264128049988
assume	5.070565614407793	5.033571097224134	5.197722596154151
notion	5.0750386815796045	4.993199821631403	5.150890210086043
purchase	5.153280149113498	4.873021190548486	5.13023462556935
faithful	5.117917333897441	5.079012298545676	5.219511346858917
soldier	4.90758094541535	5.178428903495523	5.084997490482645
father	4.966719716962618	5.072731710901075	5.042577371262053
narrow	4.9814146753596225	4.907180670718339	4.986748077476551
great	5.105206207769835	5.013845913226763	5.222496145893398
tear	4.87233067814272	5.02415895847644	4.857972230309478
honorable	5.135922145756328	5.120770084605254	5.349855229106382
previous	5.09420568914106	4.973968450505669	5.185585675359034
good	5.080233352886305	4.999422417745754	5.105085193847676
domestic	5.140553261144537	4.954196788933236	5.167618521744527
glory	5.1332908047308665	5.025634265189678	5.160328983841816
lay	4.965696659478655	4.9174722044892	4.934121831604453
occasion	5.066238958748883	5.06069003411162	5.194694252830558
guard	4.905189107931503	5.130501492660444	5.081901258376252
whole	5.056083274585082	4.960831424338178	5.128863363283114
mouth	4.941801345172602	4.896178743671164	4.835039018257596
receive	5.137787034747085	4.986831895709988	5.206030677097829
take	4.999996531089285	4.988053078116818	5.045782953224369
simple	5.152554497468688	4.903267392645521	5.12529610356577
error	4.975185934914735	5.104901528391368	5.2465402734077315
wisdom	5.0867876269241235	5.09153048675831	5.258288827814989
rock	4.930457279564287	4.91457478324202	4.884164933921039
decide	5.070045509178823	5.085003541274861	5.2974302798800545
exclaim	4.890892642228751	5.079491472721328	4.891875507787113
assure	5.059603148626984	5.079911172547622	5.154225936841349
sign	5.0326141218899485	4.991593875021407	5.102435606670803
preserve	5.111582098630341	4.933717698806807	5.1452675341162
commerce	5.132917460027296	4.96984358856355	5.259654476795563
plant	5.0805417802833395	4.809000947033379	4.978216603260215
walk	5.092992190251735	4.8770388099377024	4.896752581235701
difference	5.086150244602044	4.95503782780418	5.195715637132497
hang	4.926150337805096	4.905303029352292	4.810076089896441
following	5.238588856755264	4.879064981945733	5.215859406304954
employ	5.120599419298024	4.927244372601448	5.17849666179363
