deal	5.065812878297354	5.019408195795739	5.1381728054836735
study	5.289951428953361	4.92076881384056	5.277378619170349
afford	5.1888158721424675	4.964684473901948	5.247791791244442
service	5.212110530038328	5.025378961649398	5.318365113739668
height	5.066084579921266	4.897830435167445	5.065540310051601
prospect	5.139612140442871	5.02201782293382	5.1878144517652895
pleasant	5.21258482781127	4.8558746310630365	5.001015893600091
shade	5.092192736520034	4.863923480034961	4.958134328182331
listen	4.99799319523032	5.087657583067849	5.052290281958205
mighty	4.989425404315512	5.05519024744964	5.087836824126942
country	5.134298545455261	5.030839905999014	5.290339652258113
title	5.252955517697148	4.9683447007370924	5.368866051882992
choose	5.164824837409105	4.953894926889701	5.234343547307213
village	5.141946181624102	4.924442314476414	5.1071053108790485
acquire	5.238115349731263	4.986686749903548	5.326630966750532
rank	5.15203612728001	5.061648912295303	5.294119242150275
bow	5.041201257174578	4.978049954772088	5.001510468320708
doctor	5.012850431632862	4.997421187806165	5.040886693976865
talent	5.269494304993161	5.031682672234482	5.354124714481651
source	5.162984651696316	4.997738746864133	5.268736605119198
lead	5.049327328572723	5.049655950359018	5.170316905631159
question	5.0732880670993294	5.057027423893188	5.289196175041048
publish	5.259838599756939	4.960342068055579	5.3702845996947906
interest	5.162489809092426	5.05819906845547	5.319124917270848
serve	5.066178078945477	4.972615657965888	5.116413410189229
divine	5.124182100227975	5.027208195855899	5.250104758570685
put	4.972314440993442	4.9450360764089965	4.981269787747512
shadow	5.0119099455297285	4.945581867183637	4.995968656299641
practical	5.202116027911722	4.990958114258379	5.352384730611737
surface	5.044881559918398	4.83679445505921	4.976351824939955
account	5.113964232936269	5.004532468000731	5.232410415021287
loss	4.952007963409387	5.117932625076069	5.151645343692959
indian	4.9771121563849	5.0495317253074425	5.139720924708169
vine	5.1249484859056045	4.811263731456784	5.0291199993567
certain	5.057810985192713	5.0385811270923035	5.228272290292877
sin	4.858984798408642	5.136520126910375	5.090165270197809
necessity	5.01934882193919	5.0955149215328435	5.276470323535589
lose	4.971641415771674	5.080565886863697	5.073599953702605
private	5.128348382203471	5.072727848667702	5.315731080720303
gentleman	5.177473279642691	4.958135841873126	5.164460838245482
daughter	5.036830364695057	5.060010656226158	5.094563944565815
drive	4.83057791477374	5.117495842667081	4.9815216000373095
strange	4.9351289692703455	5.064349084214261	4.9819137111884535
journey	5.125493809601149	4.971409958332247	5.085438450188516
uncle	5.109628432898236	4.9585769886133795	5.053524837788696
species	5.06628880461076	4.958396731979461	5.157953553451761
think	5.030378838716653	5.044235410983627	5.093545343865471
bed	4.971308723267325	4.862074114417092	4.840722613596591
wind	4.898716855753595	4.992982682757425	4.901883637066693
bless	5.061971896673882	4.976721425271819	5.021437460947331
destroy	4.879412078053486	5.112745520153256	5.1192935679085085
author	5.226355539747853	5.000966583748169	5.317010441333022
sustain	5.052547701628985	5.076799604951848	5.267279236742057
black	4.9572544135591095	4.8753837965031686	4.874385183782733
event	5.0686857413718105	5.118383871334104	5.287413237179557
liberty	5.078799991420301	5.12507461221003	5.327177225243621
negro	4.966541034314034	4.973505990039502	5.019521043205321
little	5.106104099865343	4.911401377826371	5.03149378906001
fortune	5.091843975872045	5.093853884107774	5.192700984287473
touch	5.026764420435992	4.995001539193397	5.030508269687509
kill	4.777560491141663	5.1067345390674	4.92671626489801
feature	5.088982841903881	4.968054942535246	5.108333386229765
happiness	5.1031903511315795	5.091893830249138	5.2346934847198225
assume	5.0851356200515125	5.0395424849790516	5.22730820317989
notion	5.093934039192713	4.991261085161221	5.179958774185045
purchase	5.204981374594036	4.89368303822686	5.194493436583079
faithful	5.132091478395938	5.07890959861064	5.251701318775454
soldier	4.924633533196412	5.174055655486103	5.119921279329296
father	4.977743497313102	5.072837087137231	5.076884691423832
narrow	4.999606736457313	4.925460519148512	5.027344551912136
great	5.129519352950211	5.025707666349361	5.259147206751826
tear	4.869059899820202	5.038690168220599	4.8906651946767825
honorable	5.1627361832294465	5.1212439072021025	5.382620460215663
previous	5.100586451311105	4.997331849753894	5.228673401638455
good	5.110549170022755	5.000786673611099	5.150031989446306
domestic	5.156328006156658	4.968941843708666	5.210570935691987
glory	5.145060066405661	5.031781947569711	5.187375572948538
lay	4.984681149740726	4.929892535703964	4.974513133703767
occasion	5.0786742838655226	5.074895829802478	5.23529245688953
guard	4.906159563624621	5.137903654998526	5.110608116277324
whole	5.074862298835263	4.976210101673027	5.169053308257291
mouth	4.961745404480068	4.91125153618876	4.885943911274908
receive	5.16080844310601	4.998930629939198	5.25157761260686
take	5.015590811060019	4.998530428468244	5.08841206189205
simple	5.172924996190952	4.907203075145842	5.164279336690428
error	4.987490512040004	5.11717036550922	5.270174239000033
wisdom	5.1080547675608425	5.0890384771331405	5.280069487502365
rock	4.933723204545809	4.934288419853606	4.9182169060101035
decide	5.082372736521914	5.091965429565587	5.325442108863461
exclaim	4.896131574435715	5.082363897704599	4.93185414888677
assure	5.072795375159327	5.085133577438194	5.187735113324477
sign	5.042674010790963	4.9978359565065755	5.140729365323321
preserve	5.1231794632593965	4.947220928591586	5.177529916589411
commerce	5.15042700568658	4.998742862040962	5.297423590473682
plant	5.103546516218176	4.81631760662341	5.01998194277109
walk	5.115406587674977	4.880326974939656	4.951506179404473
difference	5.1055941443530015	4.960661120367114	5.228225801827381
hang	4.9359678189111635	4.912442045679853	4.850744780367983
following	5.242175352459673	4.894728004374806	5.2662009791431466
employ	5.162228528745142	4.945417003253589	5.232866867509949
