deal	5.040595974375486	5.0599529256286715	5.145277628362661
study	5.272603033253446	4.941464649242789	5.276813830858637
afford	5.171040459520446	4.9868046068664915	5.245593435036928
service	5.169673996853355	5.062674886676583	5.3043952593723755
height	5.064869595517308	4.929285758613574	5.076009099685047
prospect	5.15528901286271	5.045763251357475	5.202821394955284
pleasant	5.254705052417015	4.91150353480772	5.03030737005238
shade	5.130143222745564	4.917746198110313	5.002520423668765
listen	5.018571994876344	5.138895031939373	5.08503259817861
mighty	4.986548209426186	5.0971670519710495	5.119852393829048
country	5.104235879683356	5.048529861287339	5.289589074467334
title	5.202326045611367	4.997406999015837	5.352826268165056
choose	5.125189354188521	4.998750215680162	5.218840253778146
village	5.145574112279741	4.977474139323884	5.115418832446922
acquire	5.204053992570366	5.000151394156129	5.321826846141659
rank	5.116149597865447	5.1047225214970195	5.301395893464053
bow	5.051231137583777	5.041278757761221	5.0359105376677675
doctor	5.007190842863875	5.050248589771149	5.048022307380077
talent	5.234017121680455	5.050669450709092	5.353427462611799
source	5.158606855970182	5.002959582279343	5.276016018075056
lead	5.0400293301265435	5.084623297169366	5.1846462043693995
question	5.032539655079052	5.074747989615717	5.276655900622118
publish	5.220347661176662	4.96520511468695	5.344384175812944
interest	5.137154136820017	5.071050084855646	5.315660337773224
serve	5.040785360425497	5.0239788780798165	5.127568213618771
divine	5.108438896839185	5.058082059239915	5.269750750733873
put	4.944088583922462	5.000213966226542	4.987826583762822
shadow	5.03848979904007	4.9932288553640305	5.034928152029766
practical	5.156302976385693	4.999733379550253	5.339072753342212
surface	5.0610437816463465	4.866030126588346	5.0001490976556315
account	5.089237863116054	5.028641248402946	5.226789595131824
loss	4.93323512298785	5.150433375780083	5.161331781960461
indian	4.947473388163907	5.098586076801219	5.1524201260694324
vine	5.133875943661103	4.848246015543145	5.044048524608135
certain	5.0246508418902165	5.070005889913582	5.2309977325505415
sin	4.837732880404815	5.187992087644623	5.1179587880763835
necessity	4.976322951436081	5.116100493928379	5.2721128907484545
lose	4.972107638381692	5.123848593937531	5.100181456482447
private	5.086170858502769	5.09748735948588	5.299385868957046
gentleman	5.154116906968649	5.019715586660926	5.159931045806995
daughter	5.051732278650094	5.117177747759499	5.115898888847579
drive	4.8257825382649155	5.177600628678528	5.008700579599147
strange	4.9596768973603975	5.122677213571234	5.023647764324469
journey	5.144560115038761	5.012665975297399	5.1015324338884245
uncle	5.128623668689308	5.00547593068459	5.059677617854899
species	5.030755002260545	4.986548439900515	5.159407497241114
think	5.031334726694586	5.088794957212347	5.110236133689692
bed	4.997530900178626	4.927817661174883	4.867022179916973
wind	4.930626298642943	5.041288634952284	4.939339812937929
bless	5.0867118771151985	5.035980259754299	5.051649700954845
destroy	4.845661693616165	5.156856666453944	5.140223781521544
author	5.202296526958736	5.019124979868909	5.31855522389671
sustain	5.014065362500916	5.09408196765407	5.27016807569999
black	4.950187388970526	4.953037672741584	4.904076313171829
event	5.067041433604688	5.130043713757211	5.299344365433259
liberty	5.046790682105103	5.1464499743214995	5.330282938514385
negro	4.932839906901094	5.044143021636194	5.022327791472789
little	5.111404007186166	4.966246057549279	5.049999729500581
fortune	5.081665894843359	5.133827944864509	5.211803269197165
touch	5.04736229454809	5.039191808536157	5.061871178138194
kill	4.768331330665261	5.179301521957455	4.955737030295419
feature	5.101090491731499	5.002399330318901	5.13746704993976
happiness	5.11446346456653	5.1150880806248304	5.259564433044213
assume	5.05541311617244	5.07554941316221	5.236151898192619
notion	5.065717043163156	5.031498450396046	5.187976970151524
purchase	5.156057632378523	4.933719783055472	5.173713926787707
faithful	5.122744793800053	5.11502416694683	5.263248451890577
soldier	4.899202665358309	5.234947543631666	5.138529244292518
father	4.9867205551878495	5.129602813876288	5.1004500185010535
narrow	4.994841559031905	4.96669961830724	5.04272137480581
great	5.101216104632633	5.048779435204746	5.263488510008287
tear	4.9041018794775395	5.0902440025489515	4.9339302815132875
honorable	5.11622360670621	5.148525073855453	5.375908750103365
previous	5.080777993682661	5.019454273349022	5.219850149653605
good	5.091595958899687	5.050489250688561	5.1572928015137895
domestic	5.1387653272369915	4.999526568791358	5.21561546631199
glory	5.147127684671334	5.068016672422066	5.223469543443917
lay	4.979729519057614	4.982347253529303	4.999216955592843
occasion	5.054355587980007	5.107817869650187	5.237004385462586
guard	4.888061925257895	5.191394644201813	5.124029152506403
whole	5.049259837602853	5.007528522914443	5.172820160479119
mouth	4.97227372424631	4.967167659296612	4.911156542917391
receive	5.133417409455478	5.03023220257154	5.2398644639993055
take	5.002579169895172	5.043820264381286	5.093552160833423
simple	5.1570274898580735	4.947089735265888	5.178005091912349
error	4.95210746388352	5.131729647007215	5.273922733578873
wisdom	5.077820964400994	5.122339371391968	5.2995243448075975
rock	4.957234369540467	4.980814014563939	4.952555827756778
decide	5.039575577042817	5.108394778063847	5.312113442480784
exclaim	4.921750630400619	5.148077053350791	4.966403468263928
assure	5.0673565728378245	5.12415834301831	5.200257400606363
sign	5.023854554044033	5.041307576070678	5.145819173680508
preserve	5.10912003666727	4.978748035988496	5.1959904065416245
commerce	5.108983571390879	5.006419055663227	5.286079611871871
plant	5.104481209754829	4.861487100600478	5.0391115222817495
walk	5.138910495686846	4.948500370594339	4.977030809974069
difference	5.073858009408404	4.987217856642243	5.2222332422054505
hang	4.949229053140515	4.988554292080963	4.889331683925819
following	5.234387490335964	4.912347935569465	5.2489984947250425
employ	5.1092215882173395	4.9697582288217035	5.217962776799874
