deal	5.100891270151114	4.9876745323989375	5.14756939807893
study	5.325258263415371	4.897961475508848	5.292049895847726
afford	5.2335208037923895	4.925220810793656	5.262424920047061
service	5.254051805115017	4.978571283713018	5.343874289418279
height	5.126011413023179	4.82670151008564	5.05876050349817
prospect	5.229205745637055	4.95752478756091	5.209564430330245
pleasant	5.298908793130265	4.814838622426768	5.004071049358816
shade	5.188456707786788	4.811551293804395	4.967537042234198
listen	5.090106336663008	5.0369950168623845	5.0720468140313715
mighty	5.073657993339644	4.994642963749387	5.111830367098342
country	5.186712897817966	4.991797243584127	5.322949985543763
title	5.287947491274228	4.9488597036631905	5.405323395013682
choose	5.214852323511903	4.912737814198114	5.2535688871604735
village	5.205075709069092	4.870177953255032	5.1064712231481515
acquire	5.277271249530937	4.952301736661887	5.351625637019293
rank	5.202361519793125	5.019284934635121	5.325176990848364
bow	5.122183607251876	4.911765234290728	5.0112595119774275
doctor	5.069679085029088	4.967234776419622	5.045810222869332
talent	5.29762774598217	5.001582457920751	5.374479675341255
source	5.233520143962303	4.9606936454030715	5.3034108412418135
lead	5.117803690976692	4.9951990605028875	5.189705095172543
question	5.124208636891568	5.025914520881261	5.320346982966798
publish	5.276539449356274	4.943534189007805	5.392001108258743
interest	5.214868712942359	5.016375122564086	5.353511375026872
serve	5.119867999533508	4.9366685999452296	5.13336477375872
divine	5.213460285108033	4.99088483930328	5.301052033846851
put	5.00625547775541	4.897709784913986	4.97034580607265
shadow	5.114432185943685	4.881901154008522	5.010561683298066
practical	5.233490889187616	4.968289005383981	5.381141430330789
surface	5.111489392189004	4.773307139888301	4.967165743661039
account	5.149895219991549	4.970640110520965	5.244575379141947
loss	5.0226203757512256	5.0571317342490705	5.1775749118531955
indian	5.039089482791834	4.993365144722242	5.1589544044694335
vine	5.186238447814837	4.755049347565976	5.020235884714056
certain	5.112652428980121	5.002783000242461	5.255576692813198
sin	4.960643605263565	5.0911960223472095	5.137739185583022
necessity	5.0756783394501195	5.051348394187577	5.3109938016466
lose	5.057229328243598	5.019583726330345	5.096725753272349
private	5.160801539807661	5.035161245861774	5.3417431158993915
gentleman	5.208272547681179	4.931783436201899	5.163433790196158
daughter	5.147588349878314	5.006383728463155	5.129530312163449
drive	4.909778847033525	5.044591221611878	4.988090201847054
strange	5.0347076744622665	5.017273523779773	5.000715141691533
journey	5.194248456909357	4.9042054959029135	5.083297178068246
uncle	5.184937645205344	4.905303939478798	5.055535049263339
species	5.099790627219238	4.918316704834226	5.169907814413652
think	5.108455041331847	5.000333740095421	5.111289443175953
bed	5.055000533709056	4.80135082688592	4.830156517474742
wind	5.00026361707985	4.911009478557201	4.9010783366226915
bless	5.180488104826245	4.922021282924918	5.054617801608721
destroy	4.962517485748072	5.063092108259825	5.156799307010611
author	5.264099277087482	4.985424707281031	5.343807466586698
sustain	5.112473226490568	5.025208352465948	5.303286663479473
black	5.008006791666163	4.823409213970904	4.8596698300133925
event	5.14940822521358	5.068606989462007	5.3222632765599
liberty	5.160927355253924	5.083118681175804	5.381174491466088
negro	5.003772391181998	4.92479674278907	5.011517560917745
little	5.1666686532439385	4.871507951679827	5.033236440398665
fortune	5.164006837006382	5.037815894058541	5.218376048838286
touch	5.115525401220325	4.945034848910856	5.046516321677627
kill	4.85626948213814	5.034351002397557	4.9233809098458945
feature	5.172885962732879	4.921003256232471	5.13111016395734
happiness	5.214709582950098	5.041610311952939	5.285225463597029
assume	5.143404134112905	5.0023721851955045	5.257830646964172
notion	5.13433217609409	4.972874553578598	5.197118430539579
purchase	5.223355184074115	4.850686228618083	5.19918112675451
faithful	5.216886058626829	5.027610444698246	5.295755077761084
soldier	4.988077945326707	5.1042973826456155	5.133021096202545
father	5.089108521093611	5.018967356538779	5.111479887531919
narrow	5.0596629454784985	4.863930786692355	5.026295369849131
great	5.176331486749702	4.988091865276237	5.284371681977524
tear	4.990013825549503	4.972805588696929	4.9148761777871455
honorable	5.212354860930627	5.08105408717322	5.424501499753275
previous	5.155929555338734	4.953616390961359	5.244324971668605
good	5.170494224148155	4.96619164886783	5.16834786866667
domestic	5.22005968288804	4.9447444192981855	5.244878982422559
glory	5.2347049796439435	4.978554581862156	5.228281530126471
lay	5.05456605937406	4.869469281969672	4.979586171436664
occasion	5.129439202439567	5.0372381730168945	5.255571688343359
guard	4.9791035299939095	5.063229353779726	5.128932109948015
whole	5.126588143702505	4.9343089566852285	5.18436250459192
mouth	5.017682191440683	4.843668975400939	4.861173609601108
receive	5.207474746355374	4.956976086351417	5.272456939582284
take	5.072072117895298	4.950869532604759	5.096885511159902
simple	5.227884615509886	4.8849169057290585	5.186004765174855
error	5.044514122059177	5.085895261245616	5.308324649649861
wisdom	5.18012045225151	5.053045594518094	5.32688915910898
rock	5.022650605714978	4.8496979309831065	4.911809966668671
decide	5.131630872278077	5.0478482256838175	5.353645040769432
exclaim	4.9854134957454	5.018399285559987	4.929391927478954
assure	5.141618053932297	5.0347300156545565	5.207644916900926
sign	5.102412964006958	4.954293682951921	5.158760993139507
preserve	5.189316551668541	4.912954401129728	5.208088349565235
commerce	5.18912039866519	4.955245630804202	5.32554352618861
plant	5.1667582816302335	4.769683129144008	5.01833591661489
walk	5.180343613844975	4.825307810541348	4.936440728865196
difference	5.150211084241745	4.936571913203643	5.250304872887618
hang	5.009837008570561	4.846272968051466	4.83952422133798
following	5.2890003088127955	4.864325344379631	5.277591282124259
employ	5.167962452661398	4.907449275433263	5.236816573406657
