deal	4.99571690421285	5.020333243052417	5.093885313463017
study	5.224478397378469	4.919086782266525	5.238824127039967
afford	5.1259840510713035	4.952564547990536	5.20411989774751
service	5.14294544985859	5.019680219225017	5.275193172597012
height	5.045682893280692	4.8882540850596845	5.047642905419667
prospect	5.122312521411664	4.995044817309469	5.157583196189066
pleasant	5.206485223995117	4.853676369105845	4.9724064558675956
shade	5.103974704472111	4.864078665540287	4.954146504886587
listen	4.996037976471353	5.074184365181974	5.032219866117535
mighty	4.973035583061985	5.045866471500061	5.081940338502765
country	5.0670289257905345	5.02429396459136	5.2583816316433865
title	5.16312339526696	4.984880069549782	5.333838575122174
choose	5.10475258073055	4.966463153372901	5.204666138937185
village	5.1080521360161715	4.918996087519434	5.070877813533234
acquire	5.162276416689137	4.975930552547198	5.287689441171005
rank	5.090754290718767	5.062073234008351	5.268709493893404
bow	5.0350088567648905	4.972365969761781	4.987984326030825
doctor	4.9728219094030655	4.996231712827454	4.991949299430223
talent	5.191706128166425	5.025076699448543	5.311717305211165
source	5.120722600940718	4.9804117424910626	5.239075853182367
lead	5.017942969402182	5.035351417220232	5.14469957948317
question	5.000063931607081	5.055446990741216	5.248613084971274
publish	5.1830574378938925	4.9645232620602515	5.324681459812348
interest	5.0956454689975095	5.0409663910910805	5.27676139633281
serve	5.020777689608029	4.981399429532004	5.090461674303511
divine	5.091564110890879	5.024555661664605	5.24122988021636
put	4.9253612565115645	4.950103402191322	4.941625503010891
shadow	5.022955455601318	4.938941109554544	4.995040933109327
practical	5.118956423582566	4.988867468372019	5.311831438322657
surface	5.027865890485848	4.826253995120655	4.952694732128701
account	5.046762680047944	4.994702859870241	5.181534538957132
loss	4.911376204438726	5.091814695168366	5.110815955307244
indian	4.932090576922951	5.040948238063096	5.110439283281125
vine	5.097262287947236	4.807806456995332	4.99750328813735
certain	4.993366118809344	5.0318167903670945	5.192898311446492
sin	4.838196844033525	5.132691002890672	5.08145007791005
necessity	4.953193069086486	5.082674958167439	5.242465656111818
lose	4.956212524346763	5.06102870530494	5.0522632082379495
private	5.05800603447944	5.065640488956077	5.272797604386464
gentleman	5.10752896745429	4.967176481904905	5.109511164108734
daughter	5.02251368596939	5.053404567390675	5.068165879410711
drive	4.819224456351885	5.099320022598943	4.959299068720643
strange	4.931235771867715	5.053114625647901	4.962009951007648
journey	5.120375662027833	4.945301533007815	5.049778529904849
uncle	5.086563834011659	4.948612950478802	5.004640781442375
species	4.996600453732746	4.949898060768999	5.1189279300543955
think	4.994671153151374	5.038306824173524	5.058089563897238
bed	4.974962593508493	4.862248617543371	4.815962061352401
wind	4.9210184666315	4.968617473980557	4.8857654175004805
bless	5.061184475436046	4.977861728790723	5.009722009838464
destroy	4.844149207676897	5.1054580578793125	5.102396730961404
author	5.157794639387089	5.004408122781739	5.278135569112372
sustain	5.000135666488256	5.062036334265575	5.241245080919226
black	4.931387829666265	4.889773137286657	4.849902081979648
event	5.0396372465220285	5.09159279590514	5.258176861203207
liberty	5.027853308876637	5.12145925225949	5.307697212412537
negro	4.894918419376271	4.974550251633684	4.963153713389729
little	5.064612997728699	4.9118791836954365	4.992692217392827
fortune	5.052321717627981	5.072694694526516	5.157042538668595
touch	5.017256313512664	4.986597558834799	5.008750034898174
kill	4.757920337981828	5.100488826859239	4.895479343048363
feature	5.069487603568545	4.958143208873482	5.08995028597556
happiness	5.0788754354886105	5.072771015331093	5.211885210440464
assume	5.034027382100602	5.034641002326991	5.201238970338946
notion	5.013351495351335	5.003138137230686	5.139856952538449
purchase	5.115381986080488	4.892173015202648	5.140529379650145
faithful	5.102011729348257	5.0663981464452785	5.224500096230846
soldier	4.899821125303452	5.162437161192575	5.094661672705574
father	4.966323536944168	5.064704918837476	5.0553734847672676
narrow	4.969114596337445	4.917299713443934	5.00506481280434
great	5.068503984116911	5.016708607918441	5.227802684253721
tear	4.895680587399331	5.023514587592805	4.881617309549004
honorable	5.090267063920981	5.115329565404994	5.342844237398115
previous	5.059938739828984	4.9825078092407455	5.190037898907844
good	5.052427283943955	5.001936270872759	5.107926106249207
domestic	5.095539260767205	4.968327378165778	5.172277392310742
glory	5.136040271313596	5.026213358893509	5.192780541154605
lay	4.967827182565727	4.929148035937518	4.9588106734259725
occasion	5.027628224440717	5.063691572883486	5.194844681964418
guard	4.8883195258900045	5.121069378450862	5.085378899146412
whole	5.022162422428328	4.972944428429572	5.138342945289403
mouth	4.955870353811624	4.899440855870236	4.85174762460145
receive	5.100668903050874	4.987740052170869	5.2062423271899725
take	4.976411880602221	4.992910165494423	5.050644919927989
simple	5.115623840464362	4.917440144075698	5.137268033360986
error	4.930177548633548	5.108338968406849	5.238128715609574
wisdom	5.0652146831549	5.081969578613011	5.265399324869216
rock	4.946365557943814	4.917683073069295	4.906162698154825
decide	5.015327731584768	5.085148817265353	5.288284585804682
exclaim	4.895317226868735	5.066299033514714	4.898607695811658
assure	5.032413019676508	5.068502425458014	5.14889531801768
sign	5.008143214003966	4.992692355018426	5.11364338118106
preserve	5.087983520384153	4.947412611838115	5.1602785581808215
commerce	5.077263468259241	4.983326920865979	5.257395778908061
plant	5.0697623918283865	4.822394529808376	4.994081826129501
walk	5.105603423266514	4.880626979085103	4.927066269166206
difference	5.025266181764909	4.965725607559911	5.186819543035083
hang	4.93400047771179	4.916772687619076	4.836920254818937
following	5.201210748756835	4.891610639522448	5.223416109620919
employ	5.075449316890721	4.937488957195862	5.183043104939477
