deal	5.003828885804542	5.013458107193521	5.11291063269238
study	5.236084961099377	4.913552851138265	5.253135250830824
afford	5.135643439824905	4.950831223235175	5.225280207344107
service	5.135055680895595	5.0270597463453965	5.292232620982665
height	5.01653974193089	4.907282606233308	5.047355848462193
prospect	5.107490559260533	5.008719608139953	5.173136365877229
pleasant	5.182702669439105	4.876123849750883	4.983296594402259
shade	5.063097828204487	4.8913863661659	4.9561210778448626
listen	4.96571018483889	5.090330669964631	5.036041626025401
mighty	4.943494662274162	5.0618105023091635	5.081644066738542
country	5.0776766731202425	5.022600635436266	5.275594610860627
title	5.182501032673066	4.970841709051269	5.346331487783081
choose	5.09925940918525	4.971070036385343	5.216992060071148
village	5.098485955518122	4.924500537254526	5.074532096840501
acquire	5.1804775611552225	4.977341485707457	5.309778711435497
rank	5.08148140747681	5.0697203320534765	5.273074534750252
bow	4.987637620683011	5.000109312935331	4.986397967928551
doctor	4.968153660748209	4.994261323729293	5.0093344708723695
talent	5.207076177952744	5.024920381356735	5.332424530306136
source	5.1287909415831106	4.984255714167206	5.263483582592704
lead	4.999818102281428	5.036389808123923	5.148559626868225
question	5.025579428799639	5.035627729557052	5.273563736573486
publish	5.205715634679197	4.941983288429549	5.34268204400226
interest	5.11503404740888	5.040935057603211	5.304455234068512
serve	4.9995577970485785	4.987660341379972	5.099205201644284
divine	5.0749468648057094	5.037069251527347	5.253888901585719
put	4.911689954794513	4.949164162078776	4.956289343104556
shadow	4.983868640837172	4.95614535988555	4.993569393958019
practical	5.14608308759792	4.971503606378152	5.334954039686503
surface	5.015840558879004	4.841197126917353	4.97246232135881
account	5.06324107475017	4.982294693328254	5.203379795118015
loss	4.904146863874627	5.110948162059068	5.138720487927665
indian	4.928233930516071	5.0422407623210015	5.119747759448525
vine	5.082339004497091	4.82473073606654	5.019848729407584
certain	5.0097992851512725	5.02701347600071	5.214195563576796
sin	4.808323039004513	5.151144640179675	5.094121206476282
necessity	4.969518653970643	5.074516977484753	5.2664093029101915
lose	4.929077323600297	5.079429468984762	5.062060407801962
private	5.062789737881931	5.057193911004733	5.289891697542005
gentleman	5.109778908699836	4.96169592326506	5.1224653213931965
daughter	4.9889586834475885	5.077659573954852	5.074366203817488
drive	4.783982638115271	5.112268156386458	4.958312169742874
strange	4.906525721916101	5.066739570979303	4.9646481886326015
journey	5.084218572302792	4.956900488347573	5.050180225087497
uncle	5.072772765585927	4.952955386262975	5.019046878643221
species	5.01313660094503	4.9562925039178065	5.146526285766561
think	4.988625261720687	5.043254504585774	5.076408795544079
bed	4.93804546659388	4.880947788826776	4.823564677666652
wind	4.87798787661232	4.990628719444891	4.890931990704695
bless	5.014563138297927	5.008975010849124	5.017761172900212
destroy	4.830956024468586	5.118553004245807	5.119247992693273
author	5.173978534945967	4.9910139665485405	5.293837203393167
sustain	5.00083789229618	5.07135430484008	5.265120817108848
black	4.899970634213936	4.900963274317958	4.848928088072797
event	5.042139041277623	5.090602141497976	5.2719552950683
liberty	5.030594509616422	5.125376011442143	5.326758457198787
negro	4.902930629779021	4.96830093026496	4.977106118015903
little	5.06195064964508	4.919515441652377	5.008400059841341
fortune	5.03363235220001	5.089624574638091	5.169484204808097
touch	4.993894717732339	5.006130490910378	5.021167814755812
kill	4.719908867499353	5.116166068147165	4.898301903944139
feature	5.061598802311112	4.975237442047871	5.1024806400003735
happiness	5.073252310778192	5.089374741518697	5.23663200598033
assume	5.039072318711022	5.0384504771569745	5.218695703820351
notion	5.044611366273247	4.978989492252708	5.160022288362651
purchase	5.121052204651473	4.895640984049696	5.163606246981032
faithful	5.0768547412077005	5.079716952106958	5.236006472267957
soldier	4.854979618127907	5.174934181512319	5.08674892728902
father	4.930973346595986	5.088921494384482	5.065406570578637
narrow	4.954735508102777	4.922098567202317	5.009004133209567
great	5.071347629786832	5.019791988833728	5.242806445011131
tear	4.84484453353988	5.063355340492532	4.893266035582736
honorable	5.087722615305161	5.115754717369464	5.362734474835223
previous	5.065626097671933	4.980963752379327	5.209803800384869
good	5.048303390501592	5.00627655123405	5.127569272802275
domestic	5.110390171374263	4.973947376361785	5.202639788129396
glory	5.091742841127083	5.0540986905070575	5.18844174958017
lay	4.93595562912751	4.946501918274726	4.965715722631627
occasion	5.033571040564589	5.060564771718699	5.214350521047976
guard	4.846622316000955	5.122284016677486	5.079467774247077
whole	5.027023513354986	4.975603505868867	5.154554974983212
mouth	4.924409671728778	4.916048239305018	4.859703092509116
receive	5.101425414654798	4.994815657721916	5.229423584129119
take	4.9664629726258545	4.9935084490371136	5.0653086120573905
simple	5.122619345888839	4.918295060417173	5.153563742219635
error	4.942074995474051	5.096240077145103	5.26000062173335
wisdom	5.048564444899067	5.091945537763053	5.275131641663516
rock	4.901868326838328	4.937578882723809	4.907394047997931
decide	5.0362698889835835	5.065251805952384	5.3078402497723935
exclaim	4.853171328225905	5.087816588298752	4.9004854958723065
assure	5.022072006911886	5.072133583938313	5.166509833152931
sign	4.993098890642299	4.993845929728192	5.120500737986446
preserve	5.073396085778442	4.961239928396339	5.176576791116206
commerce	5.092195443506189	4.977699469337617	5.282377180366843
plant	5.056246617850458	4.841076073511322	5.014877843290808
walk	5.069184587976679	4.892177352737342	4.919362754091596
difference	5.0536003455795	4.956429920605893	5.213434356488811
hang	4.885716869959862	4.93449649348137	4.830504940254911
following	5.205403887205725	4.880783932120385	5.239232932915768
employ	5.092766646515531	4.931026507069153	5.203375906561562
