deal	5.065140986235456	5.000535205292786	5.103039518309575
study	5.288831969121172	4.896011564134842	5.2324432885167305
afford	5.197929095107972	4.93098877877435	5.1976533496693555
service	5.190206685031825	5.000236224202746	5.260950312856764
height	5.0793515116050685	4.879299815059624	5.024933524298895
prospect	5.1750540112874	4.981931669449898	5.154393138251618
pleasant	5.252337749266047	4.836905524103386	4.971909732874849
shade	5.144016678701079	4.849964043507987	4.944942192808128
listen	5.041965418441675	5.053310165822625	5.035855002612983
mighty	5.013402503176889	5.039308641611955	5.07569308500999
country	5.132591067008483	5.0092639118867295	5.250702829882216
title	5.227780097990362	4.952073174534992	5.319426085005733
choose	5.160811367944968	4.936393361028858	5.185111910525525
village	5.158433963313838	4.894887342057024	5.047030155456564
acquire	5.22654487785286	4.965761977683993	5.28358015369905
rank	5.138772399553808	5.046387560814117	5.253495284933225
bow	5.061151040715467	4.959624589030063	4.977932557630308
doctor	5.024973818054195	4.974878105193307	4.999432463199514
talent	5.25783451872678	5.008909640442085	5.314055099814694
source	5.188784167028113	4.9710104860969295	5.243926329216279
lead	5.075008220755693	5.0186590680367225	5.135028518585866
question	5.079111626973458	5.024357539316346	5.245601828500537
publish	5.248771485156026	4.920980688888563	5.311464661696392
interest	5.171419692500539	5.024656736172773	5.284370061439099
serve	5.0794078533779805	4.957865875633963	5.083400778117851
divine	5.144095884650617	5.0156367304086205	5.24279489522081
put	4.990599579373711	4.919692449496973	4.94296660043335
shadow	5.0669990147846455	4.922748283676885	4.9862561493560715
practical	5.193897579123685	4.967056037912266	5.309611295599192
surface	5.086330832131466	4.816404933528199	4.948953918345829
account	5.123518694481922	4.9675645097643635	5.182823903258388
loss	4.975528309302465	5.085375407378043	5.127084213510082
indian	4.992739971804096	5.018412331595994	5.090303162982457
vine	5.155279216691922	4.793776154868589	4.992895479717027
certain	5.071948047943925	5.011926608283902	5.19303299335128
sin	4.886347401870137	5.1318605361457035	5.095648433944521
necessity	5.026215534868871	5.065295470559456	5.236706066744358
lose	5.012441921138821	5.050531352267148	5.0622910617571
private	5.120979552008633	5.037838291274928	5.2626289800387855
gentleman	5.1631478156709125	4.938283378254674	5.100175936055273
daughter	5.057672936399504	5.04467778708671	5.071867733191619
drive	4.867864363551021	5.085613767927024	4.954478840533825
strange	4.991060480470809	5.034976629868127	4.974019443505663
journey	5.157555588173814	4.925073914573345	5.034633521030766
uncle	5.128472531461107	4.92760720922841	5.010243974557503
species	5.074053883157581	4.935904571266924	5.12019548541476
think	5.060088129647418	5.018941963093442	5.07249411408503
bed	5.0166584916272745	4.843742384769381	4.813491988345446
wind	4.957535714111207	4.958430588242822	4.884034694373313
bless	5.097970798010247	4.971087091678564	5.020562241989506
destroy	4.903287075933647	5.098988057079705	5.106008308727784
author	5.230581951712897	4.9744397346644105	5.282056435601538
sustain	5.059514432473447	5.050852896442808	5.239774957271985
black	4.97557216257799	4.867045629690745	4.841353485994016
event	5.107761705453492	5.070945786811255	5.25942505731648
liberty	5.084546736389926	5.106514318977826	5.3039642581613
negro	4.957644103292426	4.956404101908589	4.9563890162410855
little	5.12822585397385	4.8932019162435205	4.99669675756377
fortune	5.103947914767373	5.066936727741961	5.165878288204444
touch	5.071307414173217	4.971654373462404	5.018332632085723
kill	4.813658951548679	5.08366219369922	4.903008416058201
feature	5.119988057127669	4.944924732036673	5.085070486323568
happiness	5.145569709251158	5.066711289235349	5.22936424269469
assume	5.095101249443605	5.0140606988195335	5.193611882549181
notion	5.096772883348495	4.976292130439485	5.146994925438888
purchase	5.17798605621217	4.87382831367356	5.128559454069201
faithful	5.142727993705069	5.052352500048837	5.222497388799625
soldier	4.931322042913986	5.142755183803342	5.075224422692605
father	5.0050768810602015	5.057915936736635	5.059166723026867
narrow	5.018685326307282	4.906334659923367	4.984584366601248
great	5.134140122409413	5.002717911961577	5.226206226893744
tear	4.934100436972403	5.018971748545471	4.89929361678476
honorable	5.14564378031844	5.099134930380084	5.342592422286918
previous	5.123318217413645	4.952542526011355	5.1771152581583655
good	5.116400723592046	4.987182679831525	5.1162526091833165
domestic	5.17146536542415	4.949730094906532	5.177022742957589
glory	5.169146726487438	5.018447896411274	5.186188086433185
lay	5.014622745948793	4.910375933665824	4.948981261239015
occasion	5.095496884694076	5.037768681121279	5.191117016846466
guard	4.9247319917371195	5.096791315362112	5.0644240435297485
whole	5.0915410011082765	4.951850274280242	5.132448311113879
mouth	4.9920543357409946	4.885936933952374	4.848490747478769
receive	5.162175029327793	4.965820334497682	5.199607612704556
take	5.0399754907242675	4.965805366542092	5.04767142799339
simple	5.187021065971614	4.896287273875042	5.137223439975318
error	5.004408220655123	5.091834388248871	5.25145323262195
wisdom	5.116216611129694	5.078599026706345	5.269449271825343
rock	4.97991403979755	4.9090095965735046	4.8932727109403755
decide	5.088464109377284	5.051367737122603	5.27834993648198
exclaim	4.93904789986518	5.051525788156201	4.9112954455378945
assure	5.095534106090766	5.049760476753822	5.153831036445797
sign	5.062044325492336	4.964881140377196	5.100168988085846
preserve	5.146703467011993	4.931153840620718	5.156673562998812
commerce	5.14617937619111	4.9657051827056	5.246317443967877
plant	5.129692952268584	4.811241978740374	4.9895933630942055
walk	5.13970456399494	4.857945922794687	4.909869920343551
difference	5.113363093110506	4.9450343797673195	5.191351784698004
hang	4.973863222446971	4.89548200902012	4.833817138538989
following	5.2635161433327555	4.849445786463977	5.207625724298376
employ	5.1443409606031665	4.913305964839217	5.1684844873023215
