deal	5.0541951410467885	5.0163986305021515	5.112310411454749
study	5.2995749228578015	4.9186977513061825	5.255947144756408
afford	5.189846689299794	4.958266761122173	5.227852488746006
service	5.194402715889767	5.031799100088511	5.307760586661711
height	5.07534147524038	4.891199759415327	5.053823977416339
prospect	5.169552296887919	5.0018905279649815	5.16869806467728
pleasant	5.2476397929757015	4.851864101721856	4.976537843400601
shade	5.140653410003654	4.8642814108813655	4.957805133428247
listen	5.031103174396446	5.086206439356072	5.0415051692663475
mighty	5.010698173982577	5.047239405947784	5.0824499135971735
country	5.131440897181419	5.029549852625986	5.278396777289049
title	5.238996866234596	4.982946438912486	5.353565331967581
choose	5.149830511957101	4.972452030858441	5.2250891989511
village	5.150166231415688	4.919577023959391	5.082334452786112
acquire	5.232781068441031	4.9874152903811835	5.312987086940971
rank	5.152053411018084	5.072919420423935	5.297846447614429
bow	5.057835798169558	4.98397271502547	5.002249390524764
doctor	5.006446180908236	4.999607159703779	5.010464198707602
talent	5.271816380656435	5.028915222056349	5.3411440618985955
source	5.1862612104041625	4.988794820297344	5.253036665208256
lead	5.0684822657136674	5.044642408407087	5.16416468498575
question	5.068735994854934	5.059840239766231	5.270386337569755
publish	5.245386753633289	4.95917027423126	5.340834217193734
interest	5.172949429067977	5.052674620374369	5.306623673612603
serve	5.053253857448804	4.991310490209886	5.113698329130509
divine	5.158644598924875	5.0331412442115315	5.2541177832243555
put	4.947064646152203	4.955709208322722	4.962341275019216
shadow	5.061066633215737	4.939619805183289	4.9918813790541625
practical	5.203206686071532	4.991996236423112	5.336615194182204
surface	5.061142677002063	4.8318536996599315	4.9604691477336615
account	5.102840870414051	5.000330790760658	5.203492983440595
loss	4.946164630318029	5.113912361591607	5.140887525361274
indian	4.964241410574113	5.061657576115065	5.133387429665399
vine	5.134247862770805	4.813116939198642	5.015086942615269
certain	5.058848271523538	5.043706434731707	5.215949157007098
sin	4.881801755685254	5.144742486627231	5.096186044235742
necessity	5.015743388050638	5.097210451301075	5.269660806798674
lose	4.9879749881067506	5.076262982125228	5.065669441187501
private	5.12726255992658	5.069067842485594	5.303146019470595
gentleman	5.164872706623799	4.9683482761933755	5.136594642155237
daughter	5.055876681861241	5.063257510177053	5.0894269367642515
drive	4.833885847079904	5.112177972964151	4.971686189327127
strange	4.969775244137834	5.059669154585263	4.9667963069138885
journey	5.137805871242927	4.953077287942196	5.053103782764098
uncle	5.1187873952457315	4.945819155084452	5.018194583988293
species	5.059746286435845	4.964923844881472	5.145787958344477
think	5.040237431678165	5.0415798434974	5.072015513827833
bed	4.981347624864624	4.860102573922683	4.817696822826183
wind	4.931560154822813	4.975280225580225	4.886474215657815
bless	5.094724369374047	4.986456561425602	5.019658873037806
destroy	4.8786048594339615	5.1207105398909345	5.124768007614042
author	5.232311861908115	5.001595773818001	5.295395036853758
sustain	5.051507497641898	5.07630975529656	5.268251364253446
black	4.945088866014845	4.8930503603785205	4.8620216469970385
event	5.088602330193093	5.104411300272841	5.272177025330713
liberty	5.089732336788858	5.130323923456553	5.3327474691468915
negro	4.94033088718225	4.982916672411214	4.99004933228704
little	5.108323504384818	4.913716221515316	5.009355253489752
fortune	5.099430677631258	5.081868704383186	5.179777687980618
touch	5.053633742785662	4.99895196239583	5.022794147007321
kill	4.751866612271193	5.121169473185512	4.914576179890773
feature	5.119780230285614	4.965734628856451	5.102344781905313
happiness	5.145208695288258	5.0869040708509115	5.236231183545518
assume	5.089647160603615	5.04804867885013	5.224526918954422
notion	5.095694431747035	4.995009159172792	5.157649837066652
purchase	5.1730209139953205	4.898098023653882	5.166694209861425
faithful	5.151406493938014	5.077869271309142	5.25053651699778
soldier	4.92001394572277	5.178741055947165	5.120438762379292
father	4.99219693295383	5.077890310035648	5.071844503985766
narrow	5.011065446479563	4.917528737204297	5.011785634164499
great	5.124176852185071	5.025671488121012	5.246882427424344
tear	4.8998017219835965	5.0410204252929	4.891586269157852
honorable	5.1582574666971235	5.126604713581123	5.380720333954708
previous	5.097563434335983	4.995575362267767	5.208313552329119
good	5.105931043582442	5.007129327056405	5.132141176296352
domestic	5.167080682455992	4.976205815151407	5.203614406657645
glory	5.179824800197727	5.029248097074176	5.193608653883383
lay	4.986122120029326	4.935666340545112	4.968249019576931
occasion	5.081222803046968	5.075242821972629	5.220009978787609
guard	4.916424566330423	5.131836881026269	5.1103864855001015
whole	5.068539931214838	4.981541372171556	5.15414681640469
mouth	4.961790287684749	4.907941387891716	4.859297667417196
receive	5.147640590101028	5.005234353186882	5.2359055266528856
take	5.007483484328175	5.002684592076704	5.072070841420159
simple	5.187230950724222	4.917995270790522	5.1555885861671396
error	4.99778297277237	5.11374694235292	5.259218731580933
wisdom	5.13020160592601	5.092571056135054	5.2841659340314715
rock	4.957478641049017	4.921403520574034	4.905925562861234
decide	5.081845887583497	5.090171164306762	5.311941059904527
exclaim	4.909773353403954	5.082361488915554	4.9124984179633735
assure	5.0782698466043925	5.083740691994729	5.1724716650109395
sign	5.047042645691245	5.002579779702132	5.12655390927629
preserve	5.122170161685404	4.961558911648512	5.180969059339051
commerce	5.145200778780052	4.993847562632915	5.282298482426334
plant	5.109590161047298	4.829367083953779	5.013471715192176
walk	5.140935380646547	4.87295725269996	4.926788548621335
difference	5.103290020760999	4.973508553744293	5.214813899483201
hang	4.952127361128156	4.911328393086789	4.839841667380583
following	5.245864466667011	4.895655008091579	5.237466216865651
employ	5.138081981422873	4.945233441011193	5.211130310349544
