deal	5.0731714370197265	5.016449383077684	5.123724588387076
study	5.301689129700793	4.905536283171794	5.262198288567422
afford	5.217401572860883	4.94408474417493	5.237870783671599
service	5.212796589590794	5.025644032859349	5.306301601543315
height	5.11824819686994	4.876754538818519	5.05393239079539
prospect	5.192773827548475	4.9922305836015335	5.186393464719365
pleasant	5.270399924059701	4.83356741282125	4.986189415480117
shade	5.161822520573217	4.845717380492882	4.956505621979192
listen	5.041011356945987	5.072626295340129	5.0548178250147835
mighty	5.038147848848243	5.051225520198836	5.105318441239087
country	5.147590202508562	5.03196873115516	5.291062464482652
title	5.249529752242253	4.974161431852855	5.3635185512323975
choose	5.177532188514767	4.955171514465191	5.22511724160918
village	5.184831005301989	4.908979286821792	5.088439610307575
acquire	5.24670853005421	4.980323650962081	5.318980367248272
rank	5.163190180048408	5.0739017985499775	5.297568631340064
bow	5.081006592637816	4.973362480472962	4.999455892207477
doctor	5.024644386840907	4.988604368219846	5.014733875647465
talent	5.2761619346821655	5.024642696477079	5.342890049146876
source	5.202390990574253	4.97419400363536	5.275215611918342
lead	5.080000021542542	5.039283874098236	5.172904108146248
question	5.081928000650393	5.052343557051897	5.289153516822573
publish	5.260164500172908	4.9412734676228585	5.349740393167048
interest	5.176387283853804	5.047180485278655	5.313278366136837
serve	5.081557971927269	4.974996391163126	5.110319984080003
divine	5.158036214062307	5.022367798352333	5.273333275932546
put	4.990597060139072	4.933655608543961	4.957170806976627
shadow	5.078444881117482	4.925216485878661	5.0023146324546
practical	5.2098427881252904	4.984648804848907	5.349679242245648
surface	5.112245819027576	4.804611191409211	4.962615163919506
account	5.1255854125584355	4.987145702611256	5.214032964089512
loss	4.9713489728947735	5.105823067096036	5.143863452078641
indian	4.998764219002513	5.053092884431881	5.13939570810546
vine	5.1792309890674675	4.787493972921093	5.005671820336057
certain	5.073027414439281	5.037353610515148	5.227047871278791
sin	4.881152091289543	5.1446592003125735	5.1100835729495735
necessity	5.03241088469782	5.09352268048302	5.280443843100809
lose	5.006141962734161	5.066934373043126	5.075058427377362
private	5.130369356954922	5.067656328004361	5.3026886689234995
gentleman	5.180571206671652	4.9602397463801795	5.133844463538684
daughter	5.053091994950905	5.05846671111899	5.0825941962995085
drive	4.8652481585700045	5.114305263092448	4.979182883970709
strange	4.975844454865854	5.054970379857228	4.980438003132947
journey	5.171491263125305	4.935799383170331	5.067337037001674
uncle	5.132307306375448	4.936991946621589	5.0211823226182215
species	5.088184357555662	4.950307604409871	5.142701922849547
think	5.051877242388974	5.035331189893224	5.086156077145524
bed	5.027403081792712	4.83672174059285	4.816721359617474
wind	4.9726864460867075	4.96348802446543	4.898813114103942
bless	5.105905753667181	4.970144622008926	5.025752155107613
destroy	4.904053539476663	5.120881801167434	5.132120068742292
author	5.233871426463502	4.989842525365823	5.309990652257033
sustain	5.073458134373167	5.071615875573286	5.2745631694612785
black	4.983756074952132	4.877121537420136	4.850592934956569
event	5.099033505309714	5.099139751428975	5.290624283347865
liberty	5.09473413920576	5.13436893460805	5.345554704589632
negro	4.978018740012489	4.978462550785732	4.991558196504071
little	5.1361083133826435	4.899308130798174	5.013087418799242
fortune	5.109596038393237	5.08411971302855	5.185739898197731
touch	5.071204568672117	4.981423400607332	5.029548052958394
kill	4.794909239848328	5.1114123986259274	4.914911760852932
feature	5.127859103435387	4.958107682904038	5.105236642030948
happiness	5.139241734491018	5.080161661176086	5.246716934826522
assume	5.1028540002901135	5.039675164070626	5.228210725219735
notion	5.099868538635147	4.996701041781936	5.173848562946329
purchase	5.20619675530711	4.881851172283426	5.161930344475723
faithful	5.150750456476508	5.072476547452143	5.258187660103658
soldier	4.939194065090081	5.185766378554844	5.118048633421816
father	5.003152279643567	5.073356664259511	5.076441837217706
narrow	5.048493991215052	4.909655928481014	5.020186792167836
great	5.147230057749516	5.019847134503864	5.259646903256096
tear	4.922156096243286	5.023042403863329	4.891550895464482
honorable	5.1590250604725645	5.126469137871434	5.382346481075726
previous	5.125818015087406	4.975101301250196	5.214697825417059
good	5.122595569565776	5.001434857275074	5.140612731203443
domestic	5.1733671816800655	4.970617034595902	5.203501385198083
glory	5.190177539375377	5.0255788045314445	5.210454499465081
lay	5.029948580876675	4.91722267804668	4.9712502243535015
occasion	5.09784132732154	5.0654446326558515	5.227737888501798
guard	4.931293386519139	5.13294935608436	5.108719191559546
whole	5.104177260446041	4.967400189955969	5.163934741608052
mouth	5.011662857202893	4.888346588171789	4.8626317015965395
receive	5.173107594228464	4.986335822749554	5.236396256547251
take	5.03764002517199	4.986026640078904	5.073881669651155
simple	5.19893772840995	4.904508607235688	5.161804428212071
error	5.000083108066113	5.109821696152953	5.276467182939042
wisdom	5.128631739113465	5.0922212892985375	5.300397757684518
rock	5.010018778751166	4.904955795268323	4.915678684755818
decide	5.093986051489785	5.081834262727273	5.324402163441817
exclaim	4.932203795816848	5.071930024166323	4.916807466077417
assure	5.093314108265449	5.073472874215392	5.18329043926575
sign	5.068569307921139	4.9879980978203085	5.136356509139569
preserve	5.148732252513988	4.942249267681056	5.179737730280081
commerce	5.1671277355541045	4.9885930713444315	5.290855530063676
plant	5.153641934318992	4.806270933665202	5.0062741293132955
walk	5.165974587979382	4.857962813056851	4.9292133678763665
difference	5.116873630492057	4.964407707231624	5.2204505128983545
hang	4.983767242639834	4.899179638057152	4.834911295147948
following	5.271449283827718	4.8679490656710325	5.249026231879519
employ	5.168401943213897	4.9334360363190015	5.211116079149576
