deal	4.999111804710295	5.006649448452971	5.081868751005466
study	5.219708155667645	4.909644449885197	5.2086851627689725
afford	5.130818184251308	4.94525036176735	5.193078768876833
service	5.136664181487694	5.0141652790263915	5.255118086935781
height	5.019992549629881	4.866215486679029	5.010005651982371
prospect	5.11085828190662	4.9877038709972625	5.1386601554424205
pleasant	5.17821527612033	4.840359237193969	4.939477073390018
shade	5.0726161588928615	4.8459908906367675	4.91321872960849
listen	4.9762332218092045	5.074889325585095	5.007154732261356
mighty	4.959954565909134	5.0419875234957106	5.058983384627769
country	5.074758284088142	5.021592613385398	5.24865257090687
title	5.172047832176436	4.979584120400059	5.318094427798189
choose	5.10261996445192	4.946474756449485	5.173977540111106
village	5.102761642302969	4.904701337848581	5.047998277843217
acquire	5.158194200772619	4.976653262090828	5.26773163101872
rank	5.079960618331299	5.05758684105283	5.241550237459512
bow	5.000181119616265	4.960582916755835	4.94706280231531
doctor	4.96014612186181	4.9771894780774	4.968416940637147
talent	5.180404911487759	5.020871485850617	5.287563945095285
source	5.119033184276947	4.979525278441631	5.229722148264499
lead	5.008646621106051	5.030790656751012	5.124279666102956
question	5.0210038502298024	5.041924195970287	5.238035308723014
publish	5.195355032908021	4.947495296585852	5.308818460672266
interest	5.105027500480874	5.039592680151928	5.272867894233222
serve	5.008926024004074	4.963999026343191	5.063644572717243
divine	5.08520627360044	5.024322150107217	5.221647110701192
put	4.9184279423194495	4.919216611674191	4.91686255847831
shadow	5.000428305097788	4.9219282579804	4.95603412991804
practical	5.132153150594299	4.97768651560256	5.295993917683113
surface	5.014886200520808	4.801272286435379	4.924705684862909
account	5.062825995088251	4.9835731548195294	5.179274805215131
loss	4.917126290137223	5.091050348697695	5.1193172827108775
indian	4.942381143370783	5.035327932939914	5.097880109065862
vine	5.0893726731821305	4.781887729523277	4.968229217857652
certain	5.007340249965316	5.028155552553527	5.185407643160284
sin	4.832056215212589	5.131352503180869	5.0726250360213845
necessity	4.9685142936641205	5.075931118804402	5.235099561469975
lose	4.944007159289278	5.057875779121419	5.038407088742227
private	5.057250852539154	5.05836284339766	5.262374763867614
gentleman	5.096903737289285	4.949917071131594	5.081167223041027
daughter	4.9905417658138225	5.053288358648747	5.042339655870992
drive	4.809493874860373	5.088985739836187	4.94372162190431
strange	4.919048790689216	5.052699572899449	4.944422114191475
journey	5.1007035947189845	4.938023872434287	5.025382365044227
uncle	5.060628515392093	4.928381247885558	4.976577835029382
species	5.012917962827797	4.94534963203982	5.121555530442822
think	4.986432869169201	5.027331334208963	5.03877695793007
bed	4.94928913774766	4.832588051404837	4.780585174658285
wind	4.9011845425334135	4.948827998671242	4.8591255039501275
bless	5.037255917958027	4.9680160057540785	4.9839012905380775
destroy	4.8511673787052585	5.104085705325657	5.102467049326889
author	5.162364703796094	4.998719116496911	5.264225214249535
sustain	5.004605658867249	5.056014365957017	5.2320958681540155
black	4.913712825447032	4.859133904096472	4.814242731374639
event	5.047313314576739	5.089663662667839	5.249231006567806
liberty	5.029778956957929	5.118788605750594	5.294264987638304
negro	4.905359345591533	4.958303521990964	4.956117229570284
little	5.052634658667115	4.897817474146894	4.97000451024632
fortune	5.033807441591728	5.078514703111004	5.14559206178039
touch	4.994817721355194	4.979210159098505	4.981028372587609
kill	4.756047997659237	5.082654134672561	4.880338988749788
feature	5.048667773359628	4.950714470235531	5.0560824010466945
happiness	5.071257263786333	5.074442817699502	5.201955312526774
assume	5.033344037404732	5.028981929954825	5.181628725618958
notion	5.026028428337889	4.984224373719535	5.120521383368561
purchase	5.118313773101424	4.88569768655578	5.133096869543767
faithful	5.085505455506909	5.0701270110250345	5.205812674734253
soldier	4.876584052243639	5.158203094210565	5.065226313168768
father	4.941692560923352	5.0675241943573965	5.0341163932923605
narrow	4.953947104790441	4.9011495166790375	4.97558472392961
great	5.0711135153017075	5.013631356045211	5.215391034994587
tear	4.861906091079311	5.013124456894022	4.855361592407394
honorable	5.08566895263866	5.116636248843785	5.33134528228398
previous	5.067814409791055	4.9671432520092145	5.174311868870022
good	5.044577591810755	4.992562735964219	5.089630349296595
domestic	5.099420824011432	4.9625471183892635	5.164336912294607
glory	5.107828978177367	5.024897700422228	5.157535707196521
lay	4.956570981969442	4.912771533526218	4.930740130294509
occasion	5.033753914184544	5.054826258435292	5.183275188563659
guard	4.873304313442079	5.110754739921066	5.059091105903117
whole	5.0282479122250505	4.960690889187584	5.12286823487094
mouth	4.924080700769435	4.8759193532777	4.816681943011842
receive	5.103245317819557	4.982752945886881	5.197021677001518
take	4.973906121175867	4.974689732321925	5.031625373582675
simple	5.1143563823954645	4.907822314490068	5.1154681785015494
error	4.942615108085012	5.102002891604614	5.235314160557316
wisdom	5.0539892946527685	5.087987974860358	5.245252470448845
rock	4.924871976108928	4.89805695907325	4.876724024936116
decide	5.027969703859127	5.069403286910056	5.269824817671867
exclaim	4.8652931201408	5.05817514147754	4.8715900406908235
assure	5.026627577716351	5.066936635460415	5.134827353713187
sign	5.002980714588828	4.981738211048013	5.089059290665113
preserve	5.077074676284664	4.936831137465385	5.136730684502376
commerce	5.09135001951269	4.976220209696843	5.247841494054517
plant	5.064072904776035	4.8018212199219015	4.968400060241794
walk	5.075082442209551	4.8575045924108515	4.8801658957781795
difference	5.043747834292055	4.950900195387517	5.178252165824845
hang	4.907756496855466	4.889399401937266	4.796021976952996
following	5.208801297661863	4.871126766240838	5.203039581282573
employ	5.084415681686192	4.92709024318154	5.170921267724576
