deal	5.100656815215134	5.004079508850403	5.163566006768724
study	5.31317757290341	4.904105567999765	5.289005902643913
afford	5.220737013812942	4.945780234694587	5.27480809490078
service	5.207211144096298	5.023152334635634	5.341495082836112
height	5.126995105348538	4.867322515966653	5.109871645039044
prospect	5.191908777761214	4.986433656522131	5.216737228957114
pleasant	5.287046047722513	4.822307896771105	5.020092764960005
shade	5.178880823186646	4.834125886384284	5.001314908206723
listen	5.063040540671	5.073677682023153	5.087410647817307
mighty	5.046086572442367	5.035010559459995	5.143517235677079
country	5.158408514829902	5.024462291344921	5.333873829980797
title	5.242666518771652	4.981709558116732	5.392673078089008
choose	5.184422888487691	4.951189590889867	5.266315948925131
village	5.186441885631934	4.897773798378077	5.128403107032891
acquire	5.257921072150486	4.977818055431778	5.360123327321055
rank	5.1580470440541575	5.073675671191759	5.3387648080514705
bow	5.1053096701777125	4.9616453212084215	5.047657226910455
doctor	5.0683986496018765	4.973111714358749	5.053282063371783
talent	5.273794160221905	5.031105566434416	5.377143766817272
source	5.209147772613022	4.980096911516641	5.308815228275814
lead	5.096796785018161	5.0329969952222875	5.211261732312034
question	5.1043673651641335	5.057235746820032	5.326005758234707
publish	5.267672987531179	4.951514347322651	5.380977618461691
interest	5.189449689614357	5.048440681099799	5.355740008304032
serve	5.104573188113277	4.961767142206869	5.152217159002477
divine	5.16383164201804	5.024989536367525	5.299179090122723
put	5.037385732337739	4.915542955197815	5.014485853170872
shadow	5.096454761803734	4.915493616757982	5.042870820545796
practical	5.22886369372995	4.989241462545749	5.390511889165481
surface	5.140001536763832	4.794751883248008	5.025156094880701
account	5.14773090901935	4.987184345535899	5.255463960883151
loss	4.987394704317718	5.097655718406868	5.18863356073952
indian	5.019532724255144	5.047771191196823	5.190703306654812
vine	5.194854267765063	4.7729660654290225	5.062854953167951
certain	5.098371826401928	5.035253677863005	5.273068395586642
sin	4.90215287739242	5.127723462581738	5.137089248252816
necessity	5.051632477872087	5.089945486150536	5.3252752382656565
lose	5.0264236907178725	5.055582209469202	5.114569921360931
private	5.135433933870034	5.06543779110419	5.34273745897558
gentleman	5.19531689497345	4.955978557310805	5.1709164049078495
daughter	5.065025957514367	5.04259309805419	5.108036372747781
drive	4.896788606453812	5.089973590721424	5.030177624675515
strange	5.0110000364967515	5.04419525501294	5.017788787781241
journey	5.1751957861253155	4.925790329625132	5.093981918664227
uncle	5.161449651792451	4.915698938662528	5.054295893880888
species	5.117219957763495	4.949237697100003	5.211346619783115
think	5.081748391681338	5.023873337627433	5.1173377954435795
bed	5.0619945828770785	4.810590533200699	4.864903308691451
wind	5.004254609904239	4.949196518509865	4.955730627793504
bless	5.118614994185425	4.951934954073157	5.053235331144988
destroy	4.925307890702042	5.1051272421560885	5.181553024971685
author	5.242456297518507	5.000668983713405	5.334495289823046
sustain	5.086959448085005	5.06587443329247	5.3207876669191645
black	5.034497378614334	4.854298853916149	4.915433729503945
event	5.111950255446293	5.097578588556049	5.3226583091366955
liberty	5.102944966247244	5.127693479477033	5.380560048223953
negro	5.009657523904161	4.955028846512491	5.043932939054869
little	5.164798279158081	4.885957679039389	5.054535864164441
fortune	5.107739423660377	5.0710788943779175	5.2133148963917
touch	5.102432548694119	4.979286398128889	5.072149412149319
kill	4.827574367489678	5.086327938093696	4.9605817825398795
feature	5.157422928617302	4.9547555815735045	5.151679592605137
happiness	5.145706834060819	5.0711233092905985	5.2693987952810115
assume	5.127812554890538	5.040792481794965	5.276173480601562
notion	5.1412589007460054	4.985998463867583	5.21302999582758
purchase	5.208402870523723	4.870009137646152	5.205207989183849
faithful	5.151937375611962	5.070192285350399	5.280334376882587
soldier	4.943644065446173	5.175984107879187	5.162822391936635
father	5.016218526350984	5.0552414798276555	5.101448456116822
narrow	5.067608584891802	4.894777754774818	5.0712149001699975
great	5.161481401639588	5.017262188126242	5.301657507857727
tear	4.961122403904855	5.0010388958506695	4.93530345958869
honorable	5.150254552236307	5.132029754230776	5.412747164204232
previous	5.147649840631038	4.972949121408185	5.256237939253396
good	5.143718621670845	4.989763750133011	5.174424371572005
domestic	5.200470665845921	4.957730282348603	5.246308480228643
glory	5.181472013159944	5.017182863261597	5.236301237190861
lay	5.055964754428884	4.898939680309511	5.01969220078594
occasion	5.117515379900785	5.067504664914861	5.268446676006744
guard	4.943122250059931	5.125368387864265	5.1546087649268255
whole	5.124222296865139	4.961927951910025	5.214580770760981
mouth	5.053764347276066	4.879019969822672	4.9271398426085
receive	5.1857404524526025	4.990187926185633	5.279949189042299
take	5.070692525800586	4.974218024873469	5.119767811539261
simple	5.223585879093877	4.903781462104696	5.202457231885842
error	5.020177509616855	5.114157452511212	5.313551816325274
wisdom	5.131304379115298	5.094888890045994	5.329324236325292
rock	5.025236991871025	4.892042029259782	4.970323908763778
decide	5.107876719906448	5.089480438459158	5.363062180260466
exclaim	4.9672255824687745	5.058655376720029	4.9615706440144
assure	5.109572896472544	5.0736237807383775	5.216886494389851
sign	5.093881889754261	4.989670648212821	5.180719770889145
preserve	5.174304443865688	4.931588929730839	5.22336752014816
commerce	5.184731915909005	4.987274353011572	5.348864726925056
plant	5.173320252429966	4.790610205549777	5.062139835747673
walk	5.181137910800804	4.842955429686119	4.967422794440976
difference	5.148382863342654	4.959821656480665	5.270744704426143
hang	5.017074121658097	4.87822539643472	4.89005836298114
following	5.2884670890331495	4.877191943314551	5.2835451498345725
employ	5.188344543846243	4.9311103412443	5.268533141301547
