deal	5.081625339885369	4.991627895343112	5.158664428047602
study	5.317216691789221	4.886130592796406	5.308598425817143
afford	5.214632163753826	4.92061398483418	5.266340619963912
service	5.20402565338395	4.993404637840833	5.326320305253491
height	5.102755271014846	4.844345212207853	5.091108821029743
prospect	5.191430437381886	4.960985113593163	5.221636598761416
pleasant	5.281103974682874	4.810844635372485	5.033500481244684
shade	5.169111250272506	4.814377933554631	5.005190561383673
listen	5.0450358592714615	5.037542850746366	5.092733403545859
mighty	5.031030443543177	5.006840267595553	5.131844885050065
country	5.1535002809408414	4.993985183606849	5.315271795572913
title	5.2501724785051564	4.948386522007916	5.389348266065821
choose	5.168529213702082	4.931236415913138	5.250167916170725
village	5.171870974713559	4.882956569489364	5.122505451717245
acquire	5.253717017336569	4.9490526238345165	5.349254918343333
rank	5.1564927165415435	5.033292480077156	5.320988837856628
bow	5.068177939254469	4.936563019872784	5.032612717644523
doctor	5.040924602278599	4.961019004849403	5.0598551844757536
talent	5.280828221223004	4.995821416576172	5.3756735390169
source	5.218170067419392	4.942584960577918	5.306402711298725
lead	5.0824912220523135	5.004833053358883	5.200392467297663
question	5.09325530633251	5.018863604584779	5.316090169653147
publish	5.260540538276762	4.920101138168364	5.382851482458707
interest	5.186091845108964	5.011712609285095	5.346561100470318
serve	5.085573239008831	4.942852727424381	5.135012771042173
divine	5.179676684490838	4.987353949349903	5.3098193303546966
put	4.988180161951163	4.906736205254079	4.985813021512719
shadow	5.08175426475231	4.892954878851961	5.048674384788524
practical	5.2240900628311575	4.954695090367104	5.380176288654094
surface	5.110637586344988	4.778386093692882	5.0096007147638435
account	5.133427411726219	4.963992309579907	5.247906855468107
loss	4.978687576686181	5.06925089884019	5.175542939133005
indian	4.9868648635280675	5.011388020776935	5.153144716244085
vine	5.178769422700591	4.770128921248654	5.055797298047976
certain	5.084709697109207	5.001717021937853	5.256107472591436
sin	4.913646108215573	5.102267062218545	5.147583049907441
necessity	5.042594442570812	5.049643297147896	5.3025773835430146
lose	5.012067471713285	5.030917687001562	5.107001244661102
private	5.131676426767095	5.033978572849017	5.330397028036393
gentleman	5.181221980940235	4.938298068566147	5.172635193719428
daughter	5.072869236691198	5.026126506328822	5.127666379902523
drive	4.855607214377801	5.069774823972857	5.000416279483762
strange	4.991844688571851	5.019331310071125	5.023317707494486
journey	5.155486093733725	4.913363108333206	5.100175522880028
uncle	5.141314134881943	4.9179769346904045	5.065540939375613
species	5.095685112694746	4.917248585399468	5.178358727676579
think	5.068739071807676	5.00738370474216	5.123571015986448
bed	5.024895825731394	4.80952344326839	4.861800358627617
wind	4.966431186809558	4.9230142599310875	4.933197712246143
bless	5.126682196865164	4.939946077111921	5.069472549054825
destroy	4.914308009632365	5.071946689711596	5.152104885891456
author	5.250689542711697	4.966393746642309	5.3476734528248535
sustain	5.074935510184707	5.027610032473437	5.299225574896436
black	4.977584083509068	4.840785050187701	4.885727069487409
event	5.109368347040554	5.056911261519387	5.324178719088528
liberty	5.107585176702103	5.08085038449015	5.363406941637822
negro	4.971455228689767	4.946307969675442	5.021331756466493
little	5.138463013951903	4.878025480033659	5.051161737668794
fortune	5.113432005689443	5.053396118927294	5.218184790946955
touch	5.082645482640699	4.947463254509468	5.069282636254463
kill	4.793635129037903	5.07711044036738	4.936509525551489
feature	5.137742356767376	4.920048930359028	5.152520475585454
happiness	5.1707035485176345	5.037552137790614	5.285356074372334
assume	5.1073618494849	4.999690809943842	5.259128907861864
notion	5.122931126108392	4.969438250971845	5.211994562935818
purchase	5.197722335070875	4.866928330501012	5.192629126684136
faithful	5.1544236259773575	5.039523266983629	5.286043491635363
soldier	4.919830131466726	5.135960499651058	5.1306957256044985
father	5.016077922920036	5.0406797532952545	5.114279200224001
narrow	5.037898995092621	4.875324375591706	5.053356596362479
great	5.148435097853107	4.986148059155594	5.285629646075478
tear	4.935975870220221	4.981782693349301	4.931566268313853
honorable	5.1612912396783095	5.09085243387072	5.404014568878993
previous	5.127600576870571	4.943258578658956	5.24830455438954
good	5.1363693265335115	4.975917135551114	5.170789378224237
domestic	5.196376451386627	4.931049128271491	5.237326159611216
glory	5.189932430582352	4.987048371467569	5.240076295604282
lay	5.015400036167299	4.885564777277446	5.000238919192069
occasion	5.1047449877320785	5.0278715675170895	5.256936428425089
guard	4.913435388892428	5.089138932380654	5.125311844552354
whole	5.102399512629289	4.93296423009389	5.193017008467987
mouth	4.996012470547473	4.855064197009579	4.891902156970717
receive	5.170228801126024	4.96069705627213	5.26314253799023
take	5.036321909764736	4.957984935384577	5.101825457886481
simple	5.216061604556867	4.877110444159692	5.204012188375523
error	5.02541266332329	5.076451233202425	5.311708162989716
wisdom	5.142154963179363	5.055216754729926	5.327281919829119
rock	4.989161627998479	4.870000954839095	4.947678078565129
decide	5.09506362290018	5.048383287446047	5.349407154742343
exclaim	4.929834620113425	5.039346331590257	4.953388698067393
assure	5.095992688353685	5.044059883201393	5.211462454718341
sign	5.063667015751338	4.9599684255941	5.169474887724676
preserve	5.160847468836621	4.905956049667972	5.208737918037889
commerce	5.166379373181875	4.947771008241415	5.309246175745148
plant	5.1579738441759755	4.782491833967749	5.050074727898172
walk	5.1570620615901355	4.838026151400416	4.974488207090968
difference	5.14235075668553	4.934297772958308	5.257556767744595
hang	4.971223614260329	4.871606024017022	4.873923852395647
following	5.272904923780935	4.849464216247919	5.286168948154926
employ	5.157900747287874	4.906477923556158	5.236477720909651
