deal	5.035192545789022	4.99758999645336	5.1084669117659995
study	5.263815844599966	4.900945253793294	5.252113859732488
afford	5.178791328606697	4.937461550790303	5.23145640752359
service	5.183969220515622	5.00502295621193	5.30014110649398
height	5.062979780584504	4.86985613096886	5.037934524117326
prospect	5.147504892204472	4.979204110339321	5.160825789848043
pleasant	5.2063812653024835	4.823702910312942	4.951330133619356
shade	5.1042741789403765	4.8282808895150815	4.923135425111609
listen	5.000539228506652	5.056259732500276	5.017985929785528
mighty	4.986421717414292	5.024190334753309	5.062068327267246
country	5.112195890970916	5.009952528989179	5.2719467799082995
title	5.215996577024948	4.962686328474279	5.349882770683861
choose	5.136532156349449	4.934058752149746	5.211135951482399
village	5.139675254320433	4.891990095078776	5.0685214894328885
acquire	5.211840495230137	4.967385787280392	5.3088700041339045
rank	5.129198268227914	5.050327645579595	5.277299218710399
bow	5.04365540391327	4.951064037890148	4.977577148429593
doctor	4.99608092717704	4.972184374637196	5.002747137697366
talent	5.238300772951208	5.016006324180746	5.329202358128027
source	5.161637919205447	4.9698209679532575	5.250171743981357
lead	5.05141204627389	5.017604335784715	5.154075278007208
question	5.051223357190242	5.0374135298324285	5.276827525937001
publish	5.232027244700169	4.943400587140428	5.349830164644944
interest	5.143031142420352	5.034330688989986	5.302757812752229
serve	5.0505164411133405	4.9513003367318	5.099383582487781
divine	5.116796421468567	5.007017052045151	5.239107703708258
put	4.960444192727113	4.913893286920022	4.96046121209825
shadow	5.029373907314056	4.905109833019582	4.969404274843823
practical	5.172305953451345	4.977145457013309	5.342621086246974
surface	5.054464639673073	4.7991347478686155	4.9540411126511135
account	5.097367214881624	4.981637504332133	5.214785908310007
loss	4.944088718956316	5.086035516650152	5.133119166735425
indian	4.975505049280091	5.02485819288484	5.124925896999929
vine	5.1203536064478605	4.773469808935696	5.001172689728452
certain	5.04295183534095	5.019265416484278	5.21609199314495
sin	4.8510847681507725	5.107802181137635	5.07094071870567
necessity	5.005387620844887	5.072947602176428	5.27288141419423
lose	4.973190240338439	5.044305063553103	5.050321746870142
private	5.105581055290565	5.049345066381154	5.297887028161528
gentleman	5.147842697819865	4.944122181286181	5.1268796185855585
daughter	5.032870256838777	5.025964890004599	5.0516811015006375
drive	4.8420006421643365	5.077238967646832	4.959268528771611
strange	4.940541102026346	5.030488507254645	4.944691801063097
journey	5.133218657806605	4.926357394369425	5.049363059217636
uncle	5.104209349664996	4.9136745511876	5.003876664071455
species	5.043409570343377	4.9392837610616205	5.138879823976289
think	5.018358929083102	5.011727183910542	5.060808822525216
bed	4.98021926183607	4.815237632880028	4.8000143102658805
wind	4.923755388987654	4.940703785512722	4.871969443734141
bless	5.058673294357388	4.942221287420955	4.983323979811555
destroy	4.8761653997458385	5.082726778807154	5.107232148666567
author	5.200754046212009	4.987836178963239	5.293514736263007
sustain	5.040147695204952	5.0506912204141665	5.262175876247827
black	4.949591561850417	4.854419144114938	4.842220505480072
event	5.07446715925365	5.085248776729233	5.2727891792327926
liberty	5.063032295855342	5.105781176230208	5.314663504540316
negro	4.949740444590212	4.950264352857228	4.987477071762071
little	5.094171491993396	4.885091934994963	4.999720347312283
fortune	5.082040237332389	5.057902557258043	5.164382212075595
touch	5.030094900174015	4.965512698033171	5.000638439618232
kill	4.7758772513792875	5.067283461659204	4.894315502743452
feature	5.092223069762981	4.942467886296039	5.082657626773833
happiness	5.104163098983391	5.0583344042453025	5.213123834498968
assume	5.071403872807514	5.024012570853827	5.216520015570786
notion	5.0658527158457245	4.978354166265503	5.1605244387055045
purchase	5.169924394196083	4.865237918658384	5.165131727837037
faithful	5.125295374094106	5.04824138186925	5.2317995457469895
soldier	4.917514691788181	5.145098614957855	5.093491585998127
father	4.977700853951651	5.038134942654876	5.04223996109817
narrow	5.0036145354779045	4.891167921747114	5.004336369214955
great	5.108628629358852	5.008801260802303	5.243936089233077
tear	4.886880801179627	4.991064978585027	4.854146863072878
honorable	5.137918430607059	5.103224966089756	5.370134301262409
previous	5.0975704914062865	4.96776828009191	5.2133475519714105
good	5.087185707423052	4.977876203695533	5.122285847038561
domestic	5.1330774533047	4.949436974946469	5.18568031671237
glory	5.136231794893441	5.004396602067908	5.161000081003207
lay	4.988402025473127	4.894328667608097	4.956329964273575
occasion	5.066703728079618	5.0529094189938535	5.21773431019469
guard	4.915574095057935	5.097297313110537	5.095493908958164
whole	5.0615975220043365	4.956353349134317	5.1526338706004955
mouth	4.973037721048031	4.874078280861116	4.850150695485396
receive	5.145004221899598	4.977365123455907	5.235895170259146
take	5.013697873834492	4.966892634691627	5.070128030864263
simple	5.1508979349028685	4.8954183730044845	5.1435993282314785
error	4.9742897356656455	5.093748507705086	5.261330673333411
wisdom	5.091596734855154	5.071294954950178	5.2689671068242525
rock	4.9592503609766725	4.886027370752219	4.890779873124573
decide	5.066328985499903	5.067038405707255	5.316635769422409
exclaim	4.908070229770497	5.047150792766897	4.893733491058033
assure	5.0693776883088875	5.0572729130708325	5.169859208272595
sign	5.0380582573518655	4.975433385944143	5.12456833290505
preserve	5.117864850418771	4.9258744043427924	5.169513921072439
commerce	5.128548898867163	4.972734737695733	5.283175706048053
plant	5.095915855942459	4.786885524148386	4.9929305671077415
walk	5.112590358040167	4.844137147963327	4.907424981330344
difference	5.075955041403195	4.952200467679208	5.21016591601453
hang	4.942466896819592	4.871841306108298	4.8191640893828085
following	5.232490674189022	4.872994959763227	5.2466319619762825
employ	5.134122470918751	4.92347407575659	5.217676908788238
