deal	5.039871394807952	5.0208647061728175	5.106521939894847
study	5.255633224354039	4.917040069245905	5.2363219120372
afford	5.155864367829239	4.966870939270897	5.208620793785539
service	5.187725351515429	5.025268157640145	5.2956435734577845
height	5.050551364408592	4.907790891288094	5.038069203100332
prospect	5.1283891953973555	5.0192796195704386	5.157066655724938
pleasant	5.20486560040115	4.878995504156665	4.966414628395918
shade	5.088875827029561	4.887310721065693	4.94182489024194
listen	5.010010674049233	5.086482858094216	5.033185425770743
mighty	4.98709658958139	5.059176412647354	5.081063925616529
country	5.1059847007632415	5.029173067753666	5.264151497057677
title	5.233903314142484	4.9661707795402386	5.3498280622877
choose	5.148445441422712	4.962175294759548	5.206888897535314
village	5.136638328997965	4.941724909696956	5.075130828785093
acquire	5.1951342824704225	4.979480289823306	5.290847051198424
rank	5.133013435674083	5.071962770753992	5.282138543139055
bow	5.0483794853666195	4.990027002855242	4.995713504061787
doctor	5.0043844695272846	4.998250686788753	5.003339280282591
talent	5.232956634426908	5.026095968495422	5.319232183913108
source	5.139223836671832	4.9861192921374275	5.23565018951791
lead	5.03334092172112	5.050881740888306	5.142319653947767
question	5.057764409544124	5.042832970387546	5.257161978753302
publish	5.248270290344179	4.936175935634803	5.332991737227582
interest	5.139979567054622	5.046622607029868	5.289844810083423
serve	5.043321825051256	4.984641082024893	5.093307927002822
divine	5.109618234583918	5.025594757766993	5.241648605201203
put	4.957861110471898	4.947268392889228	4.950757553889593
shadow	5.014018612464223	4.95824932777411	4.98354902758673
practical	5.164930109048144	4.979654739468722	5.314851611321527
surface	5.0261175366235245	4.845586422619971	4.946415924839191
account	5.090579641012546	4.996463837137634	5.190880377684086
loss	4.930853948327362	5.107088768895395	5.1245540294953695
indian	4.972383918986309	5.051140370075545	5.122389960640292
vine	5.098741772384667	4.8216730619921755	4.9954914136453015
certain	5.028693019917334	5.0409384281917635	5.199065734591394
sin	4.846418193934448	5.133959689837407	5.08209567408469
necessity	4.992049558999956	5.086522826411622	5.249969546434641
lose	4.960171074525496	5.079216016753347	5.052200858871683
private	5.105084670346435	5.065669468413741	5.28388016066347
gentleman	5.160456261625119	4.974357595484234	5.127423908946585
daughter	5.038039490739442	5.068978898965913	5.0785792623562545
drive	4.833109546696221	5.122658416168884	4.9655921938825855
strange	4.934324671746952	5.078287609982704	4.961735890293748
journey	5.120723732825118	4.969745265542838	5.048762487624755
uncle	5.110440519125303	4.952854592015085	5.014099722954757
species	5.034899602530835	4.958780239297912	5.128366584802426
think	5.017063788484507	5.0463431842520965	5.062908466444519
bed	4.972367176687801	4.881602066850509	4.812897256169035
wind	4.909774087979873	4.993824410676213	4.881771031689956
bless	5.06824950202903	4.984012864493242	5.0158273978212335
destroy	4.861394749587298	5.114101184266239	5.106141353325468
author	5.206281845608734	4.990021111188562	5.282781317070086
sustain	5.027342404895821	5.065576936700573	5.246686683693326
black	4.950952953201148	4.905426466265288	4.860056213109273
event	5.061747515783679	5.100883909739915	5.259345589976998
liberty	5.076690657236365	5.111490950499558	5.31663084459689
negro	4.946844054622234	4.9900265228575975	4.984995397223884
little	5.0864006619807265	4.929223174766919	4.998161101245893
fortune	5.069085093479443	5.092243700070794	5.1673097345881915
touch	5.025852886525322	4.998637740706289	5.008726671945554
kill	4.777511760113432	5.109926779810366	4.9080415305053675
feature	5.075998177533387	4.980179307113446	5.087633238028974
happiness	5.092710552193664	5.085271435905588	5.215818948188926
assume	5.065378837740026	5.044717435064674	5.207085655780498
notion	5.067678968853666	4.998699050617315	5.147811272643204
purchase	5.16348585482028	4.899251066818495	5.157250494662424
faithful	5.124493289069234	5.072525088133461	5.235230049576204
soldier	4.924937021897314	5.1764101583858375	5.108991198236011
father	4.977252700211154	5.07739938460226	5.063599355438977
narrow	4.976960203875534	4.942857214730278	4.998581748923349
great	5.101655718400754	5.025862843481467	5.233135738429433
tear	4.880773443505654	5.036871889309279	4.880868754437227
honorable	5.13782098871865	5.113956303709711	5.36344690901845
previous	5.086084940655583	4.987041251832791	5.188032754723267
good	5.084480142205382	5.008536588844702	5.11861495033551
domestic	5.129159200782962	4.976729133323347	5.1783586796084595
glory	5.140093440966314	5.035083691910317	5.187914527448788
lay	4.9778411744038715	4.939037191423463	4.957189364233451
occasion	5.064463789008648	5.070316641366795	5.202016712044762
guard	4.912384684722845	5.135404454125487	5.097313991009161
whole	5.054048831173477	4.980565710664372	5.141093721200824
mouth	4.967292092168267	4.914633155425685	4.859165802334679
receive	5.137913988330255	4.995810801669502	5.2201407480960675
take	5.006827824207553	4.998617740127956	5.05877300311875
simple	5.1448333162716375	4.921139574803947	5.137731458027216
error	4.960301732251717	5.098975937436149	5.239318656368664
wisdom	5.081383816646054	5.086703308008626	5.26710733165367
rock	4.94391494107981	4.940147751137353	4.90320321176839
decide	5.067652988626834	5.075442654455139	5.293940403796667
exclaim	4.911683194959518	5.085842974020067	4.913213264944977
assure	5.062118014704048	5.0821346240227285	5.1618743555609905
sign	5.036870673222947	4.998381358478027	5.1202244564574295
preserve	5.098429541177304	4.952229559648242	5.157675924925074
commerce	5.125120846528562	4.9858142276183335	5.268707151323084
plant	5.07669642236027	4.835018721559068	4.991847682073162
walk	5.1110467446320005	4.903410509687989	4.920276630577822
difference	5.073676894453209	4.966551993402367	5.192533914678619
hang	4.9348906100906795	4.936359760001587	4.838243242184468
following	5.240771688735217	4.879848524497454	5.224738361398164
employ	5.1186408149435545	4.944394774685784	5.190662204931626
