deal	5.053991345664313	4.996009069481372	5.091577346032527
study	5.286170883620003	4.893852270300592	5.234753263812511
afford	5.193975054762686	4.933130658806142	5.212632382213891
service	5.209486109964158	5.008843372942036	5.288757980548667
height	5.069094094230443	4.847144536445311	5.016141559561145
prospect	5.163490332285834	4.9741328923505534	5.153655144737837
pleasant	5.218600991679136	4.831433257888207	4.951787665812556
shade	5.116849314860317	4.82665674761156	4.928584023958614
listen	5.028657038534959	5.038613511924729	5.008043445630652
mighty	5.0087371169477395	5.0048072581426	5.054717269492946
country	5.140183529655933	5.00203790591794	5.263203676234785
title	5.25289918976756	4.959278297967946	5.347631486191919
choose	5.154117180127504	4.942885619978915	5.193962056482694
village	5.1439967005722815	4.895906393354573	5.060740063160041
acquire	5.230653082951221	4.960508676223328	5.289390972492951
rank	5.155633624729217	5.043035475488399	5.26572143702737
bow	5.0534081164373355	4.941632813091869	4.956664578026227
doctor	5.005434856369478	4.974564942042293	4.981791677112138
talent	5.261409424899297	5.0042167729078235	5.3148551004207265
source	5.18610434081474	4.954012046482622	5.244347051878616
lead	5.065980133176258	5.007765029722288	5.12959786934181
question	5.0850437995555255	5.024883213714427	5.254368516480164
publish	5.261613020341431	4.92369444248816	5.332449646737224
interest	5.174261785518551	5.025222418260336	5.2931454252937025
serve	5.062325057463356	4.955436897445383	5.078851868765577
divine	5.156967864194744	4.991674670958407	5.238894861071878
put	4.95527809334809	4.921387924314491	4.921929989442631
shadow	5.043147433424072	4.89609845234387	4.9650388545584345
practical	5.202550709364791	4.960695144006576	5.319028572803011
surface	5.051714813864291	4.786038278192299	4.9290410402829865
account	5.118387121720424	4.970747525775788	5.19206794831041
loss	4.969603915011021	5.075980243533137	5.127804674345397
indian	4.990736274812088	5.016845088258254	5.104775715938504
vine	5.127946016744691	4.772765464990097	4.988636200192156
certain	5.067220034795933	5.011177058442582	5.197059931964427
sin	4.891323038246535	5.101087249296649	5.080925669611214
necessity	5.03391710921681	5.059240012130804	5.2506351557102295
lose	4.9909044445721635	5.037234572325789	5.040383555948905
private	5.127951581776478	5.050776972227843	5.28660737221592
gentleman	5.157643801333382	4.955907189520645	5.107087093658148
daughter	5.055917683536515	5.040225589924339	5.068281245603879
drive	4.848456677780253	5.0712205787059155	4.938165473271755
strange	4.963564036303659	5.023934156597854	4.944902484054591
journey	5.139279650514675	4.919761089607478	5.034094297476182
uncle	5.104508011082504	4.935683058135699	5.000380222597442
species	5.0678949135788995	4.927076055231719	5.127343372097284
think	5.036879280522454	5.013167066249398	5.049776239091846
bed	4.977039988926053	4.828878790889688	4.790966580868682
wind	4.9324621792985255	4.925584658162099	4.855463075001596
bless	5.085363727898135	4.95273401750401	5.001180419389532
destroy	4.902842970867824	5.075749650271844	5.103471361019453
author	5.238964028856242	4.966317572040082	5.284480045566586
sustain	5.068985872249097	5.03187053681464	5.243219589323772
black	4.947801334946351	4.855980820562705	4.822596830509928
event	5.104994789286726	5.060435070466151	5.259765555872041
liberty	5.104031301863653	5.092525930167366	5.311942762381605
negro	4.9468526597341125	4.961892812358976	4.964048213388171
little	5.099962638721041	4.891155333822065	4.981358135284422
fortune	5.1015814034326405	5.06321921345918	5.164388034920014
touch	5.049357946503724	4.953196248486202	4.987611387358328
kill	4.7838766540565185	5.071085709518409	4.8819742645862005
feature	5.107968731070593	4.928406245517544	5.070915106063936
happiness	5.141717700449449	5.055385049023832	5.225547272926977
assume	5.0979117646866206	5.010989471952758	5.194840420708685
notion	5.08115479461046	4.975926966024124	5.1322363654571435
purchase	5.179036182728524	4.888594219109518	5.159258722794452
faithful	5.156380623057362	5.045239165572098	5.228268872526407
soldier	4.93276130515567	5.133554429234934	5.075527881171533
father	5.000235521654942	5.047713342005307	5.051045182303876
narrow	5.0018710136530915	4.884028321992634	4.978819242083711
great	5.1353096976926595	4.99097815109198	5.225039376743467
tear	4.902721176789002	4.99078892388262	4.861277006126384
honorable	5.1698889627373035	5.101667571407283	5.362966793252237
previous	5.116801510833876	4.9552811001285715	5.18818352151582
good	5.10357525835511	4.988374609579082	5.109137156028567
domestic	5.16749333592389	4.954464213503882	5.188463531973263
glory	5.167844224689909	4.989249542490964	5.169183925685451
lay	4.995718618959771	4.893421782920965	4.934125819751512
occasion	5.094124306018962	5.038616542423898	5.196394117341487
guard	4.928334228139836	5.089512356084065	5.0702399871204324
whole	5.079883891333266	4.94184943310961	5.128413496613089
mouth	4.958418975831238	4.866085195330764	4.818927067865101
receive	5.165263948598313	4.975597096725793	5.215925215592861
take	5.020532028417637	4.970110575793346	5.042680949754512
simple	5.17791425435255	4.884946608167429	5.12987270309475
error	5.0098620820840445	5.070852652504305	5.246008005195386
wisdom	5.127470846519096	5.0558201567268375	5.261800193372023
rock	4.957641840837386	4.870305122419497	4.8733768204232755
decide	5.094356496363594	5.052339699003109	5.2878650298274295
exclaim	4.91182569008317	5.041182857639644	4.877342935210031
assure	5.084835652834145	5.04837350773091	5.145236576240578
sign	5.052456695736579	4.963422756758473	5.097890454885476
preserve	5.135547959939464	4.919009953108152	5.151474891113041
commerce	5.156240686102926	4.9632524808594845	5.269038631171437
plant	5.1059240796268766	4.788246173031835	4.9835947437597286
walk	5.111755879451948	4.852689934903636	4.893206475085613
difference	5.102818060739054	4.946525365456939	5.195218757450814
hang	4.943006286377854	4.879211962393741	4.80732709873387
following	5.262955024773827	4.853895250481692	5.223487260575746
employ	5.143384810066972	4.918126039390296	5.185627995863432
