deal	5.0573794783190475	4.982037325156996	5.096801358420553
study	5.28034577443473	4.892987599229756	5.231872936278605
afford	5.191458518844971	4.924983769428008	5.208855428222772
service	5.203771791761692	4.995009896446247	5.283359025238636
height	5.057638952084147	4.869360638750628	5.027230791910034
prospect	5.158282906299304	4.9730396050333745	5.155982834460466
pleasant	5.226804075230204	4.833711537462636	4.961889472955984
shade	5.122815939797224	4.840504904308784	4.945250404767584
listen	5.020642376648136	5.046599985901643	5.0306927392516
mighty	4.994896713116315	5.026521395321362	5.079297961675221
country	5.132575963946111	4.997965508448691	5.269600201966136
title	5.235573390376143	4.947058750504485	5.336794845309373
choose	5.149650496285681	4.928643224304785	5.194764670334918
village	5.134542073914486	4.902182097640886	5.052682438205624
acquire	5.2325748205582014	4.95581900166783	5.297698379854313
rank	5.138386514863824	5.043582064533266	5.277036447025504
bow	5.05368272942428	4.943835410664601	4.984174886819727
doctor	5.0233216008011725	4.953613368017974	4.985721468148225
talent	5.259161255447729	5.0014076810389705	5.319687424713337
source	5.1867346222749	4.95499551088827	5.250823163810333
lead	5.052784610014948	5.01019735721302	5.143486384447306
question	5.080680461251724	5.01103259242792	5.258173340942071
publish	5.248052864406179	4.917247560408541	5.309348337863877
interest	5.173341631833909	5.015808410459094	5.295142558373834
serve	5.069845641365318	4.9424990675181535	5.089546687326553
divine	5.149446916478949	4.99830536206845	5.258281388272336
put	4.9831189189919955	4.893642899837758	4.9357508117666535
shadow	5.039748555851095	4.910113476538497	4.983182795284723
practical	5.203270055542953	4.954096038166671	5.321541683896491
surface	5.073041847675098	4.793207043994759	4.945285889516965
account	5.11723750402513	4.958379822395228	5.183062872763267
loss	4.976639716020918	5.07067812673101	5.131246149336276
indian	4.988002492376071	5.015430740671593	5.116132951956486
vine	5.143197597684408	4.774767065239552	4.989133515563306
certain	5.068421122622229	5.004749445041016	5.209120596888395
sin	4.886353429555766	5.103782864887879	5.102216557723717
necessity	5.037195921707135	5.049985348795423	5.262703970002328
lose	4.9905451687895175	5.03707401322395	5.057727948974285
private	5.123574188918741	5.031497900846816	5.277339790845181
gentleman	5.159777781268915	4.931869257606615	5.100337652546584
daughter	5.041837177698135	5.034350712122914	5.069215302985575
drive	4.8429389441642385	5.0739180700071955	4.959152610511523
strange	4.955097129155664	5.032569463196308	4.96488557201177
journey	5.129018090896651	4.92426557534561	5.024845923616702
uncle	5.113712123635545	4.907041013666407	4.984804987159993
species	5.082921355061229	4.924854330838037	5.1369011391974215
think	5.039254173994409	5.001674463196645	5.059619088644581
bed	4.996717005879493	4.824725653991962	4.799546895419067
wind	4.938254297155664	4.940017466396324	4.879189469175039
bless	5.091187254056693	4.949105447304587	5.016116334616985
destroy	4.898152935999528	5.078767538838619	5.121395788217639
author	5.221925652986418	4.9690641962673165	5.278696319948918
sustain	5.0673477973448255	5.031749248517599	5.257082582952576
black	4.95844671169788	4.850427158449936	4.838137658438861
event	5.089329299050314	5.071982839493593	5.261899462075658
liberty	5.093538745539212	5.091800627828019	5.328677092070431
negro	4.952291969763837	4.950119945097571	4.963816392952727
little	5.1082190080839895	4.880386984539479	4.988405227168545
fortune	5.090044301044409	5.056469359500469	5.164014236495454
touch	5.057769878065371	4.955047218243249	5.01446373847296
kill	4.781925913451577	5.070551567002798	4.892095343400391
feature	5.107843316753213	4.935472226386651	5.090699112305337
happiness	5.139664252434093	5.054814083545679	5.237749293152866
assume	5.098721750829595	5.005051831834475	5.210260485302958
notion	5.088565796960098	4.9589078389193375	5.143821135564321
purchase	5.188650655796852	4.860057287981351	5.141273150796388
faithful	5.138847075957227	5.041419326789445	5.232379775194956
soldier	4.91685919322433	5.141745997102173	5.092019484210283
father	4.995115786224956	5.03942595561057	5.059118178817502
narrow	5.000179691687233	4.8919355916150185	4.994548306262037
great	5.12876611992428	4.994270939346737	5.237243956886762
tear	4.9222302994304075	4.989723928456444	4.8897801996293175
honorable	5.157925641821669	5.083684089913663	5.361436479561151
previous	5.117821877946312	4.949734022397655	5.182581652423877
good	5.113623971279846	4.966192066982169	5.117148149764868
domestic	5.177175092247564	4.94077138800437	5.193556167863217
glory	5.156065820999275	5.0061866171892015	5.190174104042888
lay	5.001749273412586	4.890316191322983	4.95212208060808
occasion	5.097780959976946	5.031416727504237	5.202577729074783
guard	4.9096202659636985	5.088188835009234	5.079746595314652
whole	5.081196482969101	4.943860365203438	5.141104327791326
mouth	4.9830674113241535	4.8607049133856215	4.837930867145606
receive	5.1695582695106905	4.955115095995109	5.215529197122866
take	5.029045694134051	4.950286178149803	5.047351303918988
simple	5.1804395762011595	4.887463785426895	5.144803162546312
error	5.001832337033523	5.068140826836963	5.253074321206744
wisdom	5.118739204396503	5.0584220360708265	5.281945748272951
rock	4.95351401843981	4.890508624761122	4.888515691165821
decide	5.085858081169636	5.041771979766491	5.290804775417094
exclaim	4.915156702341023	5.036940421819367	4.895823723472369
assure	5.082802801750576	5.03624049350697	5.155540196346565
sign	5.055114796144115	4.956439304674174	5.10941052441938
preserve	5.144358688768287	4.911545929122944	5.164951151205927
commerce	5.163070526072582	4.950974389996871	5.27278218563722
plant	5.117843619528809	4.793787124144082	4.9929758675126825
walk	5.111932742339719	4.854249184759579	4.900162361617692
difference	5.114295196045662	4.936155041214305	5.2040968092561855
hang	4.947314768478343	4.8774379183525705	4.8207308760244985
following	5.25663268968142	4.848140114616889	5.207722195802995
employ	5.147869098622421	4.908747362119213	5.184814655856461
