deal	5.004690573681762	5.02249002043525	5.091026835730981
study	5.219089448425358	4.916755337950154	5.220753327808104
afford	5.13412456800623	4.956027306618502	5.204176049308724
service	5.130449159243029	5.033307653806619	5.27213200412164
height	5.036092513581642	4.87268733187257	5.013271878650876
prospect	5.111421722809768	4.999223565868711	5.143136635333525
pleasant	5.196198122966798	4.839528289159115	4.9342432661076385
shade	5.083265175610179	4.842408135865362	4.902395288645019
listen	4.960297379140005	5.078167586977713	4.997182005173592
mighty	4.955334966786863	5.048426688899429	5.051839751724963
country	5.069511633634906	5.0299240138288015	5.255496678890887
title	5.164176083717841	4.985696535678251	5.334338935952104
choose	5.0930087176852314	4.976707419274883	5.1938842044834646
village	5.1030402011833935	4.910631941232678	5.044133926108054
acquire	5.168148910924124	4.9829260523715	5.283942136736362
rank	5.072110743795306	5.07271182439142	5.246665885475032
bow	5.004398719798149	4.966214729158883	4.942875216411284
doctor	4.96580820362463	4.993213121983576	4.977904932148117
talent	5.191447513188123	5.031314421727206	5.303823424935438
source	5.120488004586119	4.983501035479556	5.238432344890787
lead	4.994237341570629	5.047349337617184	5.124172784004673
question	5.001658555055854	5.068207908432663	5.256595902658899
publish	5.181255198391424	4.955245447683278	5.324866269781491
interest	5.099164769514654	5.0530289023916755	5.289563419802354
serve	5.010217255198931	4.985788630611586	5.072754654525559
divine	5.061937058814105	5.041462935480563	5.228703087114868
put	4.933129369694357	4.944946390256136	4.930866944360405
shadow	4.998337332388482	4.932284459403793	4.954803015854544
practical	5.1246435971239555	4.997456848736197	5.319604408027988
surface	5.044113943194061	4.804072675797272	4.9292418342816715
account	5.051041819295641	4.997807457272061	5.189323033315093
loss	4.906631412492962	5.104936307233288	5.125676483857321
indian	4.920801274416141	5.048641116416276	5.09128008351794
vine	5.107515165927647	4.783121327431887	4.971653573909515
certain	4.9934590330899455	5.049054694876069	5.197073100102137
sin	4.797539033924056	5.157530958693908	5.070916207995631
necessity	4.952713808320328	5.100904042250689	5.251666176280089
lose	4.932037186697349	5.074443373776913	5.037164446578857
private	5.05627359409295	5.076550201758102	5.28254704771955
gentleman	5.108473139804115	4.966775479647288	5.095241330717302
daughter	4.983697304440059	5.060632060676263	5.040035113322471
drive	4.800239017993734	5.10462021406995	4.9346430237042735
strange	4.905604005596661	5.060531056574111	4.933703727711424
journey	5.096226813473963	4.939395511230982	5.021494349603958
uncle	5.076397843005065	4.941537443239712	4.990229573705458
species	5.0179478099173656	4.9427269821356346	5.122870110969048
think	4.9828014212330665	5.048882423362876	5.047901714965614
bed	4.970591343745065	4.842426608246321	4.787820951383566
wind	4.9051879606606805	4.954061136520752	4.848179652728248
bless	5.031439278209984	4.977796237901261	4.979421501449511
destroy	4.825379279523407	5.121748027061483	5.093961867648658
author	5.144938966881987	5.003964917396727	5.26993582233152
sustain	4.9895459593181855	5.0746609634591735	5.243634905624746
black	4.922071240786923	4.872247702310185	4.81102692250742
event	5.01878498263032	5.107181857738646	5.256276862507062
liberty	5.005450049278832	5.139400960693928	5.3009899987428435
negro	4.906009590486052	4.976745518040612	4.955962990054874
little	5.0683538798352865	4.907205140785356	4.974692552780571
fortune	5.036053655516466	5.086188191963724	5.148504828008143
touch	4.996553928805893	4.985214304710689	4.979964256477118
kill	4.7379705659542966	5.106449522171211	4.874842498521267
feature	5.053636233490584	4.956952639739392	5.060434145349778
happiness	5.05777648265771	5.090566642564703	5.207110430328714
assume	5.021394074600722	5.048111452579902	5.191371802194933
notion	5.02402701452189	5.01140465527216	5.13754926626813
purchase	5.139891128568716	4.887117069701659	5.148827404955013
faithful	5.063529472923491	5.084782910710219	5.209358525824983
soldier	4.8635523451692455	5.169875283749237	5.057099585277934
father	4.933533273567812	5.076504393076236	5.034963717390552
narrow	4.97399207362638	4.910317550193216	4.981011394243357
great	5.067934089070564	5.025478071996923	5.225149010814633
tear	4.864734669443619	5.01498345058386	4.845972902948686
honorable	5.073725624194173	5.13766576545409	5.349251839465187
previous	5.0479139869319845	4.988929416378152	5.186993333848948
good	5.050493447582256	5.012798424102352	5.100920512518838
domestic	5.101105043919342	4.968849475101788	5.168040263282737
glory	5.102627725295853	5.026546909619533	5.153820360808992
lay	4.956174942605506	4.920556282316444	4.929996195418944
occasion	5.019094175814295	5.071670533137141	5.190664092866846
guard	4.850660781592232	5.131383571234174	5.056663601957223
whole	5.027438814109604	4.975374128387685	5.1308594942113475
mouth	4.956793675828021	4.879062053286195	4.820715399024667
receive	5.098270801107467	4.996298243617952	5.209313146447426
take	4.970315981540637	4.997784879162856	5.042091455736313
simple	5.115799584659825	4.917079100850224	5.1229420740160325
error	4.914403233152319	5.126629267759811	5.24963364545936
wisdom	5.037391637741669	5.10597823690885	5.255043830107814
rock	4.937305880868111	4.899402766898227	4.8689917476276285
decide	5.0069217834667805	5.101883438428207	5.291912074759214
exclaim	4.873742222771315	5.064698206681535	4.869588054285292
assure	5.018521668485716	5.084260686252961	5.141780482449916
sign	4.99583028737044	5.0001868976407895	5.101251321117628
preserve	5.073225217803567	4.950933250167037	5.1429744885074555
commerce	5.097447208884727	4.976913116438866	5.258535780884602
plant	5.075819332120942	4.801957578617886	4.964013630863665
walk	5.087882408184572	4.86650671064536	4.883154671369965
difference	5.0440858617351205	4.971399726161739	5.197407014397453
hang	4.919732607630597	4.901561794641593	4.799088451785776
following	5.187364454176065	4.884686312682703	5.214226923288861
employ	5.0919085685012675	4.934760029757002	5.181566285980191
