deal	5.031094201999339	5.022566554691758	5.138096776673382
study	5.264636308143083	4.934773659048087	5.277974701333354
afford	5.160283342436343	4.9665884446952475	5.2455433790413615
service	5.1740964401740595	5.0453406248047825	5.325667870348689
height	5.014773745519458	4.8800098665574865	5.033363257358347
prospect	5.127422517838455	5.011850484618896	5.179541389539657
pleasant	5.218654879127512	4.856527868947727	4.9793113663321735
shade	5.087685332720052	4.856975540781825	4.939738402501949
listen	4.99372298496286	5.0853581080060355	5.039262105253972
mighty	4.960995857296971	5.040673406697515	5.081070567133779
country	5.095508198853804	5.035110283984543	5.297548647077827
title	5.206781849467371	4.994730714245263	5.381654328024314
choose	5.117070249869307	4.975402720792243	5.224824410386598
village	5.125582987116961	4.923020520740419	5.082381497034487
acquire	5.196895598642728	4.996926593964397	5.329645737997647
rank	5.10616175419895	5.085257509751479	5.303518010088239
bow	5.018642537772706	4.976334302752771	4.990008573982704
doctor	4.997675162213928	5.008127660323664	5.035591566647033
talent	5.233077948509088	5.0442228797432405	5.3582386037611105
source	5.141807486431706	4.9916707230462585	5.270942045484347
lead	5.025696237633459	5.047306690647985	5.166448037514116
question	5.027875604503997	5.070253359987845	5.295244184378432
publish	5.230861228660354	4.967926643989107	5.378415080812083
interest	5.128439606647682	5.063161985394248	5.327422350712212
serve	5.034641857563955	4.98617739498186	5.119217438542699
divine	5.094995071578741	5.037752600533405	5.263487594357676
put	4.939031451045633	4.940565907178461	4.971426974531041
shadow	4.995349556532843	4.933450652928899	4.97732005188584
practical	5.155236412723356	5.004785596760787	5.364532829559381
surface	5.012688606356454	4.809291182962333	4.946866314411643
account	5.085220267524269	5.006921920523743	5.233490660794328
loss	4.917436460039404	5.108905399669101	5.146505569836055
indian	4.940145690930573	5.0535858741753605	5.130091189159409
vine	5.095594557870954	4.798025675143852	5.002409403449796
certain	5.014569024851133	5.050317497496948	5.23027610188116
sin	4.828253820730597	5.142241968950983	5.100169631217925
necessity	4.970233831229979	5.1043295659099615	5.286136450977596
lose	4.9485035304356435	5.071839472547791	5.063725252876671
private	5.08880790746483	5.082975823788248	5.323510612570463
gentleman	5.1488077586136045	4.983688093756888	5.156708869290965
daughter	5.033109394508982	5.074353469885653	5.093419032203635
drive	4.802553971155798	5.105930728687035	4.966618797449666
strange	4.929812189791442	5.062872463666283	4.968784061533138
journey	5.123462373221353	4.950469061704299	5.057257496641405
uncle	5.113350706037782	4.953431096164057	5.038638557370802
species	5.017077646876116	4.951000897556227	5.147782855318283
think	5.013095731214297	5.047684043271903	5.087062915389683
bed	4.964092259064657	4.845128575440731	4.809290748847736
wind	4.888141937479323	4.963079175274885	4.873969539845707
bless	5.05847749353286	4.9792557671276345	5.018979664959619
destroy	4.843920528924372	5.112800186264007	5.124266471290913
author	5.204718187672924	5.0134766213222655	5.3269323488802245
sustain	5.007683564332314	5.075591979036936	5.278097609936631
black	4.920062024628683	4.881678515725802	4.851610253815029
event	5.053620813917706	5.115492760465173	5.2936433668506995
liberty	5.047124670153171	5.139617460626346	5.349824090030043
negro	4.92070846043853	4.9845107160139435	4.998941455643918
little	5.087927800317481	4.914982872807163	5.017313572677372
fortune	5.075041831503347	5.091395807914559	5.194402131632625
touch	5.016383202770198	4.990841761280402	5.020243649235239
kill	4.749255295184642	5.100655821454113	4.901905272218892
feature	5.066906305753243	4.971755972134126	5.102280459942282
happiness	5.09629544622568	5.096948585140778	5.247949409668198
assume	5.043587086112342	5.058875830455482	5.23432234557953
notion	5.0564269672988065	5.011560744484103	5.1899909166352955
purchase	5.158732568790159	4.889585892200331	5.178240129502345
faithful	5.118751631071371	5.086785256807831	5.261198634461223
soldier	4.890825788673174	5.177984018911164	5.111600005814392
father	4.969157518700522	5.079826630379773	5.075142337525029
narrow	4.956653156918369	4.908983446238493	5.0015015433075485
great	5.088332147331233	5.0279329525875855	5.261821484231013
tear	4.873276741252952	5.021905983640042	4.882343619203063
honorable	5.124244150508692	5.140982292378701	5.4001945085207295
previous	5.072349240096174	5.0031560404995465	5.225611104520076
good	5.08555568626561	5.01338503649706	5.151197811277948
domestic	5.1351721278461	4.984535421439868	5.222756725161416
glory	5.123280887150019	5.025358626174545	5.190542749935295
lay	4.959271386681067	4.916381675300258	4.9604259044912595
occasion	5.053403211801847	5.082941819755179	5.238749130049583
guard	4.877841029966598	5.13655671501342	5.10593382971719
whole	5.03507166365992	4.977502381615084	5.164963875494402
mouth	4.941078865430927	4.886486701482638	4.848525406217713
receive	5.126766031409867	5.0085057545377545	5.249629589826223
take	4.992506087819764	5.0011553494671555	5.084521273729407
simple	5.141876379228968	4.922211532061127	5.164620397372411
error	4.9478603527642395	5.121059637858912	5.283314849142747
wisdom	5.072582223670114	5.100407362599816	5.292559470473382
rock	4.913020653658222	4.897595504398486	4.881270272521197
decide	5.035962966195771	5.1036904110281975	5.33038500888272
exclaim	4.88827510627589	5.076356684077026	4.911320077463012
assure	5.051423139536721	5.088782003650898	5.183172932116116
sign	5.006184390174442	5.001570648496034	5.131846303118237
preserve	5.100551274497654	4.956228283506997	5.190302550242319
commerce	5.10607889369298	4.991277381061249	5.301601715975699
plant	5.0729679048668945	4.811992590237059	4.998269141158915
walk	5.104721786667704	4.8742682452928925	4.919200616512761
difference	5.05340363873425	4.979014863541707	5.232190931898717
hang	4.913042772459643	4.900639377339482	4.824827421424107
following	5.227690344845069	4.904285944317354	5.265644555335389
employ	5.109482541393443	4.944370218575373	5.22569830461308
