deal	5.080810396559555	4.996436505617371	5.148663226269802
study	5.299560497016106	4.888050563157055	5.280500880025369
afford	5.203505228724037	4.927151459425299	5.259488352265268
service	5.2134711083446135	4.992888634739484	5.324783121282357
height	5.069051838887243	4.8641920063287225	5.052274710709592
prospect	5.16890280092857	4.963560507054145	5.188041871147535
pleasant	5.239095653273901	4.820659285199033	4.986848681275322
shade	5.116765464217058	4.824257645867856	4.944662750568377
listen	5.020309143070424	5.039977662010093	5.035181497281406
mighty	5.016688743994265	5.013632952654734	5.094942695454534
country	5.154940449121393	4.997119333427606	5.319832226889294
title	5.246077992248042	4.9601511145490065	5.3842303819862405
choose	5.173969328467594	4.934188879517632	5.243900575999788
village	5.160327736123491	4.893528580248218	5.104184227660215
acquire	5.248570800223719	4.955581614727164	5.34584937556348
rank	5.146635064053211	5.0350856759082685	5.296607708360495
bow	5.049892442088412	4.945604435564185	4.982357994406495
doctor	5.039597894192182	4.971988035163801	5.0410205368650285
talent	5.267843580910721	4.999418422115133	5.358612444950206
source	5.193145773066963	4.952119023679643	5.29617293506107
lead	5.07231166955953	5.009186969715291	5.174500137869798
question	5.097131942571915	5.022433626278178	5.309767436181529
publish	5.2698379556490895	4.933070521756749	5.385032819688642
interest	5.177921992503258	5.015509440075812	5.339644983620379
serve	5.085048192845355	4.950043652080276	5.1279209867941145
divine	5.145681068601862	4.984598619167584	5.2706842112044345
put	4.997123479977624	4.925468631435891	4.986895291069301
shadow	5.038933769157838	4.900510238018693	4.984330019072407
practical	5.219253574278139	4.9589371700175775	5.381195904355331
surface	5.077318110352415	4.796068389382863	4.9758800240668135
account	5.132792435099268	4.973982258544039	5.248140736491643
loss	4.971672084246871	5.077134813333416	5.171570455647297
indian	5.001472946654959	5.023220805022093	5.156538430165112
vine	5.159241617482018	4.776598547312523	5.0318422843435116
certain	5.076209809606776	5.008806974641828	5.248884154522948
sin	4.887039601839057	5.101372340025933	5.116407010613892
necessity	5.044351323721643	5.053978113224607	5.306774048951238
lose	4.99265618351447	5.0372464859606625	5.075987396007736
private	5.1321881120160855	5.038160315196914	5.328700355285917
gentleman	5.172367298516215	4.949669478648048	5.152263766016363
daughter	5.0536908132392355	5.027749006776221	5.0898899731236575
drive	4.861141789373844	5.077746481551162	4.983825549578059
strange	4.96053227912691	5.026678863730243	4.9722187977224195
journey	5.148004688850538	4.923439161957175	5.069170899920256
uncle	5.1388765514712205	4.93060553523214	5.0477473832893995
species	5.080229557825479	4.9337820490231685	5.187167265726605
think	5.056051275633351	5.01072592125685	5.093865292500713
bed	5.006288056913728	4.8269030346760955	4.831119269395421
wind	4.942567057537593	4.938219418869893	4.892367434684672
bless	5.095775880009615	4.940980171076566	5.026126451816221
destroy	4.9115519228093305	5.080768383548924	5.155721487882027
author	5.234344264381338	4.9744620100744035	5.3268177849225555
sustain	5.072066823033084	5.031244882417472	5.292872565835773
black	4.96533957954638	4.8651023350160045	4.863019885313089
event	5.102962875147691	5.061798261370697	5.30156497136156
liberty	5.1062374674357125	5.08522100324992	5.359757033289244
negro	4.978262109282382	4.966152978797135	5.028526361984315
little	5.125415839504013	4.890178650921121	5.029556416222391
fortune	5.103086223974252	5.057226748108806	5.196763353349637
touch	5.048106904758988	4.9570271885622885	5.017950328835747
kill	4.814000340461132	5.0839958302431185	4.933396974163439
feature	5.098907354774402	4.9279280696344525	5.093815695367633
happiness	5.138799127929889	5.038494150854906	5.2545743925338275
assume	5.09443505341145	5.006475388864116	5.235459367883447
notion	5.114320280662677	4.9784546516769135	5.197411025250008
purchase	5.2012599242394115	4.880395254415411	5.212510378765006
faithful	5.148874568425904	5.034322160559316	5.25421314271999
soldier	4.936323590641282	5.13370111698598	5.1077820758407775
father	5.0083732315492595	5.040725211989901	5.083450522896045
narrow	5.014397213803874	4.8926316780460715	5.024393124656913
great	5.14400867530928	4.99028841761996	5.276746725527254
tear	4.911977489211246	4.989862001042988	4.888492150660172
honorable	5.165635350108678	5.089409173055284	5.397826031431002
previous	5.124462847336678	4.953434066289679	5.2380254172908804
good	5.130325712365785	4.978310335864849	5.161174998056118
domestic	5.182521699786248	4.9380930291209015	5.238623645457767
glory	5.161856883303419	4.986151803616839	5.191648550969797
lay	5.008051065922265	4.897302904056465	4.974246944321505
occasion	5.0999570735599296	5.03286132814393	5.244577113471792
guard	4.92637566546428	5.089734328260372	5.103665115260211
whole	5.095749167528749	4.942571366442607	5.183157824721279
mouth	4.983476872149202	4.8842535211449585	4.86852202718778
receive	5.169671729510653	4.965569713342692	5.261518695110712
take	5.041960264402765	4.968387047488883	5.093903366189607
simple	5.185312976482551	4.883359692914853	5.173365904243911
error	5.010595374007929	5.081863935725502	5.300457052176262
wisdom	5.124858141269051	5.052220954019396	5.3006532298337365
rock	4.968791908509962	4.889778203056508	4.91073632364292
decide	5.101109632163586	5.0493505544379484	5.337368851224158
exclaim	4.920488236919075	5.0476667917414195	4.911761314322088
assure	5.092166923375889	5.046273218486165	5.186627913106769
sign	5.057209623502133	4.966209295556189	5.1400144139005555
preserve	5.150910753383027	4.914768818840648	5.199447500124189
commerce	5.174998319378045	4.959041283101307	5.3335331799046495
plant	5.135132206446671	4.791799690330282	5.030949492215254
walk	5.124537265332429	4.851993091205638	4.924602475244107
difference	5.122291846251999	4.9451406790500805	5.256834893122455
hang	4.952339991832915	4.887616513337023	4.833183600830296
following	5.268581730745582	4.85777888916221	5.26912539303891
employ	5.16193629651862	4.9187982652193325	5.245799704332715
