deal	5.060450148201363	5.026704826944986	5.140350244763593
study	5.2967998870240045	4.934521927326072	5.294544433804659
afford	5.193750716288264	4.9699239977468945	5.253562447194615
service	5.199599270001097	5.049969112398896	5.318364706016704
height	5.087738719001824	4.907340036918833	5.0739085413141325
prospect	5.172541910460541	5.022051127641536	5.194740200294816
pleasant	5.269624129469258	4.868934118285068	5.019619005141603
shade	5.141019674889284	4.876409930740258	4.9780948162172125
listen	5.033290364786332	5.095101525331353	5.0635902934624015
mighty	5.009368705833679	5.0604768863317116	5.096352614314568
country	5.121071127899712	5.040289309364475	5.284937240115358
title	5.223306072276282	4.9913092736241165	5.352594065612973
choose	5.153970211101299	4.980568314614292	5.227916664958589
village	5.175126688883374	4.925454885843528	5.107061228436792
acquire	5.225460502766632	5.0038828195040725	5.33610852721829
rank	5.137336551947963	5.094437797842273	5.29818258081619
bow	5.064584918946764	4.997507754814848	5.012508493921652
doctor	5.033336153476948	5.005788229281879	5.055623872962664
talent	5.261167084110529	5.051322380888463	5.365401217731016
source	5.166029234040325	5.000724638521086	5.26942137597721
lead	5.0592973698139865	5.057326282262404	5.172632503361536
question	5.058281346167832	5.060434251226017	5.281091967639453
publish	5.258295046744593	4.960378637437942	5.365095243271214
interest	5.149976080006654	5.06775721619625	5.315972148672258
serve	5.06761402207457	4.996669048832421	5.125635564498075
divine	5.11745721958503	5.047349725094884	5.25530026971657
put	4.979403527279123	4.955444318627918	4.986511440946988
shadow	5.050048454252826	4.948768810325437	5.00599531878961
practical	5.186180822491025	5.002497367227654	5.358058955191379
surface	5.078342587778293	4.833740869834803	4.991886912132383
account	5.11285184791034	5.005440670224584	5.231812159570755
loss	4.946495058964373	5.127434117536161	5.157065236802534
indian	4.977313187497146	5.0570011780209425	5.133833808105586
vine	5.154602855684777	4.817777897126681	5.045230887808898
certain	5.044055823581455	5.0513980962488985	5.2279654236190725
sin	4.843983938901255	5.155802382284376	5.0927720328210135
necessity	5.00176305583909	5.103157912530775	5.276735572404989
lose	4.9831124827198	5.090622736601412	5.080284876627496
private	5.110403779249732	5.083652725432663	5.304847792096105
gentleman	5.179665871370208	4.981332495104245	5.165526499623815
daughter	5.052073151341303	5.079762480235193	5.095732000821202
drive	4.846808924051655	5.122661467964886	4.982340653417932
strange	4.9687321804133795	5.069813526963162	4.991791815605361
journey	5.174450631084697	4.963503112094373	5.092025582660139
uncle	5.140699422576962	4.9576856732899985	5.052089343005162
species	5.051380454799971	4.967178638635056	5.156623293810711
think	5.044676458516912	5.052301373746349	5.099707296974545
bed	5.024023981185763	4.858661498961657	4.854788773209848
wind	4.953788181355268	4.985837635525759	4.915331569295523
bless	5.083649534609196	4.997934731276159	5.023802886044228
destroy	4.869776698525986	5.128678995825887	5.1240621757336555
author	5.223874516079454	5.012584463753967	5.3209390006756925
sustain	5.040431376460124	5.08949920943533	5.2738002006827935
black	4.97754568773205	4.891437131936206	4.882083012230068
event	5.087864001730729	5.115709486738808	5.294971016207728
liberty	5.065440887623279	5.14540588855342	5.321477493307397
negro	4.963534906750684	4.98386503823633	5.017476601265058
little	5.131414460288482	4.924680045466602	5.047545047310925
fortune	5.095620403683424	5.109719810646741	5.198682106714621
touch	5.052056713925836	5.008168311505428	5.04102095610945
kill	4.784870504841241	5.118274217364486	4.927436414780357
feature	5.111527481916413	4.981264476770091	5.122983964511968
happiness	5.11409040972828	5.105676738967566	5.241168756894123
assume	5.079260063718395	5.059808394962413	5.234746563449551
notion	5.083393482896984	5.001948887687264	5.183930279730522
purchase	5.181868885527046	4.9020922113137955	5.178519702025507
faithful	5.136676772930513	5.096327908732547	5.253106364348774
soldier	4.934415277049496	5.194435139319195	5.123150394523601
father	4.987930044489531	5.08709329944799	5.076939268364633
narrow	5.01726972533192	4.9266114086731845	5.031065977035089
great	5.123445297471532	5.037044279106286	5.264026254994981
tear	4.906549631615727	5.047777952452589	4.9038632527494554
honorable	5.136895959773696	5.145064380049194	5.376812321700966
previous	5.11582137278594	5.000869781151294	5.235528065673866
good	5.109251385703048	5.022425619171118	5.154717417767639
domestic	5.156144475197875	4.98731615387623	5.216337688667026
glory	5.162084484773866	5.051031086830542	5.197806717863293
lay	5.005568878359631	4.9384538892848315	4.982909943451132
occasion	5.087206741039972	5.084611243861749	5.242728633142827
guard	4.917454240086453	5.145209494106181	5.106596999847986
whole	5.078869597366488	4.987505723918917	5.175430309722587
mouth	4.999826561281818	4.910914938624361	4.8920277231033085
receive	5.153007980947156	5.014008367396511	5.248410310127064
take	5.0257564969834325	5.006756578611191	5.090801022636031
simple	5.177069406828511	4.927508364519053	5.177756988977592
error	4.9690673521542035	5.124952482017395	5.271999064175558
wisdom	5.097291318986012	5.113670918288711	5.290311886693083
rock	4.9805259123569465	4.923667466666802	4.924701111876597
decide	5.072460596328221	5.09572178224026	5.319654149948273
exclaim	4.926848690748373	5.089255354445229	4.936461016048803
assure	5.079700650441723	5.091753629450328	5.187857196923986
sign	5.046292286403191	5.006137114604055	5.139490010415282
preserve	5.128662464046339	4.969412280717971	5.193339409432561
commerce	5.1344171277243005	4.998098558474542	5.285590991599467
plant	5.124713646984262	4.8317869422803135	5.036001796732709
walk	5.162351920100951	4.887052794401841	4.964628687565744
difference	5.084313495615099	4.978715797142277	5.224776798417516
hang	4.970911849874977	4.920182802329796	4.861808988875884
following	5.266502728400446	4.8982976186251825	5.267125660156087
employ	5.149220716921449	4.952253992576014	5.237831246492431
