deal	5.013131577287237	4.99781130312932	5.082514537338027
study	5.242999127045657	4.884486125501659	5.217661111322699
afford	5.142479069966171	4.92794400599683	5.183354598602372
service	5.158375814676562	5.011189534053462	5.264209604434421
height	5.060411953664975	4.857732319273458	5.047876103006897
prospect	5.12854773177522	4.9858109693166925	5.142646095206485
pleasant	5.21686708622244	4.852242569874412	4.981571979235689
shade	5.124366087926338	4.842554999931143	4.965019865809422
listen	5.00738074128211	5.070051331528203	5.036154518763266
mighty	4.990069864077755	5.020851580347142	5.077736773932066
country	5.0883157655708535	5.00141947336937	5.2354384176834285
title	5.198404730225448	4.953816479438397	5.308043971383504
choose	5.120165543894859	4.94864872164459	5.187113779750264
village	5.117175129533859	4.920332816167955	5.0658233647816004
acquire	5.182827378637342	4.947906038617911	5.260967285689266
rank	5.1123095908666265	5.050028722569378	5.256573436167455
bow	5.053408082402041	4.969495689212266	5.0090348387737285
doctor	4.974058151449544	4.981421538251978	4.985638664212569
talent	5.215102394336593	4.998153690055482	5.291756486226563
source	5.137610316881261	4.945461074492806	5.211210289775267
lead	5.02582403184394	5.023669706770664	5.131034808610519
question	5.020443235096704	5.027110826680292	5.223335024847964
publish	5.206279032360839	4.923559724093285	5.3000230325211986
interest	5.114857309319822	5.0209104512499385	5.257435384779505
serve	5.0327239129661505	4.956671887693476	5.0790987557370935
divine	5.114869211769485	4.98469783512375	5.222084511206923
put	4.937749793577849	4.925910366839915	4.939888843608815
shadow	5.0405010078713595	4.915339147032038	4.996354433603025
practical	5.14081667416147	4.947586249874862	5.28410470534074
surface	5.0479578370264155	4.791088215269998	4.9584470226995885
account	5.059727125335608	4.9717003679834235	5.162273746889826
loss	4.908733817545446	5.078623631699594	5.092507306943498
indian	4.944262676607763	5.043617563526473	5.09857143784117
vine	5.111017506378763	4.7695983545949625	4.996610230592252
certain	5.010806893113082	5.00931707361728	5.169236061727459
sin	4.846799657006253	5.098971401081781	5.062731773239096
necessity	4.965128656655424	5.057181320095609	5.213849468427876
lose	4.957245013904404	5.047365050477114	5.036728903713541
private	5.068525102289935	5.046791388364883	5.247831287953051
gentleman	5.121171654356451	4.968763714630742	5.103719299439233
daughter	5.029179274639875	5.0535557756165925	5.060646970409284
drive	4.821340387967251	5.099580774794509	4.955534964063081
strange	4.945224855205406	5.047881644792392	4.962083363892651
journey	5.110351182075096	4.947378050984078	5.041827225864505
uncle	5.084576064449365	4.945390246111278	4.997387857638388
species	5.02108243530403	4.915997094713449	5.101391931403051
think	5.005026279600935	5.023285052217549	5.048596478203834
bed	4.980598416608323	4.843687064697259	4.828259167731374
wind	4.932932679515798	4.957212259766684	4.901747685558573
bless	5.0707595819812745	4.959675327761477	5.009932094774802
destroy	4.855452298009053	5.077225344232671	5.080697375254703
author	5.184504683465601	4.9670395244481815	5.256423086300445
sustain	5.017735054259663	5.030482259957904	5.223940869920313
black	4.961509388443429	4.878324003719973	4.873675986248035
event	5.04284045062998	5.073554985901024	5.231880790638552
liberty	5.045465576853564	5.098615924738094	5.285625486881265
negro	4.907016585808884	4.975445311446612	4.959695965328993
little	5.07821646104796	4.9011496170810505	4.994047212438181
fortune	5.056168973858992	5.066640564275667	5.139190703984675
touch	5.034772950648717	4.972352443745246	5.0156013296054685
kill	4.7494172038338345	5.0996022888287165	4.891853364583014
feature	5.1003107784930295	4.942251370940338	5.094323322996158
happiness	5.088645780518998	5.050818473188194	5.190208595740913
assume	5.060733699965674	5.017869350506311	5.188110462068921
notion	5.039668826159845	4.975520079198124	5.122849717444803
purchase	5.135836666524365	4.868109037314962	5.115775991876981
faithful	5.112498493085209	5.057988958712891	5.215929476683274
soldier	4.903934812658609	5.165875774002224	5.095440802693551
father	4.96796013926859	5.062298892110367	5.045582547117821
narrow	4.98611181336415	4.895822513333741	4.999638409586801
great	5.08635694175949	4.991300240269944	5.20920475887353
tear	4.904460696089681	5.007221643295186	4.893012888920861
honorable	5.107323425773799	5.102970081761908	5.323873089986937
previous	5.065073139448181	4.963562320792773	5.16661218124208
good	5.064104079443574	4.989427653629611	5.096718934995775
domestic	5.119237432469892	4.944817215764644	5.156722728211377
glory	5.154190263050929	4.994900310351163	5.180378988873702
lay	4.985498920328118	4.906285826665558	4.963808441841645
occasion	5.037869057889522	5.051244384858772	5.178493680511321
guard	4.891924687624932	5.12230946356494	5.082283018587257
whole	5.044713270860562	4.94469020568756	5.127292122960944
mouth	4.972835622087199	4.8939082017162425	4.8763713783459135
receive	5.115130377341633	4.97813418181529	5.190604848320217
take	4.981178769536878	4.981384926124333	5.039521117318201
simple	5.147228606840282	4.8827290128274905	5.128099009408336
error	4.944555041117304	5.068089043787994	5.210020975518354
wisdom	5.08184230893465	5.052331282308961	5.24366758268686
rock	4.95904342265022	4.900702486207858	4.9217167667884985
decide	5.031993984698616	5.062543696445536	5.262081875012663
exclaim	4.898407838384171	5.073621231638449	4.913981224966493
assure	5.038909059008532	5.067837030891348	5.13746856145004
sign	5.019821959638871	4.978583207969737	5.104179146299704
preserve	5.103906778613809	4.9133176296336805	5.145273756798696
commerce	5.1029400628783135	4.954675463061004	5.234273609558423
plant	5.088959160485392	4.785512476049614	4.993741088561004
walk	5.112865390987083	4.874470399122947	4.934607017187042
difference	5.046079108729926	4.935708677494685	5.164928649821411
hang	4.955461063345798	4.89937874600547	4.856826928423249
following	5.214481023841363	4.866374886239691	5.209621656270408
employ	5.099513182796285	4.906607071017591	5.166994988814084
