deal	5.02059390484395	5.006674874146932	5.114004090152893
study	5.247641383822104	4.900570526129238	5.247173934780612
afford	5.151651608001695	4.934708908276359	5.218267060509791
service	5.162251364008263	5.014904739013668	5.29737731534074
height	5.0627200561677395	4.859057622199304	5.045019798730044
prospect	5.142573313103156	4.98540322227898	5.172341635258981
pleasant	5.22724941763669	4.837595668901506	4.97979631646464
shade	5.11970450527518	4.839013678649099	4.957818289959705
listen	5.013137375284855	5.082708563698336	5.048445991040247
mighty	4.994416209800008	5.030929930558638	5.091963501843789
country	5.089391007379644	5.004994492478792	5.275078977374601
title	5.198696057966672	4.9578376036682466	5.355848665090264
choose	5.130459147247261	4.942170996278116	5.213392804604965
village	5.125876824127261	4.909444032597715	5.079785337225145
acquire	5.1866375982996065	4.961641333125704	5.302450199984062
rank	5.1147059793275345	5.0526526740065405	5.287766292063879
bow	5.054526419854588	4.9706852849456675	5.003619248439094
doctor	4.983152659409303	4.997097964645458	5.008956069465167
talent	5.2199277431315725	5.007771231350717	5.328463425798083
source	5.142497253758661	4.958720146998395	5.256421223073565
lead	5.037383202202974	5.0315443894511365	5.159430750809236
question	5.0323344781247785	5.041118681605967	5.270713195556695
publish	5.209102090688771	4.930572502677605	5.339446358612917
interest	5.118490503626996	5.0326683715049905	5.302092732130995
serve	5.037215345770251	4.960530431668396	5.099208272723719
divine	5.112213140755578	5.006218032166793	5.258603568635419
put	4.948751833839445	4.929762659078371	4.950833286446897
shadow	5.0425019207422705	4.91943171827731	4.9995907118401135
practical	5.149215532601601	4.960974503427667	5.3263727797431955
surface	5.0509678069610136	4.7929296812095	4.955705817524696
account	5.067024001105923	4.979749082152165	5.201423068783558
loss	4.9105915721325655	5.095978378279486	5.133876347763264
indian	4.95264989958702	5.0412009498745265	5.1313470082181745
vine	5.1150590562962845	4.776191485843861	5.00232672354219
certain	5.019827315594712	5.020955981561386	5.210287345587773
sin	4.833913216197711	5.129831075160125	5.098516908564165
necessity	4.975084241215958	5.0733629531436994	5.26052928099252
lose	4.965940731029537	5.060096335368214	5.065657809071667
private	5.076205565017248	5.057175556163883	5.29265310286086
gentleman	5.133194832889576	4.965261656674056	5.1288487369404425
daughter	5.021209519476613	5.065909734363759	5.09009153681415
drive	4.826617971927971	5.105554096614695	4.972537054164128
strange	4.94426001565391	5.057705264441194	4.975497658315913
journey	5.130455201154205	4.946398375552098	5.058820029200367
uncle	5.096931339182614	4.949997578738049	5.024775696766915
species	5.01992481992415	4.926755338796531	5.131210093515328
think	5.012718555286861	5.034204336597742	5.076298710343649
bed	4.981295336356703	4.848662477975114	4.8158329768156785
wind	4.935007178700526	4.956947633858856	4.8918108555501565
bless	5.073035132382293	4.96889693355228	5.02821706537483
destroy	4.849984972904007	5.093265018411911	5.117124963620417
author	5.184425281620046	4.979171954409069	5.296613182817357
sustain	5.016175171902234	5.045011270222203	5.2580914205978395
black	4.947260390335196	4.867573267529533	4.857414520815219
event	5.052518833763686	5.088588193504628	5.276169380523524
liberty	5.049705133900606	5.105516497762882	5.332058101515088
negro	4.90962433594894	4.976821355425966	4.9806343958730155
little	5.086242544888735	4.900605072110563	5.006079338518393
fortune	5.059248934259417	5.07903739007206	5.178976410597394
touch	5.038284261403461	4.980813000457775	5.02622035040598
kill	4.7551607559714775	5.111426155591388	4.910480634202998
feature	5.091346599025499	4.94779705745596	5.103484694907359
happiness	5.093520013502846	5.068265292919028	5.234734635997362
assume	5.058644469696741	5.024421003060108	5.217381187504168
notion	5.048937393016173	4.981481252801348	5.158276901737415
purchase	5.136106268187158	4.87950041359565	5.157112271493084
faithful	5.114763726432436	5.069818494078432	5.251924203552201
soldier	4.911297259743004	5.174852311237204	5.112518572889312
father	4.9639761153022155	5.080787046483789	5.078615024502503
narrow	4.99291431977601	4.8996588711662135	5.008061073174592
great	5.093205896486352	4.999648288274376	5.243798376010956
tear	4.893050620325969	5.0235691796953486	4.898254467963175
honorable	5.112691590037908	5.111379441734086	5.373069548059756
previous	5.0741908800685245	4.969502251149141	5.200064189768399
good	5.074846345850665	4.9933019912790435	5.130139335796335
domestic	5.115874196964607	4.9491772109936365	5.189903935664596
glory	5.1550709596503514	5.000210065070295	5.20130070866439
lay	4.98556173568135	4.914822296997935	4.968296864501166
occasion	5.048965499697557	5.056322821745352	5.212536425586172
guard	4.900466275379673	5.131830984411115	5.104177920385728
whole	5.048575845745603	4.949695127575558	5.1479476239625654
mouth	4.974848048315487	4.891404790803051	4.863690785716288
receive	5.119375956356663	4.982771109792087	5.227615511416662
take	4.994345282237035	4.986649455009686	5.067014073321973
simple	5.145640821717369	4.890580106187034	5.1478126941575955
error	4.944123426516713	5.091227440388532	5.2581920285735935
wisdom	5.08503762130432	5.0708303776290755	5.283635883515976
rock	4.961596478677443	4.901213385639458	4.911280174987612
decide	5.0490472115367275	5.070693187161458	5.306991155744845
exclaim	4.9039548062271745	5.088598840314738	4.920738789352966
assure	5.054909436551125	5.076750293953798	5.174198803087628
sign	5.030752752458467	4.986959105368024	5.12806729366122
preserve	5.10187876186927	4.9210438152558345	5.1701008786625655
commerce	5.108399295745441	4.961093821384924	5.277023642024507
plant	5.08839937989419	4.791194197506896	5.000674430602243
walk	5.1264685881926235	4.871386601566042	4.92646599908182
difference	5.053974537557499	4.940304450844304	5.203852415450158
hang	4.949877158992979	4.900253312551989	4.841132179380737
following	5.2261194232785755	4.863360174549845	5.236880469845694
employ	5.101546348781458	4.917780344481276	5.193230915373649
