deal	5.016346567467212	5.052849294874183	5.076076291970696
study	5.295335989284933	4.922819374530723	5.233825177703597
afford	5.187799943864571	4.964823183310836	5.205676597504128
service	5.174544192179449	5.053534103296703	5.269455015669151
height	5.058521209317103	4.886058270954327	5.034548145182323
prospect	5.145940125020422	5.006585303763716	5.143560800209902
pleasant	5.228274626354853	4.851820371069454	4.9528466673559635
shade	5.113678470860987	4.852653463385011	4.933528323197117
listen	4.974787975377859	5.099830284109422	4.994066546823735
mighty	4.973072910049186	5.065451805285842	5.057813675645224
country	5.114980891051557	5.048096143413376	5.253564254950212
title	5.19815140103044	5.011575019139075	5.312546254721745
choose	5.1248410089629095	4.988806727948341	5.183006312407767
village	5.1425501258350685	4.92502248600062	5.058321517774175
acquire	5.230088664035552	4.994295946252936	5.288705727641454
rank	5.1118058991799575	5.087126469225324	5.247916805586833
bow	5.009120802995992	4.989258530352043	4.95751338738868
doctor	4.976932322787889	5.027759166325738	4.970247134205756
talent	5.249190475417892	5.041593025503868	5.30308893833693
source	5.171972434842708	4.993070725647478	5.238682263125367
lead	5.033599449616975	5.054185220261527	5.1237967918549066
question	5.031836259288985	5.089676534814302	5.232885772801005
publish	5.236962770228744	4.977931610158048	5.313037077635812
interest	5.142994314559654	5.071072334732366	5.275610523586353
serve	5.03484624407401	5.005973832701797	5.075631884591815
divine	5.112602521100854	5.046077507910743	5.227650326429108
put	4.9257771726731265	4.979305546646123	4.925849751650409
shadow	5.0144526656167745	4.938150980876724	4.9642466474621205
practical	5.18915127311438	5.008182824205327	5.312431988787101
surface	5.065094955792554	4.818611309255594	4.956053192552978
account	5.085638683416311	5.022952448568973	5.17462911365299
loss	4.919128509324216	5.141315477666563	5.110331357422285
indian	4.947039767545184	5.074362833183353	5.095180080665618
vine	5.148304891027179	4.80371069460763	5.006171343074977
certain	5.032252768612252	5.063335832311411	5.18576656180833
sin	4.816496912391504	5.181274880528927	5.059276317759573
necessity	4.995017921768533	5.118459493097067	5.240929783772794
lose	4.9465333009314785	5.095618055356212	5.031181917943292
private	5.08615779804456	5.099191054225289	5.260044505910358
gentleman	5.122804506891536	4.992638956320075	5.081049975156625
daughter	4.996159543548811	5.0885797546826925	5.034266685027209
drive	4.795532102329267	5.135616403488101	4.9344987648522345
strange	4.911870467803644	5.081861202783122	4.927807845239693
journey	5.127680881603302	4.9545915416364235	5.028775518639123
uncle	5.073704205070948	4.973968979104624	4.972796643361789
species	5.050336655972053	4.977812708298674	5.129602800123316
think	4.994273505809273	5.070643674623413	5.0324115902342985
bed	4.970658842869457	4.866156551765263	4.800806955853563
wind	4.905751906949283	4.980670089649941	4.8682063597926675
bless	5.041845705317737	5.0066777858741895	4.9865352570943235
destroy	4.855285716993435	5.144363893552288	5.092805674545678
author	5.202684913995269	5.02122046081974	5.261329465018573
sustain	5.032090857792888	5.089582520790439	5.238580633208714
black	4.9162333606360145	4.901396139133497	4.82681470217564
event	5.067930620870297	5.11798488014463	5.245031448179825
liberty	5.050297868819886	5.1569542198254466	5.291364925704245
negro	4.919383292023625	5.011537892978228	4.957673469670961
little	5.090215416698451	4.925933801606575	4.9794794997140395
fortune	5.056286766334236	5.109260756334525	5.136297961002441
touch	5.01005106409749	5.005009151633224	4.9832411764617675
kill	4.728832532878825	5.149287782482618	4.875306915530153
feature	5.081239315917594	4.9617387696875594	5.066693415733097
happiness	5.10501889544942	5.102617769948497	5.204474166815918
assume	5.0521278836547285	5.061268769497065	5.180581251411323
notion	5.050212454455965	5.0300394183044235	5.117551046793534
purchase	5.161269336276447	4.923292452102256	5.143645253630397
faithful	5.102788248569144	5.097374896919532	5.202166901680461
soldier	4.874793854147516	5.201707257038679	5.064718491465039
father	4.940642952130613	5.103896273057735	5.025419529628804
narrow	4.991880190444641	4.91941421106175	4.992077094175026
great	5.106152119932154	5.041072740385047	5.220315456909268
tear	4.858911337174604	5.0505049408778	4.859477020866382
honorable	5.108693173932765	5.154816237398244	5.325277873971187
previous	5.09351719323315	5.002514431712427	5.17903949095109
good	5.071096778917336	5.036359386615404	5.0920569059889775
domestic	5.151870077171023	4.9933533694007295	5.174860780408064
glory	5.133854634201845	5.0389831455871334	5.163765748041734
lay	4.966657546670123	4.942148779612388	4.939377944050328
occasion	5.057208413970598	5.0929768068751455	5.18170866264696
guard	4.865715783581167	5.153858113211633	5.0547336512430485
whole	5.059377786779759	4.991756172441103	5.13262522786908
mouth	4.939141278354769	4.910440032043048	4.831645014523446
receive	5.130682139329257	5.01886702825795	5.201178436393704
take	4.982869101549485	5.0229125717072565	5.0327366252563115
simple	5.165248864787088	4.925817621293001	5.128611970299277
error	4.951521132709677	5.144150545860673	5.224284032241667
wisdom	5.081875836514582	5.1116295451513585	5.24597414473346
rock	4.94174449709356	4.9173826848920505	4.89075657819808
decide	5.041155579496425	5.115139165241053	5.266160013198714
exclaim	4.852838765509817	5.102920209615831	4.865007440016901
assure	5.037047137771112	5.102055885744351	5.126352561171533
sign	5.0114731454083765	5.0172639224251245	5.091650773207527
preserve	5.120348371647834	4.96058730028945	5.152584981278167
commerce	5.13634071374841	5.0090085562997695	5.263094024797087
plant	5.122130932059248	4.820863573231698	5.001038347319136
walk	5.105555125511486	4.880724036338808	4.895231838489604
difference	5.07635385274245	4.997385853566564	5.185919060319005
hang	4.905498426883862	4.926113248984431	4.805288581125958
following	5.240069225524621	4.900150735679231	5.210224174494279
employ	5.141336459305619	4.957374702555768	5.19197156685881
