deal	4.985304888815644	5.017620466180902	5.056593019450274
study	5.202918393477521	4.9263988136456875	5.18542498620068
afford	5.109185448226153	4.946132755715862	5.155311055268598
service	5.118512059954387	5.024000866119069	5.226641535409351
height	5.032184173678281	4.8724422925778805	4.985587992305686
prospect	5.084266362082878	4.998601646704116	5.1010884793266165
pleasant	5.178639716516616	4.857001349312698	4.919445425048809
shade	5.089275264152255	4.855942243200138	4.900556115881438
listen	4.968986641731824	5.099536308437487	4.992062292588069
mighty	4.961432542792357	5.034517839528398	5.027752618539497
country	5.057194447083662	5.01476677086325	5.21125603739788
title	5.169401583398652	4.976532082654175	5.297000009067505
choose	5.093712150504703	4.953903210712266	5.15427009421298
village	5.083223464423267	4.911375407977996	5.015573572567873
acquire	5.146677354156705	4.979972803269593	5.2360730524043575
rank	5.080951184265143	5.064046700625836	5.220771229482833
bow	5.020283926470281	4.982854663574414	4.940903017791609
doctor	4.938138893533503	5.010507134072909	4.951267463554624
talent	5.177979438365012	5.031560637581121	5.263460586960584
source	5.10750982819388	4.974747520851406	5.192461436046945
lead	4.995889809054237	5.03852260911668	5.099615952214082
question	4.988154944273393	5.057734962405339	5.212761161004073
publish	5.174267672687842	4.950508517630832	5.282432964466513
interest	5.078086245630488	5.049170884041095	5.239482024754494
serve	5.014789079857164	4.96412484967292	5.044335496723306
divine	5.080439400155165	5.029111466742216	5.1983742866649
put	4.9255935999050156	4.929026210258897	4.906110938601119
shadow	5.0043965663776095	4.933325549828259	4.941248426473363
practical	5.107807558912743	4.984516750682643	5.265765797706054
surface	5.026936710456735	4.804490915837761	4.904325256448482
account	5.030979941265257	4.99179329370126	5.143925198865108
loss	4.882075853604405	5.099877579549675	5.075005424263282
indian	4.933192634742811	5.0330543601802455	5.071341376334744
vine	5.086405012160777	4.7908285280845595	4.946629788251676
certain	4.983664912275253	5.03253000113061	5.1546601143769815
sin	4.814880740054809	5.142616771509753	5.049628217900165
necessity	4.93715308050517	5.0804596153956085	5.200036705366527
lose	4.926308018616378	5.068516597453955	5.0080610017016225
private	5.030455010611089	5.066843007582085	5.231135884127487
gentleman	5.087297331013778	4.976645258352889	5.0677509935813045
daughter	4.978680992756125	5.083051775992044	5.026553960761249
drive	4.797944499970731	5.097311256391293	4.919337694535568
strange	4.905231039049405	5.072247722405227	4.926592339805556
journey	5.074680125045674	4.949834870146157	4.990698956614712
uncle	5.040728442985918	4.965656069442417	4.95999310950226
species	5.00499185613687	4.936445427052111	5.0833024753583205
think	4.969085154758927	5.051367541457218	5.021257459962448
bed	4.948331759555163	4.851005900418597	4.7696040142139395
wind	4.900553296486316	4.962451637193696	4.840379623964389
bless	5.040247254495004	4.983012231942345	4.967042307995387
destroy	4.838388068639703	5.09232030420012	5.064452802858851
author	5.152513230708177	5.007913069830349	5.2426409098265365
sustain	4.9843051643982355	5.056893524555297	5.1936390751515455
black	4.937947233284808	4.8758241543016565	4.813223286971954
event	5.004047779257077	5.102098834964007	5.210562037533894
liberty	5.019932927311555	5.120561440738049	5.269093978687623
negro	4.88835727318568	4.973839044737088	4.933799303785244
little	5.049530465604107	4.913080238563272	4.950363088580735
fortune	5.015876929048657	5.088857975104845	5.112992306568184
touch	5.007401803696618	4.996436802850771	4.972834282664393
kill	4.744028041507726	5.097609059968138	4.866005753209086
feature	5.051685025362298	4.96992686041329	5.040707953705214
happiness	5.048525206479008	5.087522536027754	5.172152774515131
assume	5.018371917179627	5.040658152294346	5.153462258469066
notion	5.009672491708578	5.002366695555154	5.105730304287448
purchase	5.103007679401819	4.880580198125859	5.097536061886793
faithful	5.071487128703575	5.088370870510329	5.1866581357503145
soldier	4.874894031160381	5.170969573536626	5.048753915683246
father	4.926746482228276	5.088022441962498	5.013834133232366
narrow	4.957650783140215	4.901189175540697	4.952313725521719
great	5.059977514115626	5.009026857808907	5.179029193742955
tear	4.872290350488907	5.030367144086238	4.845554548019779
honorable	5.069782041254941	5.127806000435251	5.307467714511662
previous	5.026920313244396	4.980570746624413	5.136218953151096
good	5.039141361969508	5.005106649739778	5.069617245166719
domestic	5.083781018448811	4.965110880678861	5.13146212632953
glory	5.123564965364428	5.015803821002615	5.1324372398949185
lay	4.963186544232246	4.9120375624492265	4.913211151516805
occasion	5.007489622570087	5.065322477951188	5.1514790244903095
guard	4.858091774745788	5.126787148255794	5.043733787605981
whole	5.0187903506669675	4.9552831833870865	5.089791999462628
mouth	4.951825403425798	4.891191893357755	4.812241957511658
receive	5.082709740553959	4.992013302892513	5.165983460940901
take	4.958079987850488	4.988300291634334	5.010118633863696
simple	5.113975658210275	4.914152912669652	5.093020106243949
error	4.913677475178707	5.111660517103307	5.2074494972127665
wisdom	5.049471546496072	5.090642730285224	5.220452321211031
rock	4.937054462641155	4.897899557828506	4.85584629984722
decide	4.994403770039037	5.089156813774352	5.246313534601705
exclaim	4.86518573620874	5.09199337964329	4.864753868683561
assure	5.006771266592627	5.086530148050485	5.1115472812761
sign	4.988843223780072	4.996007074092159	5.069276550158659
preserve	5.083562089850552	4.928898234359501	5.108735307606135
commerce	5.073722142383004	4.965027485366159	5.2096097539901605
plant	5.072647459725869	4.802007803990702	4.948007169089139
walk	5.073017118580887	4.882665535749889	4.868576985728521
difference	5.027287128191306	4.956436074186232	5.151156660658454
hang	4.922576395777294	4.90813738433282	4.794662746183663
following	5.18241777586275	4.886408615440253	5.176187194101678
employ	5.0674651357436105	4.927914634345997	5.136161313778446
