deal	5.061684613133658	5.010945835018838	5.124310169011876
study	5.296054017277732	4.895827828278392	5.27681261048927
afford	5.195602622224067	4.949104859362393	5.248655888247296
service	5.219478733982425	5.016440946492485	5.323372256496391
height	5.101007854555527	4.870323321069493	5.073570777143172
prospect	5.185779698995864	4.990247442311273	5.198947054769234
pleasant	5.273410333578328	4.832779972347616	4.999073732653135
shade	5.175514235093159	4.8297466462582666	4.981282949973297
listen	5.070437787221726	5.048574679045797	5.056761672951983
mighty	5.031579570956604	5.0233150577311285	5.100669267255297
country	5.131051991018004	5.021523898808761	5.299035016806571
title	5.251936312225966	4.965183934035474	5.385221056132
choose	5.174768181091355	4.953238864117442	5.238403998139778
village	5.178812549457546	4.911979043518419	5.104960935053039
acquire	5.228553024556551	4.969108821719443	5.328194183782419
rank	5.162867070536316	5.05859376153392	5.316960934036308
bow	5.11303741925059	4.949279171037527	5.017468972321145
doctor	5.044668438424575	4.980256753656191	5.022011680228485
talent	5.2663764533346455	5.01219864409866	5.359703051960919
source	5.187384216395162	4.960909275934091	5.279522586975193
lead	5.078032762452071	5.02549075669973	5.177218989352715
question	5.070537442313212	5.044384174910113	5.292373711628606
publish	5.2629287091650845	4.9351327597110926	5.36920711442421
interest	5.1671558867273655	5.0388444841385	5.327106760965249
serve	5.0860075378164735	4.965357075717701	5.121594912153855
divine	5.162792673129408	4.990235192609123	5.277476337616946
put	4.990414508767912	4.9372058194004635	4.965052785091084
shadow	5.089121586251371	4.9042243245341375	5.019016451011159
practical	5.179491604238048	4.973413549172007	5.351075851904349
surface	5.089048497496351	4.804028084161961	4.979087028565879
account	5.115733913840394	4.9906994423355	5.223377454490626
loss	4.97953198221596	5.098784246334174	5.153328816597833
indian	4.998975412829953	5.039835072311153	5.142014147459692
vine	5.161580838952015	4.793447197674214	5.0289963545708
certain	5.058107090405887	5.028444626668841	5.231252346028052
sin	4.900784096386329	5.106115734155546	5.103862550903637
necessity	5.018346213295937	5.08381233215695	5.28460980321839
lose	5.0163958346661515	5.053572312415177	5.079832565832569
private	5.130145461935662	5.062548228904913	5.321949616498627
gentleman	5.185850468913666	4.964325975767372	5.153756412081917
daughter	5.10826276617834	5.039080554444339	5.112748191833122
drive	4.872262711798852	5.103841409650451	4.979547785640336
strange	4.996729546433125	5.035017122585623	4.98537665939956
journey	5.180991158877741	4.936114257566785	5.079160456941436
uncle	5.164835114540664	4.929434514848012	5.0389454338976725
species	5.059883884476017	4.949960690654853	5.150067908816601
think	5.064567819683171	5.021226203219258	5.0884793377794555
bed	5.047209810385726	4.837670694048527	4.840588406821796
wind	4.971177796588492	4.953518020157762	4.898717686451624
bless	5.140215430483987	4.941219463467527	5.033122167041421
destroy	4.9001458839085	5.101179347353916	5.129760183413972
author	5.234370613338957	4.976776121284531	5.321925547754117
sustain	5.066377786176787	5.055341233185166	5.285338803286176
black	5.004743587209058	4.864435748052684	4.87483276449808
event	5.104157743783546	5.085730985992919	5.3039296596382
liberty	5.095733680989741	5.11016364702036	5.350287757793001
negro	4.9652832175274675	4.976435851937207	4.991592518628499
little	5.134944319903658	4.900324674624724	5.024341913661314
fortune	5.117981710631047	5.078659062365596	5.200980129831952
touch	5.090009210946305	4.9602127488823236	5.036362038411294
kill	4.817501347744134	5.0938720056008835	4.909112598271568
feature	5.1463259543047055	4.936703110216105	5.1349917001918195
happiness	5.153583936518434	5.058258271721319	5.258241191297296
assume	5.104962997246282	5.0287253143003685	5.247952769202884
notion	5.0774469258935	4.987598241513036	5.170097817746571
purchase	5.1934773969319465	4.897012077265402	5.182248625628861
faithful	5.1786328592263615	5.0465861111807415	5.26923271749829
soldier	4.961153545790595	5.163070163688486	5.124520882253416
father	5.048235057814734	5.0461951604368505	5.091467817619919
narrow	5.024720991867124	4.905800747990129	5.0300184514748
great	5.130060986814708	5.011241957824354	5.26646465307303
tear	4.970373335525414	4.992052497655369	4.903695956146227
honorable	5.169626941735311	5.110307706200343	5.401333885831412
previous	5.125184680519851	4.977387427317279	5.23132814983053
good	5.118496224081492	4.99403728313037	5.140400715014903
domestic	5.166977079533578	4.9635252839555735	5.215979204554371
glory	5.199602051792129	4.996624613564532	5.220694779795068
lay	5.035670886452348	4.9103801548223425	4.984227956924976
occasion	5.095192762256513	5.06151952184797	5.236375815360846
guard	4.94804763553336	5.11893819931473	5.115997593890499
whole	5.08470117931755	4.9656847137253	5.1732818905063525
mouth	5.020981302761261	4.876598004006534	4.870116753864506
receive	5.178136632407854	4.9868276072633915	5.252577601127885
take	5.044535642514705	4.986022448355502	5.083208985028353
simple	5.18803577305501	4.891628978875476	5.171995097387631
error	4.989433471374055	5.092883267702274	5.27640609873282
wisdom	5.126609639851902	5.062586288778365	5.301185540776215
rock	5.0057276963715305	4.8912536142157865	4.922668570606712
decide	5.085379551364411	5.0764941399487595	5.3339284464649594
exclaim	4.972492407011988	5.050547561334215	4.924274742703518
assure	5.106438103192939	5.0625636968253955	5.190136245813967
sign	5.078658919902609	4.974821238209921	5.147689792625393
preserve	5.151568967958438	4.928692633162666	5.195555712196725
commerce	5.137314857661876	4.987950178221782	5.298949180296272
plant	5.134689140501448	4.803250810862388	5.0214118360775455
walk	5.173221003948646	4.8585323578380395	4.94793406247067
difference	5.091544243115391	4.95906493064073	5.225330914188388
hang	5.004509574151186	4.890544657858316	4.857582356829338
following	5.2747502878893044	4.867972035480521	5.263677435920201
employ	5.140488960052048	4.936887795744402	5.220597232644735
