deal	5.009644211725738	5.038192799438443	5.111160949138207
study	5.25402473255517	4.944782895096563	5.26648391362427
afford	5.166475214354272	4.97091150905633	5.227376423961088
service	5.16983332046644	5.053700766702512	5.306612086769486
height	5.076754315796233	4.875121457885974	5.032581710858926
prospect	5.161182647876779	5.007640267675967	5.179034793203849
pleasant	5.242343559066032	4.860708488712671	4.98985777667906
shade	5.142269257651766	4.85519501027547	4.956992662413447
listen	5.01331192427661	5.096736287673173	5.057625432599002
mighty	5.0047426062492315	5.04219394769334	5.087681483945182
country	5.108593483078655	5.040335304273036	5.2784854512391775
title	5.188334801573897	5.013116176065166	5.353778075430073
choose	5.124243655803185	4.983541711382165	5.21813696331785
village	5.156413745723238	4.921954136995134	5.081586723421448
acquire	5.204635407166703	5.001240378814836	5.313743700863699
rank	5.124904886733586	5.086675251535487	5.283930560641972
bow	5.058920505069296	4.980990193561107	4.99352698216498
doctor	4.96879360572561	5.024216234151902	5.014412845903343
talent	5.22285503492231	5.053694891248932	5.339768621827733
source	5.156177712134498	4.996378508408467	5.266099917758967
lead	5.050792992760965	5.047180378314097	5.160326879150972
question	5.0200111619250585	5.079391268971828	5.27386858067959
publish	5.19640900753256	4.987091112979498	5.351983570820133
interest	5.124657383683964	5.071850828340309	5.306657188370883
serve	5.03874563866397	4.992879503249293	5.103304630522386
divine	5.113880399330724	5.046671373990099	5.268641610636404
put	4.931844428177533	4.949956123393956	4.946874971203521
shadow	5.051633916848219	4.931384166615914	4.995766889278378
practical	5.146414139455568	5.012546851563553	5.337054186453664
surface	5.071122532901218	4.8009952564130165	4.949125505185478
account	5.063773194958147	5.019237071883397	5.204412625293876
loss	4.928146226692469	5.1185675048964185	5.139508479427948
indian	4.978528032146304	5.0487906225296975	5.12612115638902
vine	5.143024769627318	4.789282721429703	5.005072750308168
certain	5.021694771474993	5.055252194031297	5.2134660770946
sin	4.8424109404695965	5.150847988972552	5.105639979191836
necessity	4.98516593940784	5.104688951998712	5.2664916342025165
lose	4.972118916643116	5.07829177000539	5.06868836706739
private	5.069169690771763	5.0984630825856225	5.293689870087194
gentleman	5.120657181920224	5.000896850487204	5.12626884002639
daughter	5.032966629530025	5.086431745852297	5.091315031185042
drive	4.844430395608865	5.102387675150884	4.9625949420760875
strange	4.94823525769622	5.071563055386155	4.9793913362217825
journey	5.153348323011109	4.954673637092532	5.068803177571848
uncle	5.0821394938430124	4.972715541811869	5.022485222300948
species	5.033983684690681	4.962707210454386	5.136219733229919
think	5.00444937613066	5.0593578962636165	5.0820056915684075
bed	4.994728233126014	4.850284396183337	4.818426574186848
wind	4.955241305987014	4.952325531658602	4.890317749568655
bless	5.073922582521539	4.98931637026868	5.032273401831566
destroy	4.876772810864182	5.113162735498583	5.12173320503964
author	5.177892418177265	5.031166782010222	5.308433533536535
sustain	5.032911823906664	5.078711262410596	5.264200451185778
black	4.9511665478269835	4.881553816291204	4.839816888254929
event	5.065784540570623	5.114362609059618	5.284648002729517
liberty	5.05899761710255	5.14104727311815	5.33307084158736
negro	4.926835416716709	4.986633770832595	4.973879535038087
little	5.091248419278917	4.923619167574816	5.006699816796312
fortune	5.075191112881704	5.10199598071445	5.181402825724011
touch	5.0351889627681965	4.999376372694768	5.024455146478641
kill	4.769995025231378	5.09967739579629	4.9064303905261
feature	5.101090891166245	4.975265815567368	5.100013052592446
happiness	5.107146500862304	5.097019385993467	5.246365414674525
assume	5.059892578124032	5.063195131451157	5.218907268734884
notion	5.028729697149567	5.0209149631430305	5.154379026738836
purchase	5.150668226656538	4.9126596921592505	5.161259170312527
faithful	5.123938203950151	5.098000986153955	5.260892046586192
soldier	4.92266455506824	5.1782440143568484	5.107827084440255
father	4.977745304185592	5.092019022897602	5.078969655700596
narrow	5.010584528702735	4.906400205437673	4.996463986274426
great	5.099275237478323	5.035876157099039	5.245783775670133
tear	4.9076595284915205	5.027899496458638	4.899762348237959
honorable	5.11185381672949	5.1530039704687844	5.3779029731872106
previous	5.081186801476353	5.003845353481541	5.210402162406108
good	5.069940733954434	5.0259291118700355	5.1306522618276365
domestic	5.131533240422878	4.992801525982496	5.2011924863641505
glory	5.164248671706194	5.032291553964553	5.205931886140761
lay	4.999006197044833	4.921918399360083	4.961712717052182
occasion	5.051741449793207	5.089904691855318	5.220822290129466
guard	4.910839250395966	5.132821759230923	5.098243882262843
whole	5.053846545902825	4.979714940759522	5.147955553126062
mouth	4.976164922019552	4.89032215427476	4.848641410855883
receive	5.126447117213462	5.02147696704427	5.235949785950392
take	4.990253868218339	5.006845231726199	5.06478542195517
simple	5.146717343191596	4.934633357868757	5.156455733790354
error	4.940197412793374	5.130017627695846	5.262933305629266
wisdom	5.087295410530733	5.10954362675771	5.2928572771187925
rock	4.989181962433631	4.888538748475351	4.901229002639978
decide	5.036024227306469	5.106464664149353	5.309533525908243
exclaim	4.900026981134886	5.084326059311551	4.911308461217207
assure	5.05413716999964	5.09630999795411	5.1782123388890104
sign	5.0201113742641565	5.014810909758305	5.127907539444332
preserve	5.113988091962655	4.95730542627734	5.17589764875572
commerce	5.127172114462232	4.996186993552633	5.28163549420557
plant	5.119798214839639	4.805741830309843	5.002246170255909
walk	5.128794949181967	4.882882074238959	4.92606344251898
difference	5.046413305711376	4.985052608178889	5.199378097608825
hang	4.948042336186836	4.906301045421101	4.82813490092376
following	5.214795334647061	4.91232242995749	5.247098851882762
employ	5.111961088953069	4.955804358437075	5.201876505423736
