deal	5.041800239779381	4.999042050718012	5.079509182871411
study	5.256566951661451	4.90603337697646	5.216691198543501
afford	5.161734013377451	4.945214619433609	5.194716295141762
service	5.1802216297040085	5.018488310735261	5.270727993366542
height	5.086964323611205	4.868718961470842	5.039109780408145
prospect	5.168770092393378	4.98721675715811	5.16032051510211
pleasant	5.258432473255413	4.83063562069171	4.965991559037957
shade	5.159552175262587	4.8271797550546385	4.952159765339041
listen	5.054316087819042	5.058911020313027	5.038300248724428
mighty	5.041559114290116	5.020717211884449	5.076287613699611
country	5.1110494720501745	5.014806894569915	5.245742827432967
title	5.190158200591418	4.9721487426591615	5.312038587688796
choose	5.133759671149928	4.954210021279464	5.182633565118409
village	5.1628896005992555	4.905708809155832	5.061456782572944
acquire	5.187284576315132	4.974504896972912	5.267076002886847
rank	5.1260926786146905	5.060885428474766	5.257770369531588
bow	5.090143748736276	4.950838329258664	4.99330761281627
doctor	5.019768630725451	4.968151516149973	4.983854729860206
talent	5.217723615487375	5.023705414526913	5.292361415043958
source	5.162094826388497	4.968268677799461	5.23085224067431
lead	5.058325932479147	5.029257782736441	5.140374444596185
question	5.0317084216243755	5.040603081310002	5.231143727040962
publish	5.212603568608158	4.944383255882394	5.299357468159546
interest	5.133882473892317	5.040638862598335	5.272320297175206
serve	5.060683872184566	4.960057690152075	5.080497605114896
divine	5.142984717991533	5.004459091370648	5.2364764088661735
put	4.964391396554267	4.91770167724577	4.930839552890926
shadow	5.077626023904308	4.9067741213078016	4.9951319100695235
practical	5.1424219516951055	4.9810182740591396	5.287324708872187
surface	5.07384741310472	4.791925594836296	4.946725753369011
account	5.080892781348219	4.985678062823484	5.170793244729855
loss	4.962747869550207	5.089678356660968	5.125409755210661
indian	4.976477136728822	5.035411477339673	5.10652721888778
vine	5.136604145549949	4.77804672783712	4.991535706968757
certain	5.026613470590848	5.024883684931668	5.179475715359807
sin	4.90498983559392	5.1098273280157285	5.0904969141730545
necessity	4.989019163312608	5.077366042583916	5.234743383792159
lose	5.005416735729775	5.049811771222534	5.055820900786829
private	5.0891169126154505	5.060751945729608	5.262615753189592
gentleman	5.1376844017520895	4.955708105454902	5.092849025905788
daughter	5.082959287879254	5.03765934213438	5.080246301036317
drive	4.875871949150156	5.087431003609653	4.9654705096321985
strange	4.990799388147648	5.033130185022306	4.967350443499086
journey	5.166929938721213	4.9347516129387134	5.0525175834505625
uncle	5.128524243200622	4.927668935974513	5.000914190773798
species	5.033453289482408	4.937147734444846	5.105712454757945
think	5.043942264541411	5.020039746104197	5.056670707475687
bed	5.038489749315972	4.813554231710006	4.8149576293607526
wind	4.976951488621203	4.943216365585936	4.893689052423849
bless	5.13346860008391	4.945383032143113	5.0171497538483
destroy	4.899453718650203	5.089437897211402	5.10292201701495
author	5.191900975046027	4.9910579458500886	5.260963404103921
sustain	5.043575450289289	5.052212231551672	5.23824364770276
black	4.984370712052189	4.849349464292845	4.8458092183901655
event	5.084104406402631	5.089571931005913	5.256630396522806
liberty	5.080237146473189	5.113853677028672	5.3013682502031605
negro	4.95177259909628	4.961975903184611	4.959846039099056
little	5.110303915176657	4.8928668530060655	4.98607523203601
fortune	5.096869659846116	5.070563827127205	5.1616841263702105
touch	5.068146903372403	4.964291744352221	5.011012553827467
kill	4.819114897229731	5.0831393902004605	4.904631283676438
feature	5.112463822365731	4.936958215004056	5.086226598042667
happiness	5.135326606173305	5.064615346260912	5.219923969278329
assume	5.0629428498588	5.027874576044325	5.189720581144554
notion	5.046342928916875	4.985016558378169	5.1132377970261
purchase	5.15652917596666	4.874298170238312	5.131223887094736
faithful	5.150264041506213	5.061096298237648	5.232720944194498
soldier	4.951728410773899	5.158833091526586	5.103230247380211
father	5.030619912344516	5.046379613302797	5.066406634954567
narrow	5.016171181536828	4.892381709356755	4.996025489167287
great	5.107886511083503	5.006330456742554	5.213091928844434
tear	4.970184116619278	4.9865328819940755	4.900787555161081
honorable	5.123140051117944	5.1159474933096485	5.341797250745435
previous	5.089453936147283	4.97416967722413	5.1778820337823825
good	5.093568841300319	4.988690559864194	5.099662304343442
domestic	5.140427761050635	4.954016434129608	5.164463461490182
glory	5.194744854814923	5.002058852190201	5.187702243214206
lay	5.025922931396315	4.8926965467413694	4.9566438710101295
occasion	5.065588728986855	5.057370222484576	5.1868386957884764
guard	4.9340039996029414	5.113354732779312	5.095808034012453
whole	5.066959142311366	4.954641725603246	5.123746513459471
mouth	5.0025965104644765	4.866934449500608	4.85099921718326
receive	5.133615162570859	4.984197076063865	5.201297015921615
take	5.01410080026786	4.974513538568253	5.042882642923279
simple	5.156884172005094	4.895090019070796	5.1206734928601785
error	4.965860279478278	5.098092017614803	5.233130413116857
wisdom	5.103463122136046	5.075104552067221	5.25851169335291
rock	5.010868017003412	4.8843197446043725	4.910844284832827
decide	5.038465922776088	5.079139684852488	5.270891234126161
exclaim	4.9585513330274145	5.046580899294139	4.912826827241532
assure	5.073219432770755	5.065921094079236	5.151643896306647
sign	5.044012562615346	4.975156032714801	5.1040591907458746
preserve	5.125802045049688	4.924849084145707	5.147763268070138
commerce	5.1115169412351396	4.970144240567546	5.244398762837242
plant	5.11642147128826	4.79088703375003	4.984910060243918
walk	5.154078331482637	4.852991750766145	4.916054556237108
difference	5.056426255279611	4.9560962427345645	5.167698536178003
hang	4.990969897236734	4.8744989127063985	4.838407063220836
following	5.224098358469935	4.879071737239451	5.2068518887891155
employ	5.1034684129175965	4.927921804852113	5.164172937323227
