deal	5.029499801236202	5.039412498987291	5.102984529746993
study	5.27126688189073	4.934520205643682	5.245074838306248
afford	5.169405901897513	4.965024725122013	5.213562547331489
service	5.169768770859268	5.041133139003659	5.284138295178851
height	5.0675765301223965	4.8837407095815975	5.053014326728353
prospect	5.151091595570115	5.0070905177733955	5.170124085270809
pleasant	5.220237382078956	4.862140832460014	4.98483629945893
shade	5.1196572126110995	4.85273935822246	4.961203521740167
listen	5.001301985952325	5.100215673065195	5.042819246733623
mighty	4.99789883183544	5.05413372962836	5.087979104530838
country	5.109620677434189	5.04022189938416	5.265343121716542
title	5.197538261114894	4.998483937742356	5.336926039778732
choose	5.124847597468098	4.978760017213501	5.1981729923612345
village	5.132420961865772	4.9202108351156015	5.081006215784743
acquire	5.20103470967812	5.002453202128569	5.292046372202339
rank	5.120357949248814	5.083659277166081	5.278996573878197
bow	5.027620044796565	4.9852914924326175	4.995279556281922
doctor	4.9883165996174315	5.015765246226655	5.001929952168118
talent	5.235711522797122	5.049095411060514	5.321516357851612
source	5.157394544371141	4.99811697773966	5.244631956076536
lead	5.038037691404524	5.053235030760592	5.150230344434254
question	5.038796007841099	5.080315262685925	5.253089419718408
publish	5.231246033929814	4.966571763887854	5.329425373338903
interest	5.140997475853047	5.06390225057468	5.287290408209068
serve	5.038481017861858	4.993913445564392	5.093640529435545
divine	5.124600321298001	5.03971275068782	5.240872162757229
put	4.934805935863882	4.960146352072974	4.94427902185101
shadow	5.038381675483203	4.93354666472204	4.997344414050427
practical	5.17358546826316	5.00926366572448	5.317079338451784
surface	5.0548804012166535	4.820013029653168	4.960106736225943
account	5.085556931246443	5.012797286288772	5.194127280291828
loss	4.9339021204324665	5.119063047114564	5.124343569464421
indian	4.937876053991237	5.068268431631689	5.119118421839386
vine	5.130716470437646	4.80397408154089	5.009085450869949
certain	5.034239010737592	5.055847153017417	5.197768458997503
sin	4.85845158819116	5.154196809164774	5.082233029165312
necessity	4.994220335083559	5.106942425894595	5.245929758826707
lose	4.966158880197282	5.0832755067711854	5.055620033284329
private	5.096227958960304	5.078295176468672	5.276763834116519
gentleman	5.126753294813148	4.989023075385988	5.121776703180069
daughter	5.022705477003492	5.069775115632272	5.07514871270074
drive	4.820700080360152	5.118618613818341	4.966298053256813
strange	4.94961210341015	5.071744921679378	4.974036857540213
journey	5.127609625744399	4.955258219170352	5.061241606584914
uncle	5.08195044360174	4.961927642857605	5.009818768615096
species	5.039722310507905	4.966856857272432	5.126205622504072
think	5.014776495063899	5.061623118674787	5.064958795920229
bed	4.979836534059857	4.850271621477149	4.817885217311951
wind	4.922301212548611	4.977594850455526	4.897835600175614
bless	5.062295362631967	4.991772068302815	5.013004770970957
destroy	4.871371668985152	5.1215604944777935	5.107678376095128
author	5.203331908555736	5.020083663209024	5.289025858794108
sustain	5.039094440914036	5.074624617305049	5.24663478601983
black	4.936022175539531	4.881356422628163	4.861144131772175
event	5.0828844875754715	5.110588986791148	5.271370279500834
liberty	5.061520208090902	5.142917559194325	5.31061218831867
negro	4.914208554122586	4.993686218581327	4.976270278468257
little	5.082489043374129	4.9270755133179405	5.002171184364936
fortune	5.073138083145757	5.096547705788656	5.169638295286968
touch	5.024971683866369	5.005741530560058	5.017106663912152
kill	4.75160336181129	5.130702150485039	4.907640227689034
feature	5.095947835265743	4.962338239529527	5.100417778732681
happiness	5.114382307239221	5.096391911585942	5.220579310343406
assume	5.061678171691558	5.055314974740346	5.208324875697293
notion	5.054953303864084	5.025634013495309	5.143660542724659
purchase	5.142659682311596	4.8996732418138285	5.1395512823989105
faithful	5.114728022634859	5.087366250381336	5.232871723823948
soldier	4.905442263008648	5.18613216028134	5.111949179199508
father	4.962297822514376	5.087019476661776	5.058781430760348
narrow	4.993430222046956	4.914281950261144	5.005982987938613
great	5.108215754223024	5.03639047522931	5.235712604805954
tear	4.887337908076023	5.033504819270594	4.886671192334959
honorable	5.120662605794609	5.141976745520827	5.354597878774363
previous	5.091549686629961	4.9948593837473885	5.196071354945808
good	5.071371419090883	5.029990782955183	5.11629217157036
domestic	5.137387884340213	4.984775465673114	5.180799581121614
glory	5.157053859446858	5.030723661387641	5.194678982298563
lay	4.9754875168403165	4.9286382369746855	4.961611633224172
occasion	5.063701666413787	5.0865390856457084	5.207242077681652
guard	4.892377295812856	5.135255861332186	5.094153237064419
whole	5.061939289352858	4.982224429680194	5.1466755803542705
mouth	4.941104119447193	4.908872199279014	4.861702460677783
receive	5.121611802446678	5.011154880551475	5.21264000476331
take	4.986393787663627	5.010154671849058	5.054291814325232
simple	5.158010364472004	4.926314163545806	5.142251969691484
error	4.9738830324156575	5.130929939702668	5.246518384521894
wisdom	5.09338881991547	5.109942840585992	5.269449255648908
rock	4.949345614867067	4.912015844617612	4.912531746518488
decide	5.052154921298659	5.106158010372566	5.2909816528240015
exclaim	4.882910627661679	5.09371747318192	4.912367886355579
assure	5.0446074567798265	5.102847426680234	5.159198994781207
sign	5.024292194150253	5.00734454326879	5.114794258442588
preserve	5.1134739056343115	4.955300061267633	5.161787444095251
commerce	5.119368026906654	4.999220518058228	5.263331385092631
plant	5.10188680645114	4.822170891735652	5.003535941736946
walk	5.112409416630116	4.880017823430951	4.930343223316506
difference	5.069478889479989	4.990427482375646	5.192675740054516
hang	4.93864004947226	4.906315597619194	4.842148675696996
following	5.230668385285944	4.901059885710197	5.234173149415613
employ	5.119327276267574	4.95065408051406	5.1888195035115485
