deal	5.045178655938389	4.996501229584434	5.105203961174612
study	5.268464075771316	4.902277594387033	5.240804963485486
afford	5.172847523526018	4.935107138094452	5.2166990101857165
service	5.171076294646163	5.012188213911455	5.286640598882513
height	5.058311688908857	4.860136037282768	5.0228743060482755
prospect	5.165764983461348	4.981619361260264	5.168414562621829
pleasant	5.241822743961843	4.823326852030138	4.967026250703655
shade	5.130241533649288	4.8257123907086505	4.935421073981129
listen	5.019411913443268	5.058016579454032	5.02919572006439
mighty	5.008224255494765	5.019939963758491	5.0705676407286555
country	5.112720320403335	5.006328354529589	5.264584373166171
title	5.1952392886912335	4.963947918577236	5.3255297953200955
choose	5.1289834602631235	4.947817202016239	5.197497633651134
village	5.134910904806178	4.889141866236379	5.058708545142153
acquire	5.202540342608016	4.966525805366127	5.292090046244225
rank	5.1075662188116295	5.054918325815089	5.260877070600296
bow	5.040407350618327	4.951536137132162	4.976644725483658
doctor	5.005488549197804	4.977493434642339	5.002445332501888
talent	5.230211873124116	5.013970903950422	5.314630237396627
source	5.1776217544529395	4.962086414958626	5.252585425732399
lead	5.045082567778939	5.022486404182815	5.146862560241852
question	5.046776431946002	5.042903919046082	5.259836791966429
publish	5.224509487904915	4.937891124309554	5.326160877702386
interest	5.141930034362305	5.033438534996204	5.295667677870431
serve	5.047688669122828	4.960747472284376	5.0915632193991724
divine	5.135874236960399	5.010834982441414	5.246741644144417
put	4.953387860934046	4.924232038092733	4.94649944853159
shadow	5.051352752093497	4.90693911938825	4.977328570980977
practical	5.172100402928919	4.973585138630341	5.320921255032239
surface	5.066654671259439	4.789082178986478	4.9438917848376045
account	5.090398732294468	4.977464097208955	5.195949959619973
loss	4.946664954899806	5.086287725956607	5.134508956450721
indian	4.952639810206327	5.023293137294192	5.103141517807561
vine	5.135244139323311	4.7682237050183325	4.990355269612598
certain	5.0316139612663475	5.022114894841214	5.198728732514565
sin	4.87809312334977	5.118041465053041	5.0927845998885175
necessity	4.994228320943564	5.0751341416365845	5.258022478985479
lose	4.986529422891495	5.048107703965007	5.059814185385314
private	5.09068611342778	5.054774751844651	5.28528029688025
gentleman	5.128024831007361	4.952908683517265	5.108469306985666
daughter	5.033137020889912	5.042120539592827	5.068558654483207
drive	4.836124872345731	5.082795525662876	4.958092955607747
strange	4.95552926031545	5.035698182519092	4.954461182510296
journey	5.14540459043119	4.924873129174913	5.050341318462091
uncle	5.116251173414127	4.923796872072727	5.013763850460209
species	5.036976450795693	4.928110907655039	5.1225344237853285
think	5.035111242419631	5.020313934171735	5.067676794024739
bed	5.001082071888607	4.82161731221794	4.808660415181469
wind	4.9469032089300375	4.937710713558009	4.876754732444799
bless	5.102527984706014	4.947277443648031	5.014398495683469
destroy	4.8780920199516915	5.087753999558367	5.108484302518103
author	5.202312209243481	4.9827809731547115	5.28135401831427
sustain	5.038364537086453	5.0534761694487305	5.256093912549465
black	4.9433858395450185	4.85171153294427	4.830310320838749
event	5.074846560093743	5.086734682860929	5.266507187855639
liberty	5.067971907123362	5.106084928943919	5.315758912900462
negro	4.926957392972983	4.950779845954367	4.965810831178693
little	5.098952979763483	4.888274949407857	4.9943303968076584
fortune	5.079653795240826	5.068075148038862	5.1683596753962755
touch	5.043158675365333	4.9658452853870125	5.005290022865566
kill	4.767038289857936	5.077213584692253	4.884511691036212
feature	5.088066127935592	4.945805940535195	5.077452308667918
happiness	5.126622123434778	5.061881030637641	5.232294945705835
assume	5.057898208498198	5.031624264949565	5.202298306488531
notion	5.063221443199277	4.980296424186682	5.143819247783706
purchase	5.156120292719089	4.869584257052148	5.1532721111735125
faithful	5.130355275960597	5.058913411415805	5.237410579659155
soldier	4.897533188928545	5.153224585908361	5.082486170257458
father	4.986850010368692	5.053625152010639	5.059543343659498
narrow	4.99639392918489	4.8901971305319565	4.991917307255459
great	5.108157088605443	5.00442353244009	5.232507709759245
tear	4.922690336129034	4.99686047804391	4.885428430416067
honorable	5.123479996980808	5.113132492100535	5.360500611310463
previous	5.092518345055601	4.9737182457617495	5.198874301512332
good	5.097013938295476	4.9853357696382625	5.120684134996581
domestic	5.143820470422129	4.9502262298374395	5.18933850953718
glory	5.167862501462918	5.002963732874038	5.179555124623309
lay	4.994611089578205	4.9011408748884255	4.955588828454874
occasion	5.062724016458324	5.0545313769810605	5.206407999440741
guard	4.892648520462657	5.108267151827312	5.083340266603442
whole	5.05969574464961	4.955604905479792	5.137980188889738
mouth	4.970665859632331	4.868274744486292	4.837250533030851
receive	5.131853002222503	4.981318842964794	5.223083219515243
take	5.006494677324121	4.9766931553474265	5.061011307142674
simple	5.155529594556763	4.893945469569851	5.133401668440904
error	4.980077882358062	5.096207267117908	5.253726425916762
wisdom	5.102909289821961	5.076716731734967	5.2696896089561776
rock	4.97025919825024	4.877407665383377	4.888798481245213
decide	5.051292814463942	5.0757078218674945	5.294031279732828
exclaim	4.907558675385929	5.0514513518642845	4.897267607738525
assure	5.064274501159981	5.060937296806687	5.163449261965221
sign	5.027864448032874	4.980414640017405	5.1080191664063666
preserve	5.118979545774543	4.92883034938521	5.16366701896654
commerce	5.12609143212251	4.964616879883601	5.269412393500077
plant	5.108532238219057	4.782832942863002	4.98462085101246
walk	5.124191732522155	4.849169522525828	4.910059031592822
difference	5.071077147221394	4.9487749872259865	5.190531018688033
hang	4.9475962946538266	4.878355222496547	4.816702096258196
following	5.236847183744448	4.869637047573198	5.2262234077532455
employ	5.112598290561039	4.9215642017236405	5.189267365847283
