deal	5.021654097456598	4.985451406393963	5.074032733103124
study	5.243329736870121	4.892495430187247	5.218555235237052
afford	5.151940637247122	4.933978739063826	5.198883660257982
service	5.153214900954238	4.994029336116329	5.264026928401584
height	5.020687787119013	4.8660716569280416	5.015821304712527
prospect	5.130533203584512	4.980980438620496	5.145947371466429
pleasant	5.199997627732708	4.834877389420546	4.9512071350147515
shade	5.0902348982192915	4.836953152475287	4.92922931096735
listen	5.003962020341078	5.046570801259097	5.0074885798148125
mighty	4.978978697593636	5.020612662837345	5.059754369040387
country	5.096250208519151	5.001127141510645	5.248889016605667
title	5.190562621108701	4.948086809927625	5.315165552680001
choose	5.117931623453932	4.930541309761264	5.181831656128997
village	5.109091224474417	4.898255184754879	5.046330257420093
acquire	5.186195861432241	4.959891213572876	5.278511500980992
rank	5.100829169789087	5.035145256080019	5.245878863693444
bow	5.016153025376186	4.945726847294581	4.958161077546358
doctor	4.977965629234025	4.958316367390168	4.965173222048837
talent	5.212824244980056	4.997900446874745	5.291534582557734
source	5.151456139155003	4.960224883376587	5.237131395724268
lead	5.031904076364573	5.015893333437883	5.127805594192198
question	5.037295470312676	5.020734322516973	5.234012845922536
publish	5.20814303371272	4.922334582755637	5.300254239325525
interest	5.126838414915947	5.01650214274187	5.269351499096372
serve	5.030029974222755	4.950400473606306	5.07511610810065
divine	5.116211189693569	4.995097936248711	5.233456937253252
put	4.933376004442534	4.915699098838191	4.926393376219227
shadow	5.015777565591124	4.912792556783638	4.969277439845021
practical	5.153464320765461	4.962099293163323	5.301324124460437
surface	5.0233019371598	4.805260282630818	4.937947705405157
account	5.075519062424449	4.966630841194359	5.168054958541979
loss	4.9294724591890695	5.070628668713187	5.107099922866252
indian	4.950665771035037	5.02363820357987	5.098494737689415
vine	5.091172920116094	4.787382487609854	4.988577902111172
certain	5.025093163591738	5.011081139881641	5.1855463540114215
sin	4.857071670686227	5.095800460595809	5.06688345356882
necessity	4.985693269637425	5.058149312330058	5.238450462914643
lose	4.963797683404617	5.043334327121403	5.041033355212572
private	5.079269498421813	5.031142046471015	5.256111749696045
gentleman	5.111973900962125	4.933918085869373	5.07500680615764
daughter	5.011290036949169	5.021435039230605	5.040260542463945
drive	4.821472248631915	5.0781530122605565	4.9404527637658235
strange	4.940157903638104	5.0313412809024864	4.941780754447832
journey	5.111405985439581	4.935012516206882	5.031691059207861
uncle	5.077282028801559	4.912442626582517	4.973574237393852
species	5.021974443482857	4.932215348096262	5.1187894717383475
think	5.012594709742603	5.005978293999179	5.038841109500724
bed	4.958184524259431	4.82752614914856	4.7933480693915405
wind	4.9081670123614725	4.9502857638356	4.870916785735912
bless	5.061319203113437	4.945460457075563	4.994999131658823
destroy	4.867465739047972	5.08005534858659	5.099542327322568
author	5.18998003081931	4.968512699341276	5.259091382959207
sustain	5.0211005141773875	5.034753416749059	5.232307714343291
black	4.914500447598049	4.853798531029835	4.817187888866012
event	5.062569258088407	5.068756645850534	5.242603278916151
liberty	5.056744725756167	5.087084917838886	5.297232746750762
negro	4.908562178578375	4.951316865732013	4.943452275524099
little	5.072591567253072	4.887546358870138	4.972734629432721
fortune	5.059936833500964	5.05413762972164	5.1425490617852745
touch	5.023578714487783	4.958507347649845	4.989375158987724
kill	4.76569821202563	5.068031105940075	4.878194822366352
feature	5.065923586681005	4.931516627889233	5.058655193353519
happiness	5.101906171368611	5.048507685389566	5.208016977537503
assume	5.047961377727749	5.010032695003818	5.180764128291481
notion	5.0471854992854075	4.966114972333097	5.113635773107047
purchase	5.129517823449339	4.874612878341516	5.136765953146414
faithful	5.115577068126599	5.038392240015718	5.212635974575898
soldier	4.8919699334748215	5.137006644132636	5.071696230301688
father	4.965070072102833	5.035335536864461	5.031753464785679
narrow	4.966002103716291	4.897550188988786	4.982193430888672
great	5.091644541076072	4.995145525337831	5.214625436046805
tear	4.8876194053067366	4.989768409840642	4.8640742212569865
honorable	5.114223309016432	5.084799639312247	5.3303664327186375
previous	5.074343780648605	4.957901358177813	5.172229213649655
good	5.0729528727864395	4.9744317681175225	5.094813961295611
domestic	5.121297048573677	4.942239952910675	5.168097434233681
glory	5.138115299891312	5.000225915438985	5.173090073290593
lay	4.967006494390682	4.9004578304061805	4.941001557308682
occasion	5.052891278890086	5.034097374893524	5.178149672732637
guard	4.885542764962157	5.094324666850191	5.069593818619076
whole	5.039787253177198	4.948407659312747	5.124064180232833
mouth	4.935358790526628	4.8746750660023155	4.824009092749599
receive	5.121145440125365	4.966195342397236	5.199069282598633
take	4.990788887347669	4.963045115179831	5.035310191026922
simple	5.137995840525886	4.888171105604737	5.122722181238257
error	4.968157257403686	5.073953697627986	5.227331588609101
wisdom	5.0873368895543924	5.059062957212199	5.254744045283593
rock	4.929979597510018	4.8960951174056815	4.884955888459118
decide	5.045883288215725	5.050827690875826	5.2690577362586986
exclaim	4.8873011603861025	5.0386837233207755	4.870759004417925
assure	5.050854784143311	5.048355321467316	5.134908069812709
sign	5.0167516822463964	4.967560284423248	5.0945720110486326
preserve	5.100693882806207	4.919451809865641	5.1495591826838
commerce	5.1016133171838725	4.968136942899042	5.260411534053856
plant	5.072433847552009	4.799650843537165	4.984371822388671
walk	5.087073354836188	4.854000295550465	4.8917511609647715
difference	5.055329429290468	4.937339401296537	5.171934582301652
hang	4.916347238682965	4.881930038687018	4.808741747370562
following	5.217064616558869	4.860554498122071	5.2068762723214395
employ	5.09606589215601	4.918755594769005	5.176128224930862
