deal	5.043549600631877	4.965259768876217	5.059954720184569
study	5.268588519639351	4.884543457798838	5.207515378495363
afford	5.168944075084431	4.9163502353707536	5.176863046541207
service	5.181454231170449	4.988984275301635	5.24853623589444
height	5.04803523117661	4.838316213506026	4.987836734662911
prospect	5.157180175939184	4.959844476652006	5.126065215883029
pleasant	5.230940803404512	4.804920887428162	4.926797032151857
shade	5.104953328470521	4.821828265777588	4.897330363710255
listen	5.0344956304171635	5.029955932636224	4.991257567371423
mighty	4.996071402494417	4.998863981860014	5.025821060656739
country	5.10924382572019	4.995328398183845	5.232492190724211
title	5.205706817955546	4.964795453545925	5.305016737773293
choose	5.143163747045372	4.917973199952451	5.151241467020881
village	5.143169358440153	4.87360762955839	5.025647330242136
acquire	5.205261759411143	4.949389227908986	5.260943433881564
rank	5.121126538708983	5.032935155203235	5.228364324704426
bow	5.037920408867704	4.9249479117124135	4.928849212010488
doctor	5.0233403123281555	4.933293594898238	4.963640603418565
talent	5.235370856028392	4.994002035837314	5.28747896688315
source	5.157909813616449	4.965870490496436	5.219528807544745
lead	5.049036757785623	4.999291841219881	5.103117440594035
question	5.066159383106277	5.013221963074041	5.224240096319947
publish	5.227730249993983	4.928020408964231	5.30560530901267
interest	5.143884434415428	5.0180245161386905	5.264469270122703
serve	5.048875639622801	4.927394479444456	5.03965964170947
divine	5.12191155366812	5.011016621188498	5.207263880055909
put	4.961393727694116	4.871741780405007	4.888487393054522
shadow	5.033011725599585	4.8965545036541105	4.9355708843810415
practical	5.172312949004222	4.954267456648105	5.290347968049474
surface	5.040969717657476	4.771077768924222	4.900505778143406
account	5.098215064761091	4.956536837263431	5.162462088270012
loss	4.955623800045325	5.061473379853568	5.098600026356306
indian	4.973328382077492	5.0067783455807096	5.067698450490235
vine	5.114873002145858	4.753877237732002	4.9486407714876455
certain	5.044900627552579	5.000607829663935	5.162847679758029
sin	4.870138502305534	5.1099188657374714	5.04904114570514
necessity	5.008293561359657	5.048881624130436	5.219432105087344
lose	4.987674188279923	5.02198456814996	5.01270155274925
private	5.102869358222225	5.029427572465298	5.251577767695109
gentleman	5.152537345140565	4.91355660984438	5.072260322329723
daughter	5.046035620500274	5.0288169136691545	5.0382666907956475
drive	4.852943159602023	5.043467728653804	4.911705910950115
strange	4.968094906411402	5.01365933219292	4.921919256400546
journey	5.147252693874446	4.903950384949672	5.011908700231055
uncle	5.116303113936764	4.895842437558447	4.972438788646288
species	5.036866829473002	4.91620550677924	5.089297723056596
think	5.040408130713693	4.990493976097177	5.023389741212379
bed	4.999822772563456	4.791935228134336	4.768660310469715
wind	4.942569793744904	4.908008533628181	4.83607085018988
bless	5.079879086893612	4.945123143195389	4.964992609412149
destroy	4.877512139822976	5.070425593922845	5.0663256581341045
author	5.202922892034516	4.98020785157875	5.258342661434518
sustain	5.034230239415308	5.027723028160287	5.214267553393676
black	4.941985346463567	4.8271409480130245	4.792316897460514
event	5.085175073969266	5.067203918939063	5.240345235930713
liberty	5.067117865966	5.099329603761053	5.281988575315622
negro	4.94728109321135	4.92298574863987	4.9293398390574135
little	5.100007021133995	4.856581804163992	4.949906042835946
fortune	5.084735208352665	5.045495036957721	5.130522828760843
touch	5.038114727619837	4.946231415349529	4.963969573450814
kill	4.7999469115123	5.041655165976871	4.848631836936525
feature	5.086138649500187	4.924642821908004	5.047132465836467
happiness	5.119046928787557	5.058963719599674	5.1944533690164025
assume	5.076393700874034	4.997078972993806	5.165830916897208
notion	5.070936200073591	4.9502966010521785	5.101172928944111
purchase	5.15828087561394	4.856733036505132	5.112169139411717
faithful	5.130048610550421	5.046516403071288	5.197040825250495
soldier	4.928887427654158	5.110905633367542	5.044836965246476
father	4.994785381559672	5.035716058022291	5.022084785283961
narrow	4.990291614035123	4.864401812092539	4.949293078138055
great	5.108349628670437	4.983223241672623	5.197906474140546
tear	4.908416356936566	4.978848617013387	4.842191225504377
honorable	5.132563000195931	5.09684625375469	5.329541497211475
previous	5.10809415857975	4.939912202097024	5.163000554083454
good	5.097326634889731	4.957510321705439	5.073529116161482
domestic	5.142197949781844	4.9343097876607755	5.151704757697814
glory	5.147103816944346	4.998003427220857	5.1378741215497845
lay	4.988671401186402	4.869670959329125	4.902252364421143
occasion	5.082275384395711	5.021586766637692	5.171898809849484
guard	4.918947773913485	5.069895003231642	5.0397314296707645
whole	5.061908313775092	4.922857176695853	5.095455056004778
mouth	4.970231224782248	4.835287263247015	4.800760904489358
receive	5.143610212529577	4.957809056202226	5.183429063170092
take	5.017719964154656	4.93710519451957	5.010374344314345
simple	5.151806754113156	4.877881186196953	5.094705823287568
error	4.976981653674322	5.08256493137065	5.222550526732533
wisdom	5.0989334908615	5.063703966973465	5.232525132806944
rock	4.954993102635458	4.861597165937263	4.8486034734032275
decide	5.074453699432018	5.040333323704119	5.2579428692179215
exclaim	4.925120862811902	5.012705671912177	4.860309254884606
assure	5.077905513001929	5.032843157317898	5.120267484142968
sign	5.043072772168696	4.949947249939395	5.067417993263288
preserve	5.105187904410433	4.9102846324417575	5.117284709590266
commerce	5.1231978699364165	4.949794566342344	5.235075159617871
plant	5.087719067524836	4.773639084319332	4.9423764510374255
walk	5.126590591442446	4.818206929919008	4.868313069843123
difference	5.0785470622180044	4.930715739818181	5.159840230801043
hang	4.943419885853967	4.849602335333788	4.774555682197402
following	5.238814385415561	4.853310157635928	5.192315042568461
employ	5.121060232684536	4.890468212686386	5.149570727687705
