deal	5.038403954131658	4.998314450971759	5.089590621967327
study	5.26570195461819	4.903167699132144	5.2390391812755785
afford	5.17058239101975	4.933506075795111	5.207160989341798
service	5.177528006677119	4.999700184988087	5.271569576624226
height	5.070920253365863	4.829888953800807	5.002683584077479
prospect	5.159712251166285	4.9655109195630605	5.144395252346024
pleasant	5.250171059896543	4.822013132882505	4.962000776318925
shade	5.131064791957562	4.820824518664025	4.924487274909884
listen	5.039044666826617	5.061275384561279	5.042840907891022
mighty	5.003540238740648	5.000711201968835	5.0503011383039285
country	5.1032044955213145	4.994054735008113	5.244860938863225
title	5.21711664822892	4.961009761593517	5.341783354384012
choose	5.140162390037533	4.928021072473808	5.1893846171487
village	5.173611630724373	4.8776188635021756	5.065160157439776
acquire	5.192154139318693	4.956308931439857	5.2757832169892085
rank	5.124361058477182	5.032010408263098	5.24957633071727
bow	5.057366531609316	4.941077108277116	4.967115677875156
doctor	5.010315947142002	4.98260504898545	4.9942037007542135
talent	5.227610357209928	5.001995670539855	5.299623969109564
source	5.150937209210049	4.960207505128139	5.234443240817559
lead	5.056077270704335	5.01515929139204	5.1454264223334265
question	5.04796963118933	5.039874375983554	5.261774941059871
publish	5.239129020382211	4.9351590873982545	5.335522031619321
interest	5.132120793626567	5.026657463784463	5.27670099949063
serve	5.048540366357512	4.953710924757485	5.079397776972603
divine	5.1097041456076076	5.0082738719560185	5.234944682990129
put	4.956798021504671	4.9192590611719025	4.9305779022039475
shadow	5.0535391917633525	4.8991176554068225	4.97139210498543
practical	5.154637164277588	4.96985425913456	5.310830798558355
surface	5.054879660857592	4.773286838615419	4.915740229048046
account	5.097365982873067	4.9796276832340975	5.19376761179854
loss	4.934556828693071	5.078049510508596	5.106840686304441
indian	4.985517985474375	5.014382135874561	5.114262586597534
vine	5.125236266945304	4.7612373519722	4.970021477842428
certain	5.031839135209318	5.019615123238342	5.19591470098065
sin	4.84783006701091	5.119852665985747	5.072583139418057
necessity	4.984278449528676	5.07172753531799	5.242481240322052
lose	4.978533721567221	5.043536088049037	5.04164475288455
private	5.098723239813286	5.050097020897735	5.276720815901372
gentleman	5.164986528832641	4.94790441335449	5.11589889659118
daughter	5.054424692223371	5.035172892417527	5.066381321293141
drive	4.854626241595572	5.069791937059994	4.944548044428582
strange	4.977181430521857	5.039394597205422	4.967684919923251
journey	5.173421659395424	4.91993184630586	5.057011299887896
uncle	5.126162584568061	4.925560840473919	5.006479540121464
species	5.029068972291162	4.9236799431713925	5.103545107096415
think	5.032458401640434	5.023438093398439	5.061554770386111
bed	5.013092203716538	4.823031440457957	4.801668270414275
wind	4.949938447230257	4.926400793377878	4.859509145019113
bless	5.079623721105643	4.949227912118837	4.996170079573358
destroy	4.863388725012165	5.078237843830154	5.085690735178354
author	5.210363655684915	4.988406060624815	5.293473886373938
sustain	5.017706614398706	5.033836022911188	5.22309630217421
black	4.968747024138113	4.840665864401958	4.822733035928074
event	5.082488577459795	5.076910895753791	5.263774905805798
liberty	5.055137052468204	5.094476619560242	5.295670637710932
negro	4.957700567358837	4.946794664878218	4.9667604409297015
little	5.108345480406106	4.8879126211313215	4.989832132970012
fortune	5.085804300860769	5.056056890739688	5.150363952707694
touch	5.0430519268085865	4.969027156132326	5.003239593364081
kill	4.802531328856357	5.067786216997455	4.895903005188339
feature	5.100137201393168	4.9291915888882025	5.069483454887453
happiness	5.102125033329939	5.063027945723254	5.2081739091189965
assume	5.06643330424661	5.015963392766312	5.192149796781093
notion	5.062108240472581	4.98499533680233	5.138644079401066
purchase	5.163066770665384	4.867689644993177	5.141364842747348
faithful	5.1316881764833715	5.0533703021765115	5.2330401687184
soldier	4.940651083126343	5.130588473522643	5.085079474495482
father	4.996186518031004	5.048285607066167	5.056574092609101
narrow	5.009412154815387	4.876552635744875	4.982138744382128
great	5.101192593982796	4.991111749184994	5.215754481036404
tear	4.902951670730615	4.994282113443644	4.859988881124975
honorable	5.12414263186638	5.098831834308218	5.346764173245516
previous	5.100372369930265	4.962727923063628	5.190985913839716
good	5.086993201114902	4.986068678190618	5.107259651615693
domestic	5.125645539408935	4.9524874522218205	5.165017449790289
glory	5.1521413157070635	4.9809750246358835	5.153657090849587
lay	5.0009521335120946	4.890362897897095	4.943345468144703
occasion	5.071068419670422	5.049933345979669	5.199245000951331
guard	4.930337444655964	5.098567350276102	5.088595650301787
whole	5.060979886043601	4.937677165882009	5.121541947529174
mouth	4.993453974926983	4.8559492830616175	4.831654326084204
receive	5.135702728063241	4.975395421598707	5.212485852518573
take	5.013229447621274	4.974532312468248	5.052505826505557
simple	5.153724434403288	4.898649793618179	5.133823738589363
error	4.958405051009724	5.096932083875261	5.244824074656144
wisdom	5.083556902734958	5.068124528587083	5.256671297477645
rock	4.9858410893894884	4.85986123869527	4.878180825348007
decide	5.061813860738573	5.064305520615223	5.295418927302236
exclaim	4.936596431781719	5.047494030275995	4.901679103401006
assure	5.077213117138161	5.061362569595125	5.165067670514895
sign	5.045867078808209	4.974677534618756	5.116551968468299
preserve	5.101468271072126	4.920879519834004	5.1401076279449
commerce	5.114561246511267	4.951567989688802	5.2436129383239365
plant	5.097578574252064	4.7763188757716835	4.9668644737900935
walk	5.153623914989389	4.848053234229559	4.917132974684364
difference	5.060639438155932	4.9440120066554005	5.178948119354597
hang	4.967759998928785	4.8743317561954775	4.81505541678712
following	5.248669127313188	4.873197675905475	5.238240688660739
employ	5.117468604364181	4.911663115372443	5.177067391161481
