deal	5.037222004659094	5.040971389900236	5.12184892428605
study	5.284761823126933	4.944597673917848	5.280128302312714
afford	5.1826545562815225	4.973445521995889	5.2453756118871055
service	5.180567056004161	5.05968004258903	5.313574940548458
height	5.078344387148315	4.891194656032746	5.070922709168318
prospect	5.1402322669964855	5.0176712437595405	5.183572146637224
pleasant	5.206448120125766	4.85894620001781	4.990965779853478
shade	5.111744573769634	4.870732635306179	4.969874248445698
listen	4.979034639889875	5.114105667264674	5.0459343898006175
mighty	4.994726148403451	5.065936871431913	5.098605573258458
country	5.13467874349728	5.048363721252479	5.295714521180071
title	5.234679235059175	5.0128087071221366	5.379290934539101
choose	5.144904091411559	4.981797385515353	5.2256948550327555
village	5.134303950025406	4.928435052057336	5.103051306371872
acquire	5.2360663658462006	5.0090860494805165	5.3308602845109565
rank	5.137403257311375	5.107544688503936	5.307214601139711
bow	5.0247485325534464	5.00346219512833	5.003071571494305
doctor	4.976940182485671	5.024096743077819	5.017873241347529
talent	5.254622460877267	5.062947396286401	5.353293420132944
source	5.182977584802974	5.003530653518471	5.279699653703429
lead	5.0461528963930675	5.06715782277099	5.173562319885304
question	5.056132733812854	5.087401381010352	5.281130491709025
publish	5.248604500596078	4.976165559422466	5.36285854054682
interest	5.155455502726219	5.077412130835966	5.3187975885059515
serve	5.050849042806863	5.000795282868936	5.116244914753079
divine	5.138293903530179	5.0621109979448375	5.274228110307743
put	4.943992853523571	4.956756934992493	4.959569360653302
shadow	5.028512838226097	4.9541331473394585	5.007663077715635
practical	5.204832069845602	5.015425737437259	5.356545317250949
surface	5.068366099803861	4.818469669534156	4.9746984570956725
account	5.098299213727414	5.015509335515904	5.219742769962035
loss	4.936399709075271	5.129007051251318	5.140442508451817
indian	4.969313176364983	5.070916444880688	5.1426203807011435
vine	5.1400692905939245	4.800286896559095	5.017709521154726
certain	5.053116279946019	5.066487926925674	5.228813882724642
sin	4.857850004131547	5.174326674324297	5.100506805925186
necessity	5.011691339693289	5.120195846481384	5.275263334825151
lose	4.9629774972759275	5.093044420298134	5.0692188910020635
private	5.100752625713323	5.10321235313973	5.308508530348097
gentleman	5.126101399783222	4.998928950494098	5.143219785476269
daughter	5.006948111288591	5.099483812384501	5.091922012048055
drive	4.816122534233093	5.126536548622329	4.971634259277679
strange	4.926055609401495	5.088519327107787	4.981762527239412
journey	5.1115742671798845	4.9592024414845834	5.07215577102898
uncle	5.0720538605258145	4.971020418005187	5.0255123848820675
species	5.070481211307466	4.963753179973246	5.1528082747639905
think	5.005951994625371	5.067849184852102	5.078432301988796
bed	4.9579490079396615	4.86063596137059	4.827099315103013
wind	4.909925893709766	4.978172080942253	4.890892756421815
bless	5.0534046306860665	5.001313910890234	5.021629022584506
destroy	4.884077890277372	5.133855035850335	5.124076859858276
author	5.221154979137114	5.0302560295799985	5.32111284948773
sustain	5.054349423415973	5.093985930279611	5.272227206047317
black	4.9423556722214395	4.894698039042996	4.87412754013161
event	5.076883365464467	5.129763597513961	5.2913223654806725
liberty	5.081615416489833	5.158030569072963	5.337013572216507
negro	4.935008537080646	4.9947855640693195	5.006937616232061
little	5.0875088981593946	4.925669928068608	5.021559530315538
fortune	5.067834975870434	5.114207128425765	5.186439360415493
touch	5.022182360792772	5.019268440106656	5.029928318923277
kill	4.752917980831521	5.127172018881852	4.910665137189093
feature	5.093374409248665	4.995655927487509	5.122626526170649
happiness	5.108889636550047	5.117071414776374	5.243146935165327
assume	5.075839929110899	5.075632719060361	5.2334313056918935
notion	5.078596215967095	5.025015328233965	5.1739876066954755
purchase	5.166626022892897	4.901098726521886	5.176179003786441
faithful	5.116064070538445	5.114240503607756	5.257492245245336
soldier	4.891211069377129	5.211352260550352	5.114108358246889
father	4.955258746524789	5.109695658764251	5.075992895935422
narrow	5.001997319224308	4.926867321732409	5.031894083645054
great	5.125634192078988	5.0424528962122315	5.26270081149311
tear	4.869422796990405	5.050882402608052	4.888890471337694
honorable	5.131091046141233	5.168127148836828	5.382380232761755
previous	5.096992669842465	5.004917138831665	5.219691563016314
good	5.082361785398159	5.031503024058763	5.136727686345484
domestic	5.1544095992119106	4.9926229988018465	5.210056186044898
glory	5.158067941888979	5.048319505444249	5.2079346674199405
lay	4.980178133316887	4.936709614999018	4.974781743618678
occasion	5.062865889755965	5.097825071185069	5.224833508841533
guard	4.8816653504918595	5.16251017984477	5.103787448755431
whole	5.074791088642983	4.988929537359998	5.171404939478282
mouth	4.9473796589055725	4.910496819708104	4.871127117015401
receive	5.137973918901604	5.019719466530089	5.24026029650107
take	4.994549333099698	5.014616072974659	5.072882520840383
simple	5.175310460338791	4.938053200168943	5.175505158685411
error	4.9900222031326615	5.1439342948693785	5.271994777782517
wisdom	5.108401919822186	5.128439183453903	5.296593804562029
rock	4.948024457724629	4.916922894160279	4.9185853771704515
decide	5.064595554516487	5.120480543837155	5.31622561281938
exclaim	4.8612480941618905	5.108952987574199	4.915271949684302
assure	5.041755373137368	5.110093122465689	5.172594349242956
sign	5.03077254060271	5.026325010872435	5.140763466406129
preserve	5.134459848746522	4.965174295270099	5.1888680863472905
commerce	5.1507867941313785	4.999754895302832	5.292549964336801
plant	5.121465799271372	4.817229343474923	5.018961162440008
walk	5.093444649288348	4.889569566701277	4.940800099428916
difference	5.104621523917304	4.989291578370484	5.228313196902638
hang	4.921930905795743	4.925084439397218	4.845556890010008
following	5.242962252944529	4.904630918372841	5.257818746721852
employ	5.146927347672587	4.956542484584746	5.225834486949531
