deal	4.979691093145155	4.998242959620324	5.082131661248067
study	5.209523321456297	4.915877560711006	5.235694935371451
afford	5.134932936261316	4.94318447528989	5.214657775290456
service	5.118827587740766	5.01117632645594	5.26802910228099
height	5.05769230916255	4.880497456421683	5.052735365255198
prospect	5.113342203476145	4.993619107019532	5.156659865375618
pleasant	5.186671079994514	4.841086592721892	4.964557440345233
shade	5.0983454843556215	4.857225340522104	4.950790965552199
listen	4.947084599485968	5.064096235365721	4.998401458884473
mighty	4.965054507053137	5.038638141771951	5.065912091327824
country	5.072791736682827	5.02085551495879	5.265747590295403
title	5.148086573599956	4.9753167000752345	5.326971516242787
choose	5.087481031663482	4.943710953697891	5.1951618218116105
village	5.110303124439728	4.9074443811601896	5.068820255589463
acquire	5.1539750936017485	4.981180280381547	5.294940795021745
rank	5.069568634593445	5.0626863395596775	5.258666024052055
bow	4.997228285528498	4.957722022492264	4.958970389284022
doctor	4.930405319728112	4.968853371389712	4.96916845356994
talent	5.170038901305212	5.026944239174785	5.309380564683965
source	5.124060736573045	4.9841112347868055	5.252507999995407
lead	5.002493190551254	5.029211324772154	5.135532482547184
question	4.980858452655887	5.040009965732553	5.240181776071957
publish	5.1734711334245524	4.9416586582921145	5.3219672522448995
interest	5.089714813798712	5.036095615496453	5.283602486870765
serve	5.0034234186078885	4.959695920094643	5.08139635851118
divine	5.072102015885743	5.02994113355426	5.23533525946387
put	4.909471031502951	4.906929650446652	4.9265372667309855
shadow	5.009956675369309	4.933145276066853	4.981613724717244
practical	5.118064923866658	4.982769078451775	5.322440068123447
surface	5.04998034361235	4.81084994381477	4.967711511193164
account	5.042799913722149	4.976126816305543	5.185953968659277
loss	4.89651261379233	5.089288622371881	5.120976582478144
indian	4.9202788166358475	5.034469701736384	5.1044983268656505
vine	5.117480436001489	4.796496394942992	5.020689384493787
certain	4.990586922976181	5.025541127131075	5.196788011406505
sin	4.804501145747212	5.135812552991423	5.072890546420406
necessity	4.949279852526268	5.076355240933742	5.247500703082828
lose	4.93344601159659	5.057420925697058	5.043726741037487
private	5.042613472916735	5.046604240746767	5.264024046664989
gentleman	5.071268939697289	4.941138349477026	5.084608864056942
daughter	4.971531784031129	5.055208147590458	5.049418625239115
drive	4.809361708738117	5.08394721456189	4.948968185833745
strange	4.900981425668751	5.049650293753773	4.943895926841651
journey	5.097074727795166	4.9365809645821335	5.036943453515587
uncle	5.036909467485765	4.924004530548894	4.979324956603978
species	5.022624638361199	4.93850555809162	5.140741545470818
think	4.958149273911392	5.024970071631546	5.041388420109951
bed	4.966860368589257	4.826371106294783	4.807737046530173
wind	4.916958395717069	4.955351989886479	4.883161052942947
bless	5.025250424047289	4.972633391656385	4.994779392822073
destroy	4.84536162096325	5.1013650674482305	5.112034852675421
author	5.138656325631654	4.9977711305336	5.276110957377097
sustain	4.9977307143063525	5.052933079588777	5.247402386363466
black	4.9235696736404675	4.86120651029465	4.840110357881
event	5.0235450399319	5.092907725665981	5.2568824354045445
liberty	5.010718530337951	5.117418057404601	5.305853842310765
negro	4.892401172216273	4.954929712157652	4.963230998074576
little	5.0491601023322135	4.89146791135131	4.986567111854932
fortune	5.023524354390297	5.075336054999271	5.149873259319223
touch	4.9844365315087105	4.973697285174948	4.990862914762893
kill	4.723564136508447	5.0885003359046275	4.886234267937442
feature	5.049962047307855	4.953870300178291	5.075778784866767
happiness	5.058331435926526	5.082531814562941	5.215363480052838
assume	5.013702120524842	5.024919661477112	5.189038298894258
notion	4.996506986364651	4.984462627956795	5.129433918082002
purchase	5.1249900125348296	4.874968559985066	5.147548575916479
faithful	5.056268365083672	5.065849280162518	5.207677892331477
soldier	4.859421199264773	5.154697884288297	5.066299044362745
father	4.916923794534939	5.064001009569389	5.0339918097545455
narrow	4.983815924108634	4.90133417536943	5.00356644917468
great	5.066747698490594	5.0093536707432955	5.229287178385736
tear	4.860760001658661	5.012675667635827	4.870511931857602
honorable	5.053110862249742	5.115362742015199	5.33462014247906
previous	5.051103086395726	4.963752748634317	5.189632153134318
good	5.025815986587558	4.98772712555613	5.100276367467094
domestic	5.099117869574797	4.956563341733168	5.183603230640363
glory	5.115318561242179	5.031170611269933	5.176199816578838
lay	4.964576484088811	4.900179227883513	4.9476538125813585
occasion	5.011009703137249	5.045386341495768	5.186684811769153
guard	4.86243821240959	5.106718098074288	5.0641481282567975
whole	5.031852882715919	4.95304380214269	5.139669887756464
mouth	4.935468037390439	4.871577227224904	4.833232958611911
receive	5.086090551786185	4.975294765440096	5.206619532161028
take	4.957552652441628	4.965866561405059	5.039037221175758
simple	5.1122820879027575	4.904358423757665	5.135948442950433
error	4.912191033753387	5.108627555473752	5.245991774009088
wisdom	5.034988536134634	5.092854183728921	5.2570541438226375
rock	4.953339742979434	4.903849570228455	4.904673106988868
decide	4.9911090515146235	5.070591168957083	5.276853145393512
exclaim	4.844494249078957	5.052424553784929	4.866205168207619
assure	4.995167508865577	5.06251804805848	5.1307062351527515
sign	4.982470021656743	4.977262935457397	5.093507721115062
preserve	5.082784766781963	4.9338400112950165	5.164859444859345
commerce	5.100891004617963	4.976291327390089	5.2723453033480885
plant	5.090735606800862	4.811746844611083	5.016942659179523
walk	5.081326186326193	4.857597622325866	4.900675981716336
difference	5.031819218365103	4.956360282310696	5.2017716595535575
hang	4.920689826573039	4.889313864756801	4.819942599858053
following	5.188160315300562	4.865318622324409	5.221861893376642
employ	5.09057648292841	4.919858759678225	5.191137118773888
