deal	5.034463678411196	4.9868530002211475	5.0970161215530645
study	5.2665651858788705	4.889222292913909	5.2378162469195795
afford	5.163298234079865	4.926671937985827	5.202006886576485
service	5.170061220597098	4.976528689216358	5.267996223288087
height	5.053517299963713	4.863262327783793	5.021345549166343
prospect	5.147993859924271	4.967472714777014	5.156103562945125
pleasant	5.232080113171913	4.827844142459432	4.967550533109896
shade	5.123226085031421	4.833261721740683	4.940742485741158
listen	5.025261632320605	5.046277967208856	5.038304130620704
mighty	4.995297202328231	5.005578334462985	5.075807079947405
country	5.107732885877012	4.983584570986533	5.256768951855678
title	5.199460082222535	4.941488214607166	5.321938155207407
choose	5.1304590257110965	4.920126858990414	5.180437843755635
village	5.136908857284106	4.882009156496486	5.059440770722077
acquire	5.196403693136626	4.952335740302083	5.286016941435823
rank	5.116044105793303	5.024205636226331	5.256568521147552
bow	5.0406981449258685	4.946609388828582	4.973274738024372
doctor	5.013205993780393	4.961809242816429	5.001428534341241
talent	5.2253316608208165	4.997439983207275	5.310153742915334
source	5.157606913351689	4.957960835869067	5.248054704471779
lead	5.045909837084183	5.0056904730101	5.141882001158629
question	5.05467041196184	5.014799297270171	5.2528611663362845
publish	5.2218227217670234	4.914564532365592	5.312713535917453
interest	5.140160710833403	5.0101509449772905	5.282211540960466
serve	5.047267386204248	4.941475254922559	5.083554375487579
divine	5.127506932235669	4.989845446619141	5.249532135457795
put	4.955230148906863	4.917206649586498	4.937792902295429
shadow	5.042431976499094	4.908005898072586	4.984006341313586
practical	5.167134432932697	4.954114363671452	5.313262999110338
surface	5.05140235117719	4.808252364936398	4.943009671748626
account	5.088695583892121	4.964634453336943	5.185014685526584
loss	4.942794922016064	5.0645395461119005	5.125174038144698
indian	4.9623584010357655	5.006087921088979	5.111175382900105
vine	5.1225183346074425	4.7844570028549915	4.988302927455378
certain	5.0400939728426355	5.004172094164891	5.198991725728928
sin	4.875751131033051	5.0928442792089035	5.102196872986736
necessity	5.001283583923695	5.048976587905	5.249360525744539
lose	4.97572738680897	5.035870945559709	5.054223622930827
private	5.09436933988366	5.0211315086590576	5.26504490460812
gentleman	5.140440100315513	4.935328595546762	5.101848501867384
daughter	5.046929307314263	5.016023854254677	5.071797839439332
drive	4.840734724158186	5.068147766889757	4.958500033775672
strange	4.9680804692668366	5.026417577485494	4.973673710767463
journey	5.1328195032153605	4.919304139826418	5.0459669276628585
uncle	5.10508876308506	4.919363804096836	5.001484203108554
species	5.040483742547244	4.9298326174479135	5.125313087424108
think	5.031355150362116	5.0077840860304725	5.065824291947363
bed	4.999364652803717	4.82883672791333	4.8097673960019796
wind	4.93906054642474	4.943427648809804	4.882129222781737
bless	5.081060710434485	4.940029523399901	5.015481305211726
destroy	4.880753141517594	5.063763380151604	5.1106741856533535
author	5.201436174464473	4.969617585916275	5.282526011301898
sustain	5.033476675861454	5.023651834904095	5.2395743152278005
black	4.9501070827272295	4.853819126791281	4.837883085040072
event	5.079749447767473	5.0557701328627935	5.264713846016145
liberty	5.066969550837495	5.068967832073385	5.3047679834359185
negro	4.938429158596935	4.943928074994147	4.9716341171434575
little	5.096062488996216	4.887393303040443	4.989882058822683
fortune	5.075280763061763	5.045775510417067	5.160760840581319
touch	5.043454880083001	4.9648444919382415	5.010237462909339
kill	4.784806648962656	5.065106095717099	4.907982991823433
feature	5.100740354022036	4.933896800957768	5.085698860591988
happiness	5.118699216651536	5.044003263031022	5.2271728845154355
assume	5.069126570350289	5.003917663556577	5.197749249083089
notion	5.063976736718846	4.972614008221312	5.1424787655858815
purchase	5.147175442975903	4.864268137240422	5.136887781624216
faithful	5.126444260164541	5.025668298876894	5.2268555632958735
soldier	4.916953437070371	5.1169234113310855	5.090727509663772
father	4.991691644239087	5.027154210029573	5.0640668406158875
narrow	4.993713822454742	4.8921854340019	4.990826455345541
great	5.101564407582642	4.985238357231914	5.225302160313021
tear	4.916126256617017	4.9904615192585915	4.890731096969758
honorable	5.121008985390753	5.072920730719554	5.343613992126131
previous	5.094620700248812	4.945495517465681	5.182819444195211
good	5.086325054382856	4.9694938141544736	5.112820256387215
domestic	5.146288827341747	4.930399617590085	5.178073119837044
glory	5.148626491627819	4.983754993160166	5.182604681881687
lay	4.989630758480447	4.892748845777006	4.946473809021311
occasion	5.071618345791258	5.02740828427573	5.199397680671641
guard	4.909444802128796	5.078205489552287	5.078489242852518
whole	5.060335203707263	4.936936498596537	5.132410445865008
mouth	4.96553655146643	4.8818231942667	4.845266003604387
receive	5.131162086829494	4.958469702932878	5.204126584888479
take	5.00676777291375	4.959412567040501	5.046547582497475
simple	5.158247435071574	4.888420208723219	5.136861626667389
error	4.977721780913807	5.072547044045587	5.251873454241647
wisdom	5.094623194186139	5.049592867786964	5.273084787112663
rock	4.956545334837435	4.890165907269124	4.893192471017719
decide	5.060166292425748	5.043860856692516	5.28277054598034
exclaim	4.91379573188219	5.04653453237692	4.905728231460982
assure	5.0589939714323915	5.047082241308556	5.155415022616546
sign	5.037181992044545	4.961012777330486	5.109130565208956
preserve	5.11072464385271	4.912709157824102	5.15175985134115
commerce	5.121164917866304	4.950682001983997	5.259434417915291
plant	5.098905642653533	4.79599767500447	4.987355738831938
walk	5.122286216458247	4.852892278455734	4.908783340980101
difference	5.075856326217591	4.936780418499947	5.189609351143287
hang	4.948902381536489	4.883448447098958	4.82036354549083
following	5.232080838226521	4.853206812492141	5.210597844999505
employ	5.115760901185323	4.910067189380981	5.177859261069849
