deal	5.074173940501515	4.998776619291121	5.1228333259161
study	5.279672391991924	4.901177998791544	5.26170216123246
afford	5.200014164850822	4.932747320888866	5.23399558312187
service	5.195492147187681	5.013167971229224	5.2940509830716485
height	5.105372192107644	4.839824473877335	5.045958129774772
prospect	5.174637191824859	4.973237556953554	5.173145076465612
pleasant	5.246590230276155	4.818362343202817	4.978941776116911
shade	5.154369241074682	4.815340371665957	4.961685817975674
listen	5.050727559924124	5.043921914249172	5.045629071605034
mighty	5.039029104357919	5.010553761982573	5.094694241133054
country	5.144729602261931	5.00532610714246	5.287669560822513
title	5.230897565021132	4.953424641220306	5.3486926544362845
choose	5.159683768846615	4.938288046195718	5.206509975683163
village	5.164206865764409	4.886769501416853	5.075682807927909
acquire	5.235722233104995	4.963603692034118	5.319949666882146
rank	5.159523429245612	5.044432124234438	5.287387021613818
bow	5.082082505171968	4.93363941026771	4.98575365612306
doctor	5.034053037671498	4.97182526706148	5.012053024356851
talent	5.2623768225454794	5.012158530653125	5.345182845979145
source	5.193259506997379	4.955557701400058	5.276698349815024
lead	5.083105049228037	5.015511690079428	5.167992519901484
question	5.084935836073831	5.028227428352002	5.275338252450389
publish	5.243204997800658	4.928744077524473	5.340428569234904
interest	5.1708265035143715	5.029219893839751	5.311333710529719
serve	5.083877496382599	4.954385183474594	5.108713717841044
divine	5.153589649892644	5.002805839861575	5.273357663133854
put	5.004318585573147	4.913764349102103	4.96111529072247
shadow	5.0762743946255595	4.8920730684779965	4.999748412962575
practical	5.2018344371273395	4.970940985477974	5.350764288451775
surface	5.105336954589118	4.7719788529046845	4.9686475193233415
account	5.122020688413013	4.973828154288815	5.211240722607673
loss	4.984623946504052	5.086991313870499	5.151548835321324
indian	5.016512220424455	5.014649611930921	5.134008931692162
vine	5.166657597817493	4.767993980075991	5.018770790175178
certain	5.083925129511504	5.0139210360526425	5.228508573746938
sin	4.904875352623756	5.123015940708459	5.126227020114217
necessity	5.0436473561321025	5.070141598799752	5.281113108777736
lose	5.020470388158582	5.042568224281835	5.075154191167249
private	5.121426478837142	5.053509022974331	5.295869748441704
gentleman	5.162892938223081	4.944127976629955	5.11561198454248
daughter	5.060729770251297	5.037321881404734	5.079155841364565
drive	4.895992546071529	5.075012392751546	4.979112139725629
strange	5.002684915058917	5.023441492012101	4.9844762595083205
journey	5.153170915472087	4.921343757236764	5.05221687696214
uncle	5.11800879076701	4.92410497086178	5.0105630821488285
species	5.100280648094055	4.922505714744728	5.157762402617144
think	5.058705630117108	5.016614106302938	5.0827499907603775
bed	5.025462208996964	4.816869741153718	4.821492593579439
wind	4.993658851151111	4.923680969535314	4.900637258786534
bless	5.09889360550674	4.951207960929782	5.02462624349433
destroy	4.9339075660926826	5.090090928249382	5.145951812929598
author	5.226901075128993	4.977153634202611	5.310843791423832
sustain	5.076384279255746	5.045415905904226	5.275498046098189
black	5.0024976453446	4.836487504758157	4.854279440706796
event	5.102816754960618	5.075466590199671	5.284777539021281
liberty	5.098992613769815	5.105885084151705	5.3408689814146495
negro	4.985718616520715	4.952218228891307	4.9937397281375215
little	5.129942185572739	4.883029607831965	5.011386469067891
fortune	5.109448011121	5.0683704171428845	5.183665256680601
touch	5.079687991729638	4.9494499501948255	5.028325094875054
kill	4.833095694466089	5.08017883144597	4.925291586845199
feature	5.1314621901877775	4.917604637006169	5.0993779533882355
happiness	5.140551104782905	5.0638373739052795	5.251111376188723
assume	5.1073114564417175	5.010146202145496	5.219111374761097
notion	5.104089812897755	4.976111809982903	5.170170317983631
purchase	5.180619003730215	4.87582703568257	5.15785233904234
faithful	5.1467255093821676	5.05566153482137	5.249409734620657
soldier	4.963224375056836	5.14551951539865	5.10888084693775
father	5.007590950152419	5.04988085783911	5.072661083597728
narrow	5.044655102215039	4.87505172215973	5.015336565209976
great	5.143450405592324	4.99605276362779	5.2536318416963095
tear	4.948091088939249	4.989001467035156	4.90367799250802
honorable	5.150252980470078	5.111294235124301	5.375582336072755
previous	5.1193507765707436	4.959694482887668	5.206059788343555
good	5.120242511916975	4.988802064635317	5.1393680430296005
domestic	5.17599163103386	4.9502872105546105	5.210111849928803
glory	5.1805252037935485	4.9950972373948135	5.200642777667057
lay	5.029967468653557	4.887936883812954	4.967467272069895
occasion	5.100918925368159	5.047130884091782	5.2230312550583085
guard	4.958615837118879	5.100165216699276	5.101749931973066
whole	5.101397505078521	4.93795769636626	5.155782232049872
mouth	5.022521051094871	4.845491259424462	4.85785093851954
receive	5.164061072043771	4.972659981833012	5.228601174587779
take	5.043257428538014	4.9673391926648165	5.0692458192056025
simple	5.191913634891635	4.883846999051488	5.1632594051003196
error	5.01492779002893	5.093518031644281	5.288874564951728
wisdom	5.130205456133621	5.07308810080488	5.302001382073341
rock	5.013231869925969	4.863003769342565	4.91260495411403
decide	5.093619402663826	5.06096959202216	5.309713342636458
exclaim	4.953864990884476	5.035139846933842	4.9131572360654046
assure	5.092560671176477	5.052978587998801	5.169340192025413
sign	5.073258944078527	4.958173455126894	5.122861147473883
preserve	5.150463726231588	4.920001944157067	5.184752422611057
commerce	5.172239337510478	4.95686089869158	5.286721168959909
plant	5.1462074098018755	4.782509995907731	5.021543402312282
walk	5.142705322529635	4.844222969248948	4.920612125091175
difference	5.117918305656682	4.941568876398695	5.224246661290156
hang	4.995595517756156	4.868714716115865	4.8403517581422
following	5.248498522909694	4.854061430840333	5.233496919321603
employ	5.164428244375439	4.915448476288442	5.211144276022376
