deal	5.039091295907183	4.996668427468647	5.077554176869106
study	5.26914530523394	4.894225442397323	5.217344115580227
afford	5.1768335444869855	4.934107244402864	5.198771906395383
service	5.171066834652754	5.005382705149594	5.255213432884888
height	5.045997609100652	4.872792169330742	5.016784936309289
prospect	5.146268063922085	4.978285989767889	5.133362765743355
pleasant	5.221397305928344	4.833847734660186	4.938263401925088
shade	5.1023586794954054	4.8401845574532585	4.915109145928917
listen	5.012490278812276	5.040361057707234	4.9852532790740165
mighty	4.979945423002411	5.018707566126692	5.036774076070562
country	5.111905246936788	5.006143376552224	5.248955006509493
title	5.21758361518291	4.95341866774155	5.311740321060061
choose	5.125267639431008	4.942247191294826	5.1661167946457045
village	5.130346626707387	4.908909650478772	5.0410612612120955
acquire	5.2101400859363345	4.959870507268229	5.277521409097876
rank	5.1197724621847405	5.048500224014444	5.25162136518355
bow	5.03252827348698	4.950720906108218	4.949342394531795
doctor	5.002165789497194	4.972413009480511	4.965428220685608
talent	5.236044306993305	5.0059858876463315	5.298639709195429
source	5.1598373202883066	4.959289319085956	5.222744819273945
lead	5.048558812563464	5.014474831430696	5.124606301959256
question	5.053219906509781	5.025136471708031	5.227998500282184
publish	5.236400892209578	4.930065512402301	5.302904385276621
interest	5.143286573679456	5.021219011480616	5.2677831003630216
serve	5.045786031257659	4.959689014546281	5.069395763477714
divine	5.105094705280417	4.994519166577152	5.201847405421087
put	4.949949294391586	4.92846399465915	4.920541960324046
shadow	5.022947956053491	4.909867436702862	4.946604447966254
practical	5.175197021034485	4.965346124284915	5.304452272188852
surface	5.040106122425883	4.813108382501846	4.932705143908956
account	5.098173377654105	4.976039061746987	5.172477859565736
loss	4.9361797827356435	5.07830534839079	5.094311307784847
indian	4.963097413812701	5.033149937850093	5.08808610997885
vine	5.109919399369236	4.797535603260192	4.978236228846689
certain	5.04066776900763	5.011214714586766	5.177943371323106
sin	4.836172427261874	5.105796505371076	5.033883895819413
necessity	4.99858626710521	5.064263143905765	5.230329804721107
lose	4.972154392113845	5.039195876384258	5.020724388621252
private	5.1014870028663095	5.0433911271258545	5.259085440301608
gentleman	5.151245456553371	4.94947920387074	5.093913669075779
daughter	5.029336420181983	5.030491472436218	5.02655079969631
drive	4.83486066138554	5.08641218089893	4.934007132663481
strange	4.9540477411150015	5.024044166314984	4.922490570808653
journey	5.135330214978027	4.930344071116562	5.015486396081726
uncle	5.102827034379549	4.92776922421378	4.966766033524111
species	5.038272591431341	4.936687688034928	5.1101878125239155
think	5.024242847059071	5.010226117263817	5.02595621234643
bed	4.969131887548041	4.839417240719149	4.771975717377139
wind	4.917778845424115	4.954235706160642	4.8495139917639225
bless	5.053939038832684	4.949399847273488	4.954093100136239
destroy	4.866931267885659	5.085116948288166	5.081558518854791
author	5.211812926191971	4.972712054271962	5.260492414260779
sustain	5.027154709225846	5.039312504254455	5.225127957174592
black	4.94033996292131	4.872202234472539	4.826852537884179
event	5.0768133937249385	5.069263452522119	5.233240378354153
liberty	5.060732421307666	5.098317427458119	5.285335610170807
negro	4.935331905810067	4.967920621223314	4.9513511617615436
little	5.096795812179726	4.8920080359602585	4.972542952122894
fortune	5.08020158299709	5.0584070111811394	5.138618433561646
touch	5.0339925674786	4.957484514333318	4.974544138923484
kill	4.765722095557674	5.091417712290789	4.85948198516337
feature	5.089026221618876	4.931833122589059	5.062324563523924
happiness	5.105966219130343	5.050467253848065	5.186543063627748
assume	5.06945072189378	5.011046615364986	5.181458058435335
notion	5.071209356443643	4.9779358906048525	5.124809614878856
purchase	5.154213263782997	4.878072040012424	5.124359359274452
faithful	5.11955060669005	5.041341818013989	5.192406977871426
soldier	4.912535279575767	5.149693114936887	5.066316511525488
father	4.9691182405699355	5.041106433198691	5.0082594380454895
narrow	4.9910215685643	4.899315464865804	4.983062610443607
great	5.106894001471072	4.996476428442213	5.212372659917387
tear	4.8797141320591955	4.99828802845827	4.832907702551807
honorable	5.130490456566893	5.0952766438206325	5.330839861487857
previous	5.093631468748525	4.9616928645157525	5.16627636570555
good	5.0885572932417285	4.984349031090177	5.090390671719337
domestic	5.142248458682639	4.947130079374289	5.1660984489494375
glory	5.1310822783938095	5.000194472352768	5.143525667642857
lay	4.977081490301978	4.902365581549376	4.9258936490694225
occasion	5.0701215516564675	5.0436519765996	5.1790121091546135
guard	4.9041525245368796	5.104478497888656	5.059704075944725
whole	5.055813413797774	4.950597560820064	5.119316434044464
mouth	4.958416834197664	4.887480362775613	4.822540004984468
receive	5.137831892373689	4.971425279953612	5.191531948435455
take	5.006798975193774	4.9722950947561975	5.028432431184908
simple	5.1551727628512936	4.885997866670046	5.114637088280879
error	4.972812255334532	5.081002292698718	5.22321762382553
wisdom	5.086606852218333	5.058532711660097	5.235551365703409
rock	4.938739616021717	4.901291531838366	4.865291979568389
decide	5.062555987194189	5.0563863367447555	5.263815476664636
exclaim	4.90452293217788	5.046116136207917	4.861474070380237
assure	5.069803412902538	5.047620885536167	5.12731463336206
sign	5.031587639889685	4.967619467238008	5.078149539356103
preserve	5.110365335229068	4.925836502949254	5.142329280123193
commerce	5.127303634169018	4.971862432795432	5.257782512725163
plant	5.085479276744739	4.8089808758808745	4.9743840257567316
walk	5.112814750034773	4.8568493384839	4.883491275029679
difference	5.075582039578593	4.948609651665705	5.177198710690377
hang	4.9312599156469545	4.8905047917394135	4.795759611223217
following	5.2390784227124225	4.864373090748921	5.196163351591557
employ	5.122920197969112	4.922823611853582	5.178726713414492
