deal	4.970397	4.289215	5.1280346
study	6.236329	3.982163	6.5438237
afford	6.1876364	4.0215425	5.679824
service	5.6329494	3.9479067	5.9475193
height	5.151706	4.2879977	5.101744
prospect	6.811268	4.3785996	5.979614
pleasant	6.8437366	3.907187	6.0129237
shade	5.1999717	3.5657926	5.3097234
listen	5.2292747	4.2352514	5.5205755
mighty	5.6953883	4.4408064	5.5618567
country	5.4037585	3.6611032	5.557194
title	6.222304	3.744916	6.0042577
choose	5.3539257	3.6087875	5.8261733
village	6.0289516	4.0052023	5.5770597
acquire	6.4127293	4.463525	6.7150784
rank	5.101072	4.027464	5.1538258
bow	5.8392034	3.4220781	5.799533
doctor	4.956355	3.894102	4.9289145
talent	6.8962398	4.5904546	6.709036
source	6.0180874	4.269896	5.6255193
lead	4.933183	4.0260906	5.5578856
question	5.301299	3.9437754	5.6089945
publish	5.3988914	4.0220027	5.707835
interest	6.030475	4.049841	5.8234973
serve	5.147838	3.443337	5.588595
divine	6.4657307	3.9792943	5.6476307
put	5.56801	3.9004104	5.643805
shadow	4.967051	3.3855362	5.1533194
practical	5.657138	3.9280243	5.9596567
surface	5.189995	3.2093437	4.915187
account	5.7021494	3.9773467	5.5956635
loss	4.4827785	4.442102	4.580687
indian	5.031764	4.93825	5.357287
vine	6.25972	3.6594815	5.7253823
certain	4.925412	4.4646664	5.413434
sin	3.5458772	4.33653	4.293666
necessity	4.275706	4.2259502	4.740552
lose	4.7389784	4.5809035	5.1673527
private	4.4125996	3.7167013	5.2010174
gentleman	5.5704494	3.552692	5.234424
daughter	5.4783707	4.2181783	4.974624
drive	4.0401983	4.6850724	4.6393747
strange	4.5710187	4.798381	4.592286
journey	6.0859175	3.7283602	5.7936964
uncle	5.8866925	3.9507139	5.927819
species	5.4003253	4.491569	5.125976
think	5.4704843	4.2790627	5.513708
bed	5.4968204	3.368617	5.4803114
wind	5.173259	4.058574	4.9391384
bless	7.2988153	4.057225	6.3037276
destroy	3.8766494	4.980442	4.7448583
author	5.645028	4.2089357	5.221399
sustain	5.2475724	3.962866	5.7005525
black	4.4381733	4.4652853	4.58031
event	6.0196304	4.3518615	5.088956
liberty	6.93112	4.8660054	6.2636337
negro	4.365044	4.3267865	4.468118
little	5.022553	4.044624	5.0652966
fortune	5.9355173	4.2139635	5.4955835
touch	5.5739555	3.7370796	5.4673667
kill	4.33272	5.1304407	4.716716
feature	5.238454	3.8762112	5.4417787
happiness	7.278538	4.3673425	6.5315866
assume	4.1901345	3.6871216	5.076454
notion	5.752158	4.015153	5.527005
purchase	6.1777797	3.7267118	6.386936
faithful	6.2818823	3.64543	6.027241
soldier	4.3690715	4.504329	4.8954434
father	5.6338043	4.0130405	5.16553
narrow	3.5670776	3.8083858	4.4056726
great	5.31907	4.1053567	5.244938
tear	3.9178798	4.0388894	4.437806
honorable	5.634395	4.3701973	5.9526997
previous	4.4853115	3.947445	4.978393
good	6.096901	3.6837962	6.042651
domestic	5.0657926	3.7257206	4.9204063
glory	6.884774	4.4823318	6.1192837
lay	4.9524813	3.3281045	5.627482
occasion	5.25873	4.2592626	5.0673075
guard	5.0342464	3.8180053	5.3077207
whole	5.170158	4.049412	5.081761
mouth	5.090352	4.126749	5.5786705
receive	6.320483	3.7466626	6.0775585
take	5.351123	3.786281	5.79568
simple	5.960412	3.7033854	5.8580256
error	3.5193958	4.3801594	4.2275558
wisdom	6.3297386	4.086939	6.1875906
rock	5.5565968	4.2086835	5.2748275
decide	5.054417	4.0972657	5.697023
exclaim	5.783848	4.745479	5.6449413
assure	6.870402	4.0177345	6.528172
sign	5.054366	3.4420118	5.3340526
preserve	5.926785	3.4973755	5.864361
commerce	5.5804873	4.347	5.5712643
plant	4.852102	3.8077114	5.1872206
walk	5.7789726	3.738213	5.8745117
difference	5.2295084	3.9915042	5.311112
hang	4.7966056	3.8228197	5.0790243
following	6.5453286	3.5464623	5.9582257
employ	4.9826465	4.0079703	6.1241007
