deal	5.035289	4.3532276	5.127995
study	6.1481056	3.9631026	6.410086
afford	6.2073126	3.921921	5.7533484
service	5.650995	3.9361353	5.970618
height	5.1604943	4.272599	5.1751432
prospect	6.749426	4.3348393	5.9649425
pleasant	6.8321557	3.9766645	6.045166
shade	5.1046553	3.6149426	5.2264466
listen	5.1941805	4.1833987	5.4663277
mighty	5.695945	4.4942646	5.550211
country	5.3926873	3.6885037	5.464287
title	6.320131	3.782269	6.016835
choose	5.3799825	3.5376399	5.821236
village	6.01772	3.9857574	5.559923
acquire	6.4718933	4.516488	6.667153
rank	5.1103787	4.011812	5.086839
bow	5.9066176	3.4790506	5.896429
doctor	4.8826733	3.9158907	4.879613
talent	6.97482	4.572649	6.7044067
source	6.0331464	4.2429852	5.625193
lead	4.783638	3.9455824	5.401837
question	5.2747426	3.8634367	5.452027
publish	5.3655624	4.090743	5.7014294
interest	5.943733	4.0109525	5.7917547
serve	5.160012	3.4820352	5.66888
divine	6.4383883	3.9764223	5.688261
put	5.628836	3.8742409	5.6676993
shadow	4.9106	3.3421268	5.139104
practical	5.6708183	3.924131	6.0047846
surface	5.1627874	3.1652923	4.9321876
account	5.601225	3.9571815	5.5372953
loss	4.4520674	4.390777	4.6017027
indian	5.0491266	4.890372	5.3831115
vine	6.293146	3.7175508	5.759576
certain	4.9153075	4.4444	5.3671947
sin	3.535602	4.3547235	4.340184
necessity	4.3620377	4.2026677	4.8046603
lose	4.684143	4.4844675	5.0497017
private	4.4006257	3.7389612	5.192432
gentleman	5.6663904	3.4916792	5.3909636
daughter	5.5053444	4.2527237	4.996216
drive	4.1437135	4.6936917	4.733246
strange	4.660194	4.845254	4.600777
journey	6.054961	3.7869127	5.7991943
uncle	5.887676	3.9211426	5.866995
species	5.3974566	4.535003	5.198332
think	5.4039855	4.2580442	5.48385
bed	5.391589	3.4206338	5.4267597
wind	5.1350946	4.057059	4.922492
bless	7.216399	4.062891	6.2878866
destroy	3.8980994	5.030593	4.7371373
author	5.579425	4.222001	5.212042
sustain	5.2229176	3.9525323	5.6936526
black	4.410666	4.55219	4.469078
event	5.885435	4.396913	5.0447264
liberty	6.860928	4.821689	6.1653037
negro	4.318145	4.308984	4.4930573
little	5.0232325	4.0358195	5.024375
fortune	5.868658	4.3220167	5.443327
touch	5.557662	3.676757	5.4954844
kill	4.3318815	5.1374383	4.769738
feature	5.247642	3.865387	5.397429
happiness	7.2560067	4.2692494	6.5044117
assume	4.1102905	3.73242	4.9931936
notion	5.7100205	3.9675503	5.478163
purchase	6.120427	3.794862	6.3686013
faithful	6.276097	3.6470606	6.0243225
soldier	4.4685354	4.4066567	4.9384384
father	5.7446766	4.0799203	5.256714
narrow	3.5332096	3.8142219	4.3802967
great	5.1605	4.1412168	5.13887
tear	3.9423912	4.0195656	4.5007553
honorable	5.591531	4.273604	5.9367275
previous	4.460703	3.9512653	4.9912972
good	6.105055	3.6897633	6.0437226
domestic	5.1454964	3.7468123	4.9660435
glory	6.7653756	4.494518	6.0604568
lay	4.8712125	3.2889843	5.544884
occasion	5.1200905	4.228693	5.0470862
guard	4.9237976	3.8152742	5.275787
whole	5.1820264	4.0575585	5.185682
mouth	5.0621023	4.1435227	5.3898325
receive	6.3355727	3.721708	6.083086
take	5.1939106	3.7091513	5.576377
simple	6.072918	3.696363	5.909889
error	3.427653	4.3506665	4.195401
wisdom	6.293873	4.0573716	6.187298
rock	5.532177	4.2555814	5.228771
decide	4.9987063	3.9693644	5.503703
exclaim	5.7684975	4.768559	5.671105
assure	6.7875957	3.9593341	6.5382414
sign	5.085896	3.4805255	5.2861624
preserve	5.881402	3.427802	5.8373547
commerce	5.6358647	4.3350835	5.6001334
plant	4.8991456	3.8012846	5.1698947
walk	5.67857	3.7396042	5.8284273
difference	5.2014627	3.9454348	5.2660074
hang	4.7696853	3.832059	5.063698
following	6.644794	3.5196455	6.0989485
employ	4.891379	3.9219847	6.0708327
