deal	4.946811	4.313715	5.0749655
study	6.212261	4.0058994	6.493828
afford	6.196484	3.980805	5.7012067
service	5.6219797	3.9289904	5.955186
height	5.117309	4.2978578	5.1515193
prospect	6.7673197	4.393555	5.958186
pleasant	6.809161	3.9663193	6.063164
shade	5.097499	3.6313162	5.235741
listen	5.2496386	4.2371483	5.5115004
mighty	5.7098827	4.508802	5.566249
country	5.472369	3.63027	5.606354
title	6.298437	3.8016613	6.014701
choose	5.444281	3.5334072	5.8519535
village	6.048653	3.9742603	5.5167623
acquire	6.540719	4.542844	6.705362
rank	5.09847	4.0405126	5.1216445
bow	5.822578	3.4370565	5.886687
doctor	4.991758	3.9047523	4.9476757
talent	6.9310036	4.584403	6.7177477
source	6.028943	4.2825255	5.594357
lead	4.929084	3.9891548	5.5322595
question	5.379688	3.8023307	5.5167537
publish	5.425996	4.063177	5.7562423
interest	6.013743	4.0622334	5.800566
serve	5.1520767	3.437509	5.6729994
divine	6.4376993	4.0372877	5.710892
put	5.5635414	3.7725558	5.6625795
shadow	4.895678	3.372738	5.1060534
practical	5.604508	3.9372807	5.978733
surface	5.1670265	3.1900585	4.883671
account	5.741975	3.8870225	5.594844
loss	4.4845	4.3308563	4.533558
indian	5.132144	4.9385986	5.325159
vine	6.2252126	3.706226	5.7453194
certain	4.9488196	4.4967995	5.415407
sin	3.5200202	4.377507	4.285395
necessity	4.2807717	4.282853	4.695266
lose	4.6990824	4.535052	5.095864
private	4.4849663	3.7353854	5.275419
gentleman	5.5342684	3.5668707	5.289791
daughter	5.534553	4.190468	5.004253
drive	4.084845	4.6833096	4.6240425
strange	4.572	4.8586693	4.582974
journey	6.148547	3.7705374	5.8317466
uncle	5.866255	3.995306	5.8518553
species	5.3988175	4.495765	5.1739297
think	5.4273577	4.2821884	5.5073104
bed	5.3703513	3.3573601	5.3841715
wind	5.1008787	4.15275	4.943758
bless	7.164417	4.023621	6.298873
destroy	3.8484843	4.9697237	4.767222
author	5.630698	4.208081	5.275903
sustain	5.226365	3.9251106	5.6913347
black	4.4352193	4.598237	4.489364
event	5.8882804	4.373376	5.057722
liberty	6.8510714	4.853957	6.154992
negro	4.322689	4.3217664	4.4551487
little	5.033914	4.0928707	5.002299
fortune	5.9370475	4.2333293	5.524468
touch	5.574418	3.7507372	5.460801
kill	4.422176	5.165153	4.7948513
feature	5.356634	3.8947725	5.4736423
happiness	7.2722745	4.4143286	6.5303564
assume	4.168945	3.7181194	4.9676657
notion	5.7220373	4.037517	5.4910574
purchase	6.2625704	3.7327049	6.439336
faithful	6.2716355	3.6939282	6.063495
soldier	4.4694085	4.3594995	4.9473996
father	5.6499996	3.997592	5.1655564
narrow	3.462203	3.8815699	4.363084
great	5.1532316	4.1059413	5.185895
tear	3.9901538	3.9482837	4.46443
honorable	5.616239	4.2804317	5.9328184
previous	4.528143	3.9640048	5.0075226
good	6.158454	3.5869203	6.1577263
domestic	5.1116147	3.6540647	5.039982
glory	6.764628	4.4537187	6.0784492
lay	4.6936197	3.3471203	5.480058
occasion	5.215098	4.1913857	5.0292177
guard	4.9530826	3.7972906	5.3305397
whole	5.215547	4.0437307	5.18753
mouth	5.125925	4.188197	5.51645
receive	6.2897615	3.7973008	6.0194483
take	5.2891345	3.6723137	5.5972495
simple	6.0172234	3.7376213	5.8679714
error	3.4173543	4.365985	4.2413254
wisdom	6.279333	4.0861125	6.0913925
rock	5.5200224	4.2493806	5.211394
decide	5.056569	4.027526	5.53358
exclaim	5.702301	4.7583265	5.6438293
assure	6.8347445	4.012926	6.519561
sign	5.0504146	3.461122	5.2706604
preserve	5.8785005	3.446135	5.89684
commerce	5.597743	4.3938675	5.578621
plant	4.8145504	3.7556849	5.1536646
walk	5.6139536	3.7572584	5.8764296
difference	5.1756516	4.0187893	5.262368
hang	4.7304068	3.841145	5.118971
following	6.619903	3.5503495	6.0510616
employ	4.986615	3.9166036	6.126754
