deal	4.993141	4.3521104	5.153449
study	6.180399	3.93829	6.512092
afford	6.1242757	3.9170508	5.701956
service	5.589173	3.98767	5.930197
height	5.21136	4.2605247	5.1512337
prospect	6.7681074	4.3768334	6.024987
pleasant	6.855891	3.9744802	6.0714874
shade	5.1459	3.6178563	5.2758
listen	5.1387386	4.226626	5.423381
mighty	5.7169547	4.5103054	5.599452
country	5.432122	3.6486683	5.516675
title	6.314356	3.8447382	6.0708475
choose	5.380454	3.5274796	5.859727
village	5.995914	3.928635	5.4964666
acquire	6.5372467	4.492819	6.6913133
rank	5.071589	3.9711838	5.1302333
bow	5.8610077	3.454743	5.8897185
doctor	4.9214816	3.9566324	4.932891
talent	6.954939	4.5366235	6.721667
source	6.0422726	4.202389	5.688944
lead	4.8494635	4.0299573	5.5017357
question	5.396137	3.8907087	5.538837
publish	5.42233	4.0583677	5.7329655
interest	5.876013	3.9858484	5.748199
serve	5.104321	3.424065	5.63679
divine	6.4359684	3.999442	5.7233686
put	5.58509	3.826218	5.7064066
shadow	4.9508343	3.4160485	5.189831
practical	5.692645	3.916882	6.0020523
surface	5.167868	3.2016172	4.9552975
account	5.622368	4.007596	5.5829315
loss	4.5512567	4.343896	4.6382923
indian	5.1732492	4.890922	5.3846774
vine	6.2870965	3.6616216	5.739231
certain	4.9282227	4.4503446	5.4159513
sin	3.588808	4.3422995	4.3323436
necessity	4.226996	4.2729053	4.7305217
lose	4.8236327	4.5558896	5.191818
private	4.382734	3.712313	5.2769194
gentleman	5.539686	3.5395474	5.299644
daughter	5.4974995	4.218436	5.0091476
drive	4.151432	4.6828265	4.7388735
strange	4.686851	4.879696	4.5694966
journey	6.0560455	3.7993262	5.796055
uncle	5.852737	3.9739957	5.9859486
species	5.331399	4.531907	5.0988927
think	5.545439	4.208762	5.534774
bed	5.3832574	3.384208	5.4061995
wind	5.1039314	4.036171	4.9342737
bless	7.3371153	4.070547	6.3833985
destroy	3.9585977	4.93461	4.808793
author	5.6294017	4.237651	5.316732
sustain	5.2635508	3.932165	5.719893
black	4.444707	4.4532785	4.500142
event	6.0031695	4.360491	5.0769196
liberty	6.9210825	4.8415723	6.1612215
negro	4.4231234	4.404697	4.486732
little	5.077154	4.154303	5.1019554
fortune	5.870868	4.2709775	5.521987
touch	5.6301985	3.6944797	5.4629455
kill	4.4129286	5.129756	4.7072883
feature	5.257638	3.8836482	5.425038
happiness	7.2781334	4.3042636	6.6075306
assume	4.154034	3.7127028	5.0198812
notion	5.730825	4.0895104	5.5083637
purchase	6.2505836	3.7924728	6.3931475
faithful	6.2594285	3.6576753	6.045635
soldier	4.4146924	4.4221625	4.8782916
father	5.7297707	4.036188	5.272578
narrow	3.620089	3.8697362	4.4469066
great	5.2302947	4.184144	5.2378006
tear	3.9901404	3.9959335	4.495613
honorable	5.666768	4.285103	5.992874
previous	4.581048	3.9189882	5.0307856
good	6.1534815	3.6179602	6.131399
domestic	5.1317945	3.6773434	4.99245
glory	6.7255383	4.4940066	6.0629473
lay	4.870425	3.3504405	5.552117
occasion	5.1710796	4.2824836	5.0662
guard	4.8722825	3.8072524	5.2246876
whole	5.2672663	3.9829566	5.2424884
mouth	5.1244335	4.0931854	5.4590335
receive	6.3092346	3.691234	6.0444617
take	5.4143343	3.6820579	5.7614307
simple	6.036781	3.6728508	5.848101
error	3.5087976	4.3990197	4.2393317
wisdom	6.293059	4.0299997	6.171568
rock	5.501407	4.2638803	5.1618266
decide	5.0541325	3.9658248	5.6344414
exclaim	5.8122864	4.80246	5.6602497
assure	6.8388333	4.0245457	6.525162
sign	5.0465794	3.394283	5.30038
preserve	5.896303	3.4908001	5.8937197
commerce	5.6137567	4.304659	5.579314
plant	4.8408537	3.800015	5.123514
walk	5.6821055	3.7626724	5.8612022
difference	5.151931	4.071846	5.229154
hang	4.791551	3.821403	5.1005197
following	6.6415052	3.4958808	6.073262
employ	4.9375753	3.9209375	6.041253
