deal	4.996111	4.385756	5.1226053
study	6.255375	4.020729	6.4938097
afford	6.209162	3.9804075	5.722681
service	5.585143	4.0057263	5.951395
height	5.1342506	4.320645	5.122175
prospect	6.7624826	4.337535	6.005807
pleasant	6.8784657	3.9644775	6.056551
shade	5.0932565	3.5849795	5.245766
listen	5.283658	4.1814504	5.5064645
mighty	5.7180037	4.45905	5.580144
country	5.4217596	3.6711812	5.516549
title	6.25777	3.7650442	6.0557218
choose	5.386677	3.5808468	5.864848
village	6.0837026	4.007476	5.526054
acquire	6.495742	4.5397277	6.6916037
rank	5.0758953	4.0052524	5.1447597
bow	5.8554974	3.4308703	5.876887
doctor	4.9995193	3.8776116	4.935247
talent	6.91723	4.6151423	6.680464
source	6.0823283	4.2651544	5.670367
lead	4.817877	4.117425	5.421223
question	5.3218365	3.7991812	5.5573406
publish	5.422858	4.0299716	5.789509
interest	6.0801697	4.0023975	5.7838345
serve	5.1063485	3.4656587	5.574872
divine	6.455083	3.971695	5.6304107
put	5.610581	3.8521109	5.7093863
shadow	4.851817	3.3724773	5.135838
practical	5.700879	3.9849327	6.0124598
surface	5.2571473	3.2157302	4.979587
account	5.6887636	3.9958062	5.597327
loss	4.511399	4.325269	4.634932
indian	5.1104536	4.98942	5.4385867
vine	6.3020144	3.7022996	5.745373
certain	4.9203954	4.481937	5.3816557
sin	3.545165	4.3382015	4.288293
necessity	4.2575245	4.2538223	4.7278433
lose	4.7448354	4.572812	5.1963873
private	4.350731	3.6814778	5.192538
gentleman	5.579577	3.5427504	5.3700275
daughter	5.5127754	4.319028	5.015932
drive	4.0581107	4.741256	4.6244698
strange	4.6518793	4.8668036	4.581137
journey	6.0880527	3.7745137	5.86592
uncle	5.885492	3.9647155	5.9327564
species	5.422642	4.500073	5.1290884
think	5.5975533	4.3073177	5.5883684
bed	5.4072785	3.3601727	5.432413
wind	5.1290584	4.0926323	4.9803233
bless	7.23389	4.061013	6.266415
destroy	3.8526719	4.9926085	4.779343
author	5.60217	4.2260327	5.2824354
sustain	5.2273006	3.856104	5.7060595
black	4.3200665	4.478527	4.4367156
event	5.951613	4.3552656	5.0447164
liberty	6.9911785	4.8043375	6.229998
negro	4.33146	4.302995	4.448442
little	5.026487	4.1163626	5.0457096
fortune	5.8900084	4.246331	5.479312
touch	5.635391	3.69387	5.5409064
kill	4.4027033	5.1322794	4.798379
feature	5.3455353	3.8824058	5.511105
happiness	7.265528	4.3351693	6.5726724
assume	4.07445	3.6955338	4.993659
notion	5.6570163	4.0384936	5.475138
purchase	6.239829	3.8015943	6.474824
faithful	6.263549	3.6369996	5.991453
soldier	4.4814005	4.4122667	4.920952
father	5.686071	4.043161	5.203354
narrow	3.5595856	3.8296142	4.42143
great	5.2212696	4.2021875	5.2145133
tear	3.971835	4.0105534	4.4738154
honorable	5.580402	4.3210616	5.8612223
previous	4.5160327	3.9247828	5.05803
good	6.1155224	3.6289866	6.144684
domestic	5.122397	3.6313305	4.956114
glory	6.7705655	4.510617	6.007152
lay	4.9081106	3.3389173	5.6046677
occasion	5.1402082	4.222984	4.9994807
guard	4.914628	3.782549	5.23838
whole	5.2242627	4.0466337	5.2158475
mouth	5.148298	4.06112	5.552017
receive	6.32983	3.7419007	6.104949
take	5.2389107	3.8721352	5.739231
simple	6.0568447	3.767078	5.930467
error	3.5270152	4.429281	4.1821485
wisdom	6.2175784	4.066246	6.0950713
rock	5.5404305	4.267123	5.20881
decide	5.0578218	4.0097055	5.613558
exclaim	5.7313857	4.8042784	5.6146426
assure	6.877002	4.0225787	6.5835934
sign	5.073789	3.4339786	5.2754974
preserve	5.8474417	3.4576986	5.911616
commerce	5.609623	4.32934	5.585114
plant	4.8703675	3.8057673	5.1765313
walk	5.687023	3.8206563	5.849413
difference	5.114564	3.9715018	5.2909575
hang	4.7744274	3.7973378	5.1000967
following	6.5755143	3.5402813	5.9423623
employ	5.020542	3.9822001	6.056983
