deal	4.995179	4.2808766	5.087616
study	6.271336	3.931641	6.521214
afford	6.2174935	3.919764	5.739505
service	5.5487304	4.013513	5.903795
height	5.1385155	4.2722735	5.1777344
prospect	6.672578	4.3623896	5.9317255
pleasant	6.823563	3.9025178	6.064108
shade	5.086086	3.67585	5.2713475
listen	5.2727857	4.2278676	5.534148
mighty	5.650684	4.516512	5.517652
country	5.4173427	3.669561	5.5673895
title	6.2924023	3.852169	5.9971466
choose	5.354853	3.591586	5.8032584
village	6.0150547	3.9522088	5.517295
acquire	6.4786496	4.4416847	6.713601
rank	5.0923285	4.029574	5.1254582
bow	5.8691483	3.4985669	5.842654
doctor	4.983464	3.9019253	4.9729114
talent	6.912701	4.554935	6.6615014
source	6.0552044	4.1615906	5.6252036
lead	4.8386707	3.986086	5.4838414
question	5.293838	3.928583	5.5310745
publish	5.437059	4.096916	5.727033
interest	6.0386457	4.022086	5.8245935
serve	5.1198463	3.4361997	5.691461
divine	6.388627	4.0148406	5.6427317
put	5.5412393	3.8828928	5.6385612
shadow	4.9005194	3.445663	5.114949
practical	5.669241	3.8878667	5.999592
surface	5.1653247	3.2186513	4.938609
account	5.7014384	3.9567442	5.622593
loss	4.4434032	4.3425245	4.5540032
indian	5.1198597	4.962057	5.425577
vine	6.2679915	3.7856808	5.7528944
certain	4.9031706	4.494685	5.3779955
sin	3.522925	4.342707	4.2797728
necessity	4.320677	4.2474713	4.7417364
lose	4.6856523	4.500039	5.1411266
private	4.369023	3.6807108	5.2351785
gentleman	5.498432	3.545439	5.2901487
daughter	5.5223627	4.226372	5.0146923
drive	4.108206	4.6551967	4.6810575
strange	4.658685	4.842079	4.618173
journey	6.0817604	3.694271	5.830179
uncle	5.73431	3.8955374	5.9038105
species	5.349614	4.5147634	5.1440644
think	5.5303974	4.205419	5.5432057
bed	5.37727	3.415867	5.380819
wind	5.136551	4.073246	4.8772216
bless	7.248142	4.0250278	6.2739043
destroy	3.9220495	5.0056596	4.7656827
author	5.617411	4.1939793	5.2476296
sustain	5.2052608	3.893323	5.7056623
black	4.335996	4.583099	4.411947
event	5.88763	4.382808	5.029556
liberty	6.9741497	4.858792	6.1923633
negro	4.2006917	4.31804	4.392444
little	5.0469303	4.038749	5.0005045
fortune	5.912505	4.1843023	5.5109615
touch	5.5691285	3.6430087	5.4552174
kill	4.4600534	5.1348777	4.7553587
feature	5.338048	3.8651567	5.505514
happiness	7.187933	4.381838	6.4697037
assume	4.1564665	3.717767	5.080752
notion	5.7002707	3.9545615	5.465258
purchase	6.1973133	3.7859964	6.4194503
faithful	6.3189616	3.6605225	6.0072937
soldier	4.4748015	4.4378886	4.937987
father	5.610135	4.0800157	5.2205276
narrow	3.547751	3.8145256	4.3767204
great	5.232314	4.262745	5.18022
tear	3.9610496	3.9232092	4.5346317
honorable	5.5542707	4.308092	5.859381
previous	4.5726643	3.937983	5.036376
good	6.17762	3.6699805	6.1830397
domestic	5.1559854	3.6960044	4.9776545
glory	6.7335863	4.5497675	6.051192
lay	4.8954535	3.3687232	5.5890975
occasion	5.14974	4.220148	5.0231147
guard	5.0366473	3.7929022	5.3255587
whole	5.177661	4.0885153	5.1452403
mouth	5.067705	4.166923	5.4439425
receive	6.2377977	3.7199612	6.016252
take	5.20195	3.80205	5.652785
simple	6.007853	3.7280066	5.88204
error	3.4628332	4.3774304	4.1851373
wisdom	6.197468	4.05265	6.0900946
rock	5.4912567	4.2584524	5.1939063
decide	5.057211	4.011648	5.6042686
exclaim	5.6951323	4.772527	5.628359
assure	6.8349476	3.9597874	6.49065
sign	5.0722213	3.438168	5.2845383
preserve	5.8872366	3.4726415	5.9235497
commerce	5.574864	4.373463	5.5390987
plant	4.868571	3.8170257	5.2205567
walk	5.7427535	3.783454	5.890179
difference	5.2043095	3.9592712	5.343163
hang	4.7229824	3.909155	5.0760703
following	6.616128	3.547462	6.0399947
employ	4.925458	3.9587343	6.0990815
