deal	5.0065956	4.2992687	5.1537905
study	6.1987095	3.9699895	6.4717927
afford	6.184133	3.919418	5.655155
service	5.6303144	4.0068927	5.963913
height	5.1392183	4.2594285	5.164481
prospect	6.764045	4.4480844	5.984455
pleasant	6.8359766	3.9685438	6.0251846
shade	5.051651	3.647758	5.254842
listen	5.2413793	4.2220097	5.4885454
mighty	5.7133822	4.504586	5.561662
country	5.376454	3.7186162	5.513984
title	6.240918	3.7414024	5.957118
choose	5.4567323	3.622278	5.880322
village	5.9671965	3.9486184	5.5253024
acquire	6.470269	4.5390325	6.6989737
rank	5.0164332	4.025434	5.0862994
bow	5.8476	3.388484	5.8119197
doctor	4.979474	3.9183047	4.986296
talent	6.922154	4.6088653	6.678101
source	6.0522814	4.149999	5.637605
lead	4.7748446	3.9227793	5.494778
question	5.4235144	3.9414785	5.6252065
publish	5.4394817	4.088716	5.760685
interest	6.024736	4.027816	5.799675
serve	5.1418085	3.4195254	5.6570063
divine	6.4025593	3.9670987	5.634366
put	5.535677	3.9365175	5.62224
shadow	4.9169254	3.4481523	5.0962267
practical	5.6604433	3.9028516	5.9929967
surface	5.235769	3.2066917	4.9714255
account	5.500781	3.88375	5.560986
loss	4.441619	4.3537416	4.5538397
indian	5.0429945	4.9583235	5.3729343
vine	6.2916994	3.7126184	5.8298893
certain	5.0429797	4.499387	5.458798
sin	3.4918628	4.3454328	4.2850137
necessity	4.3098173	4.270924	4.733464
lose	4.663183	4.4504895	5.141157
private	4.48916	3.6566405	5.260298
gentleman	5.549743	3.598826	5.3079867
daughter	5.493683	4.2074585	5.043245
drive	4.0386395	4.6476393	4.651599
strange	4.6501946	4.8820496	4.6065187
journey	6.150136	3.7274148	5.8370757
uncle	5.90007	3.9931052	6.0089817
species	5.4080696	4.546024	5.204037
think	5.4143715	4.241991	5.502374
bed	5.3849497	3.3712363	5.396515
wind	5.164311	4.0119224	4.933905
bless	7.280451	4.0730543	6.332612
destroy	3.950439	4.9533105	4.8387027
author	5.574169	4.198381	5.2651234
sustain	5.2404933	3.9558978	5.720758
black	4.393809	4.684894	4.5649705
event	5.9461308	4.4348936	5.109799
liberty	6.9235687	4.869412	6.1440625
negro	4.2334123	4.480291	4.420105
little	5.009473	4.1148496	5.04083
fortune	5.899461	4.2645855	5.5212545
touch	5.5734105	3.682004	5.476707
kill	4.389178	5.0705247	4.812934
feature	5.240984	3.8927836	5.4372087
happiness	7.1467743	4.2529154	6.4919434
assume	4.1405435	3.7135725	5.024563
notion	5.5999737	4.0241356	5.39997
purchase	6.2172766	3.7556648	6.3912363
faithful	6.3123617	3.6752532	6.071191
soldier	4.4629564	4.3909388	4.990392
father	5.74107	4.062712	5.2714972
narrow	3.5808725	3.8326154	4.438483
great	5.1627083	4.194681	5.164078
tear	3.8834753	3.9739735	4.4923472
honorable	5.5432467	4.2868443	5.9014626
previous	4.475852	3.9182954	5.005621
good	6.148772	3.6111035	6.1271424
domestic	5.0731235	3.7063508	4.944892
glory	6.7419024	4.520054	6.0421877
lay	4.840783	3.3932323	5.5300956
occasion	5.090189	4.2253375	5.037182
guard	4.977036	3.8534434	5.32711
whole	5.2295165	4.099293	5.178645
mouth	5.020446	4.161884	5.45214
receive	6.2713575	3.697999	6.029765
take	5.2124033	3.707426	5.714253
simple	6.002632	3.6798196	5.836833
error	3.4000652	4.4219794	4.1593814
wisdom	6.305251	4.0666614	6.1468744
rock	5.5381565	4.262648	5.2483025
decide	5.1039515	4.032757	5.6457562
exclaim	5.7857647	4.777957	5.6514587
assure	6.784769	4.003708	6.4761324
sign	5.0952334	3.4912934	5.273591
preserve	5.93812	3.4752178	5.922008
commerce	5.58074	4.353078	5.567998
plant	4.927462	3.7970796	5.2430406
walk	5.759632	3.807669	5.861737
difference	5.177186	3.9999127	5.241084
hang	4.8117924	3.8288918	5.0532722
following	6.5623436	3.4752367	5.9927826
employ	4.982567	4.009523	6.103627
