deal	5.0166917	4.3274245	5.1448865
study	6.187204	4.001301	6.442843
afford	6.1010723	4.0505166	5.6607976
service	5.6433887	3.959387	6.009501
height	5.1430073	4.298651	5.153746
prospect	6.686013	4.457836	5.930997
pleasant	6.8527994	3.9984934	6.0977507
shade	5.072512	3.6613426	5.260913
listen	5.3279133	4.2410674	5.571722
mighty	5.715503	4.4814754	5.6577806
country	5.4779983	3.580737	5.5203648
title	6.428483	3.8096232	6.0713434
choose	5.358364	3.6207097	5.8245773
village	6.047995	3.9143791	5.5308614
acquire	6.571751	4.4684753	6.760815
rank	5.171743	4.080808	5.209099
bow	5.8278127	3.4967237	5.7486258
doctor	5.0303993	3.895137	4.912606
talent	6.959014	4.546729	6.7230206
source	6.084547	4.3595357	5.6171494
lead	4.7993197	3.9942198	5.3717227
question	5.3127613	3.915663	5.5094256
publish	5.4189806	4.0140295	5.692492
interest	6.0253286	4.114213	5.893196
serve	5.1240196	3.429624	5.652412
divine	6.3946443	4.0433745	5.6597996
put	5.5327597	3.886614	5.7124248
shadow	4.877091	3.46801	5.1328864
practical	5.6585183	3.8470454	6.0255184
surface	5.201103	3.170139	4.9183216
account	5.6125145	3.9731429	5.523224
loss	4.4079676	4.3877892	4.519676
indian	5.082296	4.9455237	5.408169
vine	6.257066	3.6378574	5.820152
certain	4.9119554	4.497573	5.321273
sin	3.586935	4.3734713	4.335808
necessity	4.216542	4.323789	4.689394
lose	4.7979183	4.54043	5.1849575
private	4.380796	3.6972094	5.197166
gentleman	5.6431274	3.436384	5.3846674
daughter	5.498187	4.2311053	5.006421
drive	4.068238	4.6730294	4.601115
strange	4.6316543	4.889389	4.665504
journey	6.058847	3.744673	5.8192663
uncle	5.8773346	3.770228	5.942427
species	5.3360085	4.4298897	5.1029763
think	5.4168596	4.2479925	5.574583
bed	5.362556	3.3859107	5.4515963
wind	5.186625	4.045918	4.937495
bless	7.2834926	4.0463023	6.3515067
destroy	3.904733	4.9809036	4.8178315
author	5.6221595	4.2306247	5.251412
sustain	5.147121	3.8890193	5.645671
black	4.407805	4.49857	4.501141
event	5.913907	4.379818	5.0552793
liberty	6.9006567	4.8997817	6.16476
negro	4.326977	4.2628307	4.4976354
little	4.9649215	4.1149797	4.984408
fortune	5.891026	4.235358	5.428567
touch	5.566467	3.6729515	5.507531
kill	4.423594	5.043591	4.8298693
feature	5.288685	3.896518	5.488814
happiness	7.309447	4.2823486	6.625986
assume	4.1915274	3.7601113	5.0591125
notion	5.7110724	4.0494943	5.517847
purchase	6.2211447	3.7365384	6.424679
faithful	6.2949867	3.670767	6.0455713
soldier	4.459691	4.433804	5.0140433
father	5.704328	3.9220989	5.2627654
narrow	3.5759683	3.882908	4.4095335
great	5.197569	4.147939	5.1451244
tear	3.906487	4.0201707	4.5307274
honorable	5.552621	4.2927537	5.87675
previous	4.4741516	3.95366	5.0411773
good	6.1150684	3.6510189	6.044139
domestic	5.0359526	3.6544228	4.9203196
glory	6.815134	4.521705	6.126957
lay	4.7717	3.4505587	5.5302877
occasion	5.0923233	4.2250996	4.9875693
guard	4.954469	3.8853414	5.2694035
whole	5.1076956	4.045314	5.1936297
mouth	5.1604223	4.0691247	5.547038
receive	6.25439	3.7132068	6.0422726
take	5.283385	3.8111057	5.6462307
simple	6.0430503	3.7169168	5.8949327
error	3.4893293	4.373294	4.1754866
wisdom	6.2922087	4.073457	6.1650424
rock	5.4482384	4.284204	5.196399
decide	4.992428	4.0649037	5.557246
exclaim	5.7790656	4.7948823	5.7220135
assure	6.8079996	4.0903034	6.5174017
sign	5.0927744	3.4154444	5.3281865
preserve	5.981374	3.4387248	5.932051
commerce	5.64097	4.288081	5.6284695
plant	4.8595734	3.7697775	5.174081
walk	5.7268267	3.8809648	5.8400326
difference	5.147259	4.012826	5.182548
hang	4.751973	3.8376915	5.038262
following	6.5459576	3.5652633	6.05227
employ	4.9950953	3.9032578	6.0528398
