deal	4.975428	4.2507753	5.1237473
study	6.267388	3.9694014	6.571494
afford	6.2013025	3.9550502	5.757448
service	5.560916	3.9763238	5.9298
height	5.0801334	4.304525	5.118265
prospect	6.673731	4.3850613	5.928568
pleasant	6.8606243	3.9015217	6.055449
shade	5.122467	3.617898	5.292156
listen	5.2325974	4.1984577	5.4898176
mighty	5.6848526	4.4958534	5.552511
country	5.421197	3.6385193	5.482662
title	6.2743015	3.7881434	6.0611115
choose	5.3048716	3.6325197	5.7779827
village	6.0447645	3.9905639	5.5303717
acquire	6.5044374	4.516485	6.6397266
rank	5.1196566	4.0132384	5.116939
bow	5.8347373	3.4442434	5.742289
doctor	5.0267005	3.9021912	4.959531
talent	6.9754314	4.6120324	6.729318
source	6.0796347	4.18275	5.697961
lead	4.839249	4.0430546	5.395087
question	5.1603503	3.901588	5.446354
publish	5.3584847	4.0969944	5.7510004
interest	6.0204353	3.9740238	5.807295
serve	5.0881047	3.462346	5.624409
divine	6.42496	3.9815106	5.69398
put	5.5850787	3.918417	5.5898533
shadow	4.842653	3.4164128	5.088679
practical	5.643827	3.8672628	5.982851
surface	5.189492	3.192053	4.9785757
account	5.6426544	3.9355576	5.554899
loss	4.513008	4.3677454	4.674549
indian	5.0474987	4.8866115	5.423287
vine	6.2398567	3.6516452	5.8268886
certain	4.88264	4.48935	5.374378
sin	3.655981	4.328372	4.357648
necessity	4.2301407	4.3100457	4.7097297
lose	4.696723	4.632231	5.1467834
private	4.3743	3.638467	5.1883993
gentleman	5.440754	3.5454733	5.2605867
daughter	5.4578285	4.246433	5.0009418
drive	4.0518985	4.7093406	4.643003
strange	4.6274986	4.8848658	4.5619664
journey	6.1467695	3.771634	5.843539
uncle	5.7776623	3.8954718	5.889117
species	5.3409343	4.5562887	5.11635
think	5.522509	4.217908	5.5884476
bed	5.366502	3.2907667	5.3785496
wind	5.0695744	4.0218015	4.926279
bless	7.1920524	4.026545	6.318199
destroy	3.8416052	4.942955	4.7435074
author	5.5888014	4.2692924	5.276479
sustain	5.145239	3.9373646	5.650738
black	4.4119864	4.5936813	4.50468
event	5.8746424	4.430128	5.0880547
liberty	6.9735346	4.8528104	6.229889
negro	4.2437086	4.3540697	4.445695
little	5.0494547	4.0101976	4.987986
fortune	5.8665504	4.2426853	5.4223804
touch	5.594683	3.705488	5.5441947
kill	4.467888	5.0830417	4.854653
feature	5.3092375	3.8833814	5.466177
happiness	7.2289133	4.231028	6.5213733
assume	4.1300955	3.7318418	5.0294633
notion	5.62413	4.035506	5.394399
purchase	6.2023263	3.7569854	6.425626
faithful	6.259862	3.5911381	6.0530615
soldier	4.4080553	4.455537	4.919467
father	5.6914835	4.0431137	5.2471347
narrow	3.48777	3.8406856	4.30481
great	5.251797	4.169974	5.16988
tear	3.8555732	3.9872463	4.4780164
honorable	5.579315	4.2705145	5.835621
previous	4.5037265	3.9253697	5.0587554
good	6.195655	3.641665	6.1902733
domestic	5.079941	3.5736318	4.958999
glory	6.8077383	4.5028825	6.0401635
lay	4.8831525	3.295846	5.5930915
occasion	5.17075	4.238912	5.03313
guard	4.9363623	3.7207816	5.284971
whole	5.1560583	4.151259	5.2288637
mouth	5.133425	4.061106	5.4834595
receive	6.2898226	3.7933326	6.0907555
take	5.3396177	3.8322074	5.680807
simple	6.068001	3.7354844	5.90462
error	3.4639761	4.377792	4.120036
wisdom	6.3068414	4.0236673	6.105137
rock	5.5140963	4.25682	5.232991
decide	4.98005	4.0397854	5.544945
exclaim	5.7887845	4.743204	5.680292
assure	6.8543043	4.055407	6.545898
sign	5.1152124	3.4547803	5.3437605
preserve	5.9040565	3.437972	5.8591795
commerce	5.614361	4.247201	5.570625
plant	4.871978	3.7755222	5.17218
walk	5.68316	3.8259044	5.809764
difference	5.1415825	3.9846196	5.25448
hang	4.77269	3.823719	5.0744915
following	6.5604677	3.5399075	6.0453663
employ	4.872171	3.9160483	6.0532527
