deal	5.0196567	4.2893033	5.1518536
study	6.2313547	3.9349527	6.510545
afford	6.088658	3.9325848	5.7104726
service	5.6366677	3.9201975	6.0059814
height	5.130834	4.2494497	5.1637797
prospect	6.68869	4.3069263	6.0258427
pleasant	6.8192225	3.9639237	6.056815
shade	5.113216	3.5871809	5.277137
listen	5.1634955	4.182504	5.560346
mighty	5.7537513	4.475321	5.560649
country	5.3685465	3.6915836	5.5216436
title	6.337364	3.886884	6.0519304
choose	5.3134894	3.5060537	5.8234596
village	6.0121517	3.978404	5.510854
acquire	6.5249734	4.513472	6.7660394
rank	5.166219	4.028515	5.186442
bow	5.857395	3.3977158	5.8571444
doctor	4.941964	3.9244123	4.947872
talent	6.9051046	4.6041517	6.710778
source	5.9343176	4.181369	5.5824976
lead	4.9454575	3.9485133	5.5393414
question	5.422789	3.8973565	5.589566
publish	5.436518	4.0637107	5.8019285
interest	5.905751	3.908979	5.7353673
serve	5.137707	3.417027	5.641496
divine	6.432675	3.9839501	5.6599746
put	5.5041018	3.8773658	5.6390424
shadow	4.95126	3.4346526	5.118494
practical	5.612814	3.875307	5.962283
surface	5.2053256	3.2202694	4.975655
account	5.6543818	3.9190345	5.603035
loss	4.513529	4.3393617	4.624356
indian	5.124636	4.900506	5.4198685
vine	6.269429	3.7634594	5.7582726
certain	4.972779	4.492586	5.375058
sin	3.5360065	4.402713	4.273002
necessity	4.197875	4.273987	4.6876793
lose	4.820677	4.574496	5.1426754
private	4.381558	3.6435564	5.3012805
gentleman	5.555057	3.5586426	5.3294954
daughter	5.448037	4.3044515	4.937367
drive	4.088369	4.6548724	4.6515837
strange	4.6330595	4.866469	4.6058316
journey	6.166607	3.7511082	5.8648643
uncle	5.8662515	3.951823	5.8965983
species	5.321336	4.542965	5.095182
think	5.5585375	4.193792	5.562991
bed	5.3279986	3.3595848	5.4005284
wind	5.205137	4.0537634	4.941948
bless	7.2765045	4.154216	6.335129
destroy	3.8842683	5.0004206	4.6938343
author	5.6721735	4.1846523	5.3334565
sustain	5.2209563	3.919111	5.6975093
black	4.362055	4.5738063	4.461586
event	5.9263344	4.39118	5.095911
liberty	6.941679	4.8605523	6.196095
negro	4.3085127	4.334498	4.521073
little	5.0635357	4.040174	5.050596
fortune	5.921214	4.2791777	5.506901
touch	5.6067033	3.6930997	5.4793434
kill	4.394291	5.142526	4.7697735
feature	5.278884	3.850755	5.4607635
happiness	7.1663046	4.30408	6.524294
assume	4.2226505	3.712329	5.0559173
notion	5.772183	3.9858482	5.5053196
purchase	6.134943	3.7768986	6.4122
faithful	6.2997246	3.6349287	6.035009
soldier	4.5536437	4.404429	4.9828835
father	5.663746	4.149483	5.223172
narrow	3.5593505	3.7923424	4.382934
great	5.263225	4.103715	5.2188478
tear	3.8259027	4.009287	4.47783
honorable	5.5793667	4.2871313	5.9245334
previous	4.498483	3.9698205	5.0211945
good	6.158014	3.6976	6.1519647
domestic	5.1129637	3.775663	4.932779
glory	6.8023434	4.488412	6.1110473
lay	4.7847424	3.3615198	5.4555864
occasion	5.1056867	4.24101	5.055181
guard	5.0001807	3.8824043	5.312749
whole	5.237462	4.093781	5.1348405
mouth	5.127368	4.102474	5.5073943
receive	6.269896	3.6976259	6.049688
take	5.152574	3.6421475	5.6813507
simple	6.0874686	3.7298584	5.8261757
error	3.5341346	4.392336	4.2383475
wisdom	6.238064	4.0619497	6.119579
rock	5.5149164	4.2617865	5.150715
decide	5.0375137	4.0116854	5.569848
exclaim	5.75057	4.7666044	5.6221457
assure	6.8424573	4.0306973	6.5283833
sign	5.1366706	3.4926405	5.280499
preserve	5.935146	3.480531	5.91257
commerce	5.6384063	4.357865	5.566229
plant	4.810597	3.7860131	5.220601
walk	5.7548103	3.7436352	5.8485317
difference	5.0900607	4.017123	5.222164
hang	4.7576265	3.8686447	5.033867
following	6.592724	3.559163	6.013009
employ	4.8805594	3.9747674	6.001405
