deal	4.973168	4.29037	5.0590687
study	6.170801	3.9614906	6.4794474
afford	6.1454062	3.9160328	5.7171726
service	5.551473	3.9444294	5.8724103
height	5.145274	4.291402	5.062827
prospect	6.788011	4.294168	6.0077553
pleasant	6.823662	3.9542668	6.0356717
shade	5.0542054	3.6135411	5.2163653
listen	5.266459	4.214269	5.55497
mighty	5.7036896	4.4765973	5.541152
country	5.474991	3.700014	5.479572
title	6.3186655	3.831776	6.0701632
choose	5.401329	3.575394	5.846821
village	6.0173817	4.006797	5.515362
acquire	6.3657503	4.5121574	6.616874
rank	5.0747633	4.044039	5.145763
bow	5.8640466	3.3684814	5.8637414
doctor	4.954012	3.9340181	4.948765
talent	6.913565	4.5997834	6.7035055
source	6.020454	4.192577	5.6983504
lead	4.8927608	3.9428515	5.483985
question	5.2698903	3.8839636	5.5179677
publish	5.4887304	4.130316	5.7850685
interest	6.0430236	3.9792447	5.7674394
serve	5.1350803	3.4124196	5.6491375
divine	6.458558	4.0046835	5.720292
put	5.5806108	3.8778949	5.6958313
shadow	4.9344535	3.3542771	5.094084
practical	5.6369514	3.9065225	5.978959
surface	5.198016	3.1648932	4.946944
account	5.6708508	4.0074472	5.569154
loss	4.471521	4.387457	4.6099925
indian	5.0884795	5.0183735	5.4392557
vine	6.2624426	3.7342143	5.7746944
certain	4.8943434	4.481105	5.3958807
sin	3.6359684	4.311577	4.3214254
necessity	4.2143173	4.3003564	4.712306
lose	4.6632314	4.5673757	5.0648975
private	4.353506	3.6916683	5.227012
gentleman	5.5111604	3.5142424	5.254865
daughter	5.558841	4.206219	5.080628
drive	4.0773563	4.719237	4.6011477
strange	4.6792912	4.8272343	4.6322737
journey	6.1322594	3.73771	5.7995396
uncle	5.9001827	3.9813166	5.946072
species	5.4172525	4.510979	5.176085
think	5.448594	4.2245708	5.446143
bed	5.4911165	3.4094534	5.4665127
wind	5.077844	4.0604033	4.842702
bless	7.3024044	4.0506544	6.351053
destroy	3.8710346	4.939045	4.739896
author	5.627797	4.285803	5.284718
sustain	5.22136	3.9790623	5.724135
black	4.4463797	4.4728203	4.569368
event	5.8810797	4.4123287	5.0965176
liberty	6.944341	4.8919597	6.159973
negro	4.3494563	4.4056463	4.5046377
little	5.0471644	4.135346	5.0806828
fortune	5.907218	4.242818	5.5032144
touch	5.6332226	3.6870978	5.5060487
kill	4.336952	5.1184874	4.7521324
feature	5.2861714	3.8627257	5.428702
happiness	7.2755957	4.3060317	6.6249866
assume	4.132016	3.7850504	5.0059977
notion	5.670827	4.044285	5.478033
purchase	6.1648817	3.814537	6.389373
faithful	6.3619337	3.6646001	6.0255113
soldier	4.3542433	4.4170933	4.8693466
father	5.6733627	4.1096687	5.163475
narrow	3.5256746	3.833065	4.3657565
great	5.232769	4.0960855	5.2414107
tear	3.9735928	4.1020207	4.4838495
honorable	5.6642137	4.2494555	5.9963093
previous	4.486314	3.9688158	5.0247064
good	6.218072	3.5059655	6.1717744
domestic	5.1462073	3.7061725	4.986339
glory	6.740867	4.5033145	6.075536
lay	4.8689427	3.4097018	5.547538
occasion	5.148778	4.2362423	5.043287
guard	4.883288	3.8552058	5.2699237
whole	5.35041	4.0480733	5.2801123
mouth	5.0568233	4.1367702	5.527712
receive	6.210373	3.803116	5.952283
take	5.2911386	3.6405966	5.6580667
simple	6.0421343	3.6826305	5.8802204
error	3.4467592	4.4424543	4.2233186
wisdom	6.274879	4.0554843	6.1662855
rock	5.5650463	4.2790537	5.1808414
decide	5.0168743	3.9831004	5.587151
exclaim	5.7838626	4.774574	5.6347904
assure	6.8337355	4.0290155	6.547119
sign	5.0780444	3.4940238	5.3301797
preserve	5.8367586	3.4175053	5.864598
commerce	5.600216	4.358715	5.5602155
plant	4.8562126	3.756094	5.178322
walk	5.729582	3.6793976	5.8438663
difference	5.150283	4.015483	5.2834663
hang	4.7790494	3.7356372	5.1441326
following	6.6781077	3.5725825	6.0168743
employ	4.9026413	3.993384	6.0413475
