deal	5.0153604	4.3096557	5.164107
study	6.191841	3.9391975	6.467051
afford	6.1384754	3.995344	5.7366138
service	5.4735584	3.9781728	5.885782
height	5.177681	4.3268147	5.1705093
prospect	6.7573767	4.402691	5.9480696
pleasant	6.900118	4.0160546	6.0925655
shade	5.1119676	3.6316266	5.2175813
listen	5.258912	4.250164	5.4938188
mighty	5.7328305	4.475892	5.5679483
country	5.4442854	3.6696725	5.522044
title	6.273596	3.7280414	6.0060644
choose	5.3919644	3.5324416	5.7979445
village	6.0591955	3.937494	5.568189
acquire	6.5170145	4.4730763	6.7533307
rank	5.0729856	3.977068	5.1356964
bow	5.899843	3.3852644	5.8914213
doctor	4.916082	3.877811	4.8943777
talent	6.900124	4.578994	6.703863
source	5.970161	4.2318487	5.678561
lead	4.83874	4.0180664	5.483714
question	5.2552133	3.8433852	5.4911942
publish	5.4488726	4.1031117	5.7806215
interest	6.0064487	4.0106688	5.6723986
serve	5.047216	3.4367023	5.6419487
divine	6.420141	3.9608026	5.640609
put	5.5414734	3.9190195	5.625662
shadow	4.868422	3.4158237	5.0867267
practical	5.6011696	3.937289	5.979212
surface	5.198578	3.2011163	4.9710903
account	5.7268057	3.9647393	5.6050215
loss	4.4678993	4.4407544	4.537774
indian	5.0058174	4.9406404	5.358039
vine	6.340358	3.6299672	5.7815747
certain	4.884836	4.462698	5.3180676
sin	3.4697413	4.376932	4.249133
necessity	4.231297	4.2457266	4.680122
lose	4.7207055	4.5327	5.1386557
private	4.409436	3.7193875	5.157362
gentleman	5.6092873	3.558504	5.302254
daughter	5.5916758	4.2133265	5.04046
drive	4.177071	4.6864643	4.6841593
strange	4.668778	4.836223	4.5985894
journey	6.1712904	3.8132336	5.8178997
uncle	5.748597	3.9179127	5.8314514
species	5.414469	4.4937644	5.144474
think	5.485962	4.208719	5.490163
bed	5.3597546	3.3707442	5.3669643
wind	5.198017	3.9898791	4.979953
bless	7.2781205	4.0956573	6.318306
destroy	3.8788671	4.939483	4.803081
author	5.6924524	4.277649	5.2820487
sustain	5.206288	3.924325	5.6936626
black	4.5177455	4.6105475	4.6200023
event	5.9210143	4.340096	4.9945593
liberty	6.8623	4.877889	6.1374164
negro	4.3381877	4.362493	4.438777
little	4.9365816	4.1391706	4.9995666
fortune	5.9677362	4.306093	5.498031
touch	5.602256	3.7070327	5.5325685
kill	4.3764505	5.074525	4.77038
feature	5.26774	3.83283	5.4125643
happiness	7.2654347	4.329774	6.547116
assume	4.1755834	3.7114012	5.0732493
notion	5.6923046	4.012	5.5220823
purchase	6.2642617	3.734534	6.390052
faithful	6.271922	3.6344037	5.9880257
soldier	4.51449	4.4113135	4.965728
father	5.7060523	4.0246496	5.216816
narrow	3.5389125	3.8890355	4.3792725
great	5.2612653	4.114261	5.1781917
tear	3.8675926	3.9684029	4.4809775
honorable	5.5719786	4.308574	5.9307156
previous	4.4582787	3.919448	5.0239973
good	6.302102	3.681575	6.1285105
domestic	5.093135	3.7197087	4.9141374
glory	6.764813	4.50484	6.0666475
lay	4.837721	3.3912544	5.5685697
occasion	5.1018777	4.2390785	5.0168786
guard	4.9819903	3.7498736	5.3086343
whole	5.3109794	4.0933523	5.1914563
mouth	5.125315	4.1501284	5.417198
receive	6.2728653	3.7361116	6.0659776
take	5.200486	3.6751409	5.5523815
simple	6.0321145	3.6708312	5.865133
error	3.4569285	4.4184985	4.283228
wisdom	6.338318	4.0915375	6.167207
rock	5.514054	4.265378	5.243579
decide	5.0245147	3.9786139	5.5637326
exclaim	5.7124033	4.70005	5.619832
assure	6.8802633	4.0921545	6.5910664
sign	4.9580293	3.391101	5.2062454
preserve	5.9244175	3.4945364	5.911397
commerce	5.5710974	4.31429	5.5730495
plant	4.885439	3.726974	5.2021937
walk	5.772247	3.769322	5.8870473
difference	5.0518064	3.9866006	5.156329
hang	4.831874	3.7844894	5.128564
following	6.6205835	3.5827808	5.995132
employ	4.9244256	3.894966	6.0653877
