deal	4.9697504	4.3449197	5.0105605
study	6.224572	3.9128137	6.53732
afford	6.3138433	3.9492855	5.8889117
service	5.643553	3.9944892	5.985527
height	5.167037	4.2740693	5.1236763
prospect	6.7881904	4.3456855	6.012634
pleasant	6.8134937	3.9333906	6.057662
shade	5.1273003	3.5954204	5.3134866
listen	5.196864	4.217317	5.505811
mighty	5.7403874	4.4657307	5.6084595
country	5.5040317	3.714826	5.5601597
title	6.317292	3.7800632	5.959031
choose	5.322636	3.567978	5.804024
village	6.08093	3.9866817	5.565496
acquire	6.5447683	4.50695	6.6455655
rank	5.0901384	4.0108604	5.133931
bow	5.8063016	3.4284	5.8473363
doctor	4.8715186	3.8465004	4.9054184
talent	7.0090923	4.540097	6.7110033
source	6.0302486	4.23513	5.6727786
lead	4.8915424	4.053314	5.5504994
question	5.3447165	3.8540406	5.593769
publish	5.456406	4.0419993	5.723919
interest	6.0237446	4.068783	5.7910886
serve	5.1607776	3.4516597	5.719892
divine	6.341334	4.0105443	5.692115
put	5.607763	3.8004417	5.737595
shadow	4.931253	3.3765657	5.161082
practical	5.6235485	3.8887458	5.9736238
surface	5.105898	3.2197459	4.901637
account	5.610797	3.9774268	5.5979557
loss	4.5562906	4.471073	4.5909514
indian	5.1636896	5.005726	5.388251
vine	6.2546554	3.6793072	5.747328
certain	4.935987	4.453874	5.4114285
sin	3.585032	4.306028	4.2827826
necessity	4.2788596	4.222068	4.7276635
lose	4.7461324	4.587132	5.1870613
private	4.471751	3.7868166	5.2187366
gentleman	5.5179844	3.506382	5.2781296
daughter	5.5064206	4.313679	5.000454
drive	4.130107	4.6793175	4.6928134
strange	4.688485	4.8492928	4.6282897
journey	5.9930243	3.7425559	5.800653
uncle	5.899927	3.9828916	5.9998384
species	5.3399	4.5207176	5.122105
think	5.528894	4.2629995	5.5352364
bed	5.414231	3.3489769	5.390489
wind	5.1050024	4.0650015	4.8975363
bless	7.283489	4.054474	6.3352633
destroy	3.9568887	4.9307218	4.825912
author	5.601308	4.1960664	5.2623367
sustain	5.210092	3.9379456	5.739619
black	4.5149865	4.5988283	4.5913124
event	5.967308	4.4291534	5.078929
liberty	7.0363007	4.8248477	6.163742
negro	4.3132205	4.33867	4.4451175
little	5.0587993	4.058629	5.0440836
fortune	6.001193	4.2284102	5.475813
touch	5.5664716	3.7404907	5.4838996
kill	4.4528437	5.1495686	4.820313
feature	5.2933993	3.8852644	5.480589
happiness	7.2142367	4.322322	6.543601
assume	4.0818295	3.7635505	4.9919167
notion	5.6875787	3.9291134	5.4546595
purchase	6.2707524	3.8060107	6.388898
faithful	6.274386	3.7114742	6.0319047
soldier	4.4283905	4.4315386	4.896895
father	5.7315965	4.0966153	5.2530355
narrow	3.5682487	3.905346	4.3827367
great	5.1922326	4.0857716	5.255795
tear	3.9312482	3.9688954	4.513902
honorable	5.6259418	4.3307467	5.923026
previous	4.4699187	3.936749	4.9884753
good	6.232956	3.6465664	6.1236897
domestic	5.1498814	3.7454867	5.0099697
glory	6.7911	4.4847794	6.115438
lay	4.892646	3.3193755	5.5951624
occasion	5.0675244	4.2349253	5.047116
guard	5.0054903	3.7976794	5.271605
whole	5.2197533	4.077173	5.240648
mouth	5.2034135	4.1292815	5.4913397
receive	6.2597485	3.725789	6.079517
take	5.344143	3.6767457	5.700472
simple	6.0872498	3.756333	5.9476647
error	3.4656522	4.384334	4.232951
wisdom	6.2352743	4.0608034	6.1128073
rock	5.5766253	4.265279	5.2479157
decide	5.001409	3.9523578	5.5959034
exclaim	5.764448	4.7918715	5.699357
assure	6.9131784	4.013025	6.5812893
sign	5.0587006	3.4801579	5.235419
preserve	5.957564	3.4824147	5.9371786
commerce	5.6085334	4.357175	5.5903115
plant	4.8695207	3.8137379	5.1743793
walk	5.703278	3.7432866	5.8538017
difference	5.106513	4.034603	5.2103863
hang	4.8839126	3.8278968	5.159907
following	6.5591826	3.562335	6.077043
employ	4.9849796	3.9497087	6.1342373
