deal	4.9681673	4.342038	5.0905485
study	6.2293015	3.9525366	6.5196958
afford	6.0636287	3.9161606	5.665907
service	5.5937376	3.8727322	5.9729123
height	5.2025466	4.2438693	5.1512656
prospect	6.6868896	4.284886	5.9866886
pleasant	6.879507	3.92309	6.109378
shade	5.161843	3.6485407	5.2943916
listen	5.180467	4.209449	5.4644227
mighty	5.7197247	4.465211	5.5775766
country	5.4054756	3.6667733	5.553846
title	6.3761926	3.8251657	5.981902
choose	5.323354	3.5435786	5.779504
village	6.0356927	3.9574332	5.490441
acquire	6.5233383	4.5309954	6.6828737
rank	5.017278	4.091405	5.0840807
bow	5.7647705	3.3788128	5.8060617
doctor	4.931376	3.9263093	4.9653587
talent	6.9993267	4.5998006	6.7082396
source	5.978883	4.1939983	5.598676
lead	4.8980947	4.0173635	5.5271983
question	5.252213	3.9138417	5.518671
publish	5.4629917	4.128335	5.716752
interest	5.9948974	3.9717472	5.8846116
serve	5.146014	3.3983982	5.6918397
divine	6.4369063	4.0027847	5.619444
put	5.5420055	3.821842	5.6525993
shadow	4.9207134	3.4086308	5.167056
practical	5.6894445	3.864885	5.998107
surface	5.2251472	3.223317	4.952478
account	5.6341953	3.9673615	5.538203
loss	4.445426	4.4306993	4.545268
indian	5.078458	5.0193853	5.304159
vine	6.2417316	3.7096949	5.6712604
certain	4.9748697	4.46789	5.414364
sin	3.5161142	4.3630404	4.28454
necessity	4.3203135	4.256543	4.767738
lose	4.7935376	4.513865	5.2309394
private	4.3725595	3.6791797	5.1867375
gentleman	5.6238313	3.4634423	5.370075
daughter	5.4516187	4.217982	4.985508
drive	4.09792	4.609834	4.6697097
strange	4.6482043	4.87108	4.590311
journey	6.1687965	3.6568558	5.8718653
uncle	5.956467	3.7661572	6.047331
species	5.3912144	4.5443406	5.1387434
think	5.419199	4.29115	5.524146
bed	5.296799	3.393217	5.3727484
wind	5.1082754	4.023431	4.929355
bless	7.229802	4.1116085	6.305297
destroy	3.852243	4.9513044	4.6881614
author	5.6337	4.296199	5.3036413
sustain	5.1681433	3.9989142	5.647957
black	4.3962903	4.512247	4.5369825
event	5.8888683	4.4604454	5.1172585
liberty	6.91504	4.8325257	6.189773
negro	4.3656406	4.2999387	4.5452485
little	5.0296297	4.087856	5.0976787
fortune	5.885064	4.250624	5.456363
touch	5.6039786	3.7316315	5.575299
kill	4.390457	5.1809597	4.742434
feature	5.3508873	3.8568199	5.5030856
happiness	7.237207	4.275924	6.518731
assume	4.185027	3.7631075	5.021412
notion	5.675411	3.9272363	5.5439773
purchase	6.1594067	3.7672987	6.382746
faithful	6.1710987	3.7152967	6.0149527
soldier	4.410415	4.4664197	4.9104056
father	5.761043	4.0276694	5.2802057
narrow	3.526178	3.836717	4.453327
great	5.1838365	4.2022843	5.137999
tear	3.902862	4.0804696	4.4932528
honorable	5.5552845	4.2932916	5.8438373
previous	4.4730134	3.925776	5.027243
good	6.1117234	3.6902223	6.05863
domestic	5.0264425	3.6817296	5.020159
glory	6.7710514	4.4955997	6.0465155
lay	4.79814	3.4333653	5.5689855
occasion	5.1543164	4.238251	5.073537
guard	4.869796	3.927382	5.313054
whole	5.1764517	4.002263	5.1615305
mouth	5.121147	4.1700935	5.4895625
receive	6.2760057	3.7306483	6.0392666
take	5.337337	3.7250025	5.7088757
simple	6.04978	3.702118	5.8687224
error	3.4556875	4.468358	4.2218404
wisdom	6.291524	4.0028296	6.0992184
rock	5.559958	4.2576985	5.24918
decide	5.0007696	3.9558043	5.5128956
exclaim	5.765053	4.819721	5.650445
assure	6.8018837	4.024804	6.5241494
sign	5.0773926	3.500545	5.347751
preserve	5.857286	3.499272	5.8814716
commerce	5.559464	4.4357634	5.567166
plant	4.762212	3.7798834	5.099489
walk	5.724974	3.757933	5.8538456
difference	5.159609	4.030398	5.205388
hang	4.757404	3.815086	5.0945635
following	6.5813446	3.5013006	5.994359
employ	4.9708657	3.9689841	6.073674
