deal	4.867464	4.279837	5.089109
study	6.2363863	3.994382	6.5281076
afford	6.1979284	3.8784719	5.743237
service	5.5178766	3.997583	6.0086374
height	5.050624	4.307754	5.1296597
prospect	6.7764115	4.40815	6.0358305
pleasant	6.87303	3.906612	6.1472683
shade	5.1286325	3.5932899	5.3121743
listen	5.2759	4.1902537	5.5501623
mighty	5.6621747	4.4749475	5.5583444
country	5.4550653	3.7058926	5.5816846
title	6.2439613	3.8288598	5.913736
choose	5.382452	3.5989122	5.8116093
village	6.104047	3.9728112	5.562245
acquire	6.505806	4.552973	6.713205
rank	5.051737	4.081558	5.082098
bow	5.8505845	3.5111737	5.793376
doctor	4.957188	3.9424465	4.9660087
talent	6.922859	4.541542	6.676202
source	6.011178	4.280015	5.675224
lead	4.8539944	4.048846	5.5297384
question	5.286407	3.8373544	5.5652294
publish	5.3674393	4.0103974	5.681903
interest	5.9886193	4.0123844	5.774851
serve	5.0418344	3.4066916	5.6855283
divine	6.4461293	3.986496	5.655309
put	5.63157	3.86357	5.6624393
shadow	4.899101	3.4048061	5.1185117
practical	5.616185	3.884649	6.045163
surface	5.211768	3.214159	4.9551353
account	5.655012	4.034219	5.550664
loss	4.453478	4.3774858	4.564223
indian	5.0370216	4.9839306	5.3395967
vine	6.315356	3.6313858	5.7476583
certain	4.971298	4.4457517	5.415939
sin	3.4989827	4.362242	4.309602
necessity	4.292495	4.270345	4.699332
lose	4.658415	4.571247	4.9663515
private	4.4191885	3.709751	5.254906
gentleman	5.629099	3.5108109	5.398959
daughter	5.4118896	4.278652	4.9921527
drive	4.0409994	4.7245584	4.6231265
strange	4.5919476	4.874285	4.5799336
journey	6.0852604	3.7899888	5.902437
uncle	5.799681	3.9120579	5.961977
species	5.448247	4.5132813	5.146404
think	5.409073	4.2464666	5.503578
bed	5.4193106	3.3627968	5.4837923
wind	5.0805707	4.0553746	4.863273
bless	7.2753124	4.0775886	6.3348246
destroy	3.9508188	4.8931937	4.75366
author	5.6049643	4.1588645	5.225556
sustain	5.2388577	3.913234	5.6988654
black	4.4397593	4.504427	4.512464
event	5.8797817	4.400541	5.062561
liberty	6.920953	4.8278494	6.108522
negro	4.3346176	4.30369	4.548704
little	4.920899	4.1747394	5.0133295
fortune	5.88713	4.277153	5.4722176
touch	5.5789585	3.6851413	5.5299244
kill	4.434032	5.075361	4.8316064
feature	5.2344074	3.9276533	5.4840903
happiness	7.2816057	4.2717395	6.5267963
assume	4.1285434	3.6906743	5.065434
notion	5.646617	4.000634	5.4525814
purchase	6.196989	3.79985	6.392804
faithful	6.2800055	3.6168554	6.0887794
soldier	4.449468	4.4586263	4.9386306
father	5.6361084	4.021019	5.2977877
narrow	3.4813156	3.9188824	4.345995
great	5.14196	4.04399	5.1629696
tear	3.9056647	3.996128	4.4890738
honorable	5.591149	4.360136	5.9190197
previous	4.4070234	3.9538102	5.0175834
good	6.0788937	3.6482532	6.0866904
domestic	5.093088	3.7254038	5.0273523
glory	6.8327894	4.5370817	6.058423
lay	4.925329	3.347738	5.5708456
occasion	5.2030454	4.235731	5.0925584
guard	4.9727793	3.8138018	5.289389
whole	5.1219773	4.0645814	5.0994387
mouth	5.0834064	4.2591968	5.450735
receive	6.310005	3.7130182	6.0663247
take	5.2398744	3.7721796	5.612655
simple	5.973219	3.7157106	5.831064
error	3.4166121	4.4617286	4.2428875
wisdom	6.241831	4.0468087	6.097607
rock	5.577375	4.2201457	5.234996
decide	5.0615864	4.026363	5.573038
exclaim	5.7951345	4.7925434	5.646051
assure	6.9032707	4.007709	6.5596743
sign	5.0911374	3.558229	5.2672596
preserve	5.904232	3.4894521	5.87042
commerce	5.48605	4.330166	5.488577
plant	4.789058	3.7803237	5.147241
walk	5.7569184	3.7213821	5.8635783
difference	5.1649914	4.067401	5.239353
hang	4.8156805	3.87086	5.124616
following	6.6112857	3.4523892	5.971829
employ	4.9477363	3.9481719	6.116992
