deal	4.9477973	4.352778	5.1183867
study	6.2078247	3.9788184	6.511711
afford	6.1251044	3.9756913	5.724579
service	5.512262	3.9568958	5.9143662
height	5.1198645	4.274358	5.1408734
prospect	6.785537	4.433491	6.080368
pleasant	6.789612	3.9520125	6.056263
shade	5.0884027	3.655702	5.292306
listen	5.3603806	4.2225046	5.5222125
mighty	5.73704	4.531319	5.539949
country	5.401971	3.7317119	5.493043
title	6.370634	3.8789396	6.0285053
choose	5.3484135	3.5969925	5.840437
village	5.993878	4.0300293	5.4876847
acquire	6.485776	4.520303	6.6628966
rank	5.0412345	3.9875135	5.089191
bow	5.8160934	3.4773247	5.7877693
doctor	4.9584184	3.955583	4.920135
talent	6.9603615	4.6444087	6.770314
source	5.9857407	4.22917	5.644496
lead	4.914743	3.9827409	5.5144715
question	5.320004	3.820395	5.5237417
publish	5.431023	4.08004	5.7978344
interest	6.0906453	4.069644	5.8284116
serve	5.1096573	3.4404597	5.6352243
divine	6.4309945	3.9741874	5.740132
put	5.5783334	3.8407807	5.632488
shadow	4.866934	3.4602442	5.0940247
practical	5.69121	3.883552	5.985937
surface	5.1696105	3.2097447	4.935887
account	5.552298	3.8763459	5.538038
loss	4.381304	4.2936454	4.549355
indian	5.0511847	4.997989	5.3377085
vine	6.249906	3.7580633	5.8121314
certain	4.9516215	4.469032	5.406661
sin	3.5638747	4.3999376	4.355875
necessity	4.2652774	4.258561	4.742806
lose	4.5740004	4.486009	5.0675745
private	4.3675413	3.6923726	5.2362843
gentleman	5.654533	3.546241	5.3982663
daughter	5.473087	4.261909	4.9922767
drive	4.0919414	4.715553	4.7155976
strange	4.6665525	4.870615	4.5551667
journey	6.1104107	3.8114593	5.8515005
uncle	5.9746494	3.950797	6.003765
species	5.416917	4.448882	5.1110597
think	5.4340506	4.327526	5.4233212
bed	5.33488	3.3776608	5.3448887
wind	5.15938	4.05749	4.8775024
bless	7.276903	4.0928187	6.3673472
destroy	3.884273	4.9842954	4.7372847
author	5.6016064	4.239974	5.3075094
sustain	5.213494	3.8804555	5.682809
black	4.363461	4.5288305	4.4903874
event	6.00604	4.429899	5.103354
liberty	6.910126	4.804107	6.197495
negro	4.330755	4.3559895	4.516519
little	5.0219254	4.078267	4.9955025
fortune	6.0041776	4.2351866	5.5782576
touch	5.5922265	3.753415	5.5024395
kill	4.4377046	5.1202807	4.7988887
feature	5.297089	3.9248507	5.4429617
happiness	7.2437057	4.327927	6.581253
assume	4.0803146	3.7235227	4.9561157
notion	5.6244116	4.0495915	5.3848944
purchase	6.258887	3.7788882	6.4587164
faithful	6.2874274	3.7173734	6.0495224
soldier	4.471659	4.38255	4.910865
father	5.769148	4.112261	5.333616
narrow	3.504721	3.8666859	4.3169823
great	5.1648436	4.1879873	5.2514124
tear	3.828951	4.02179	4.4548345
honorable	5.5823584	4.258215	5.905246
previous	4.4259	3.9639704	4.9445543
good	6.116536	3.679542	6.118393
domestic	5.1008015	3.7413511	4.951593
glory	6.8102674	4.480176	6.0638056
lay	4.743364	3.3451958	5.4290147
occasion	5.140863	4.230429	5.029767
guard	4.838668	3.8061266	5.2167892
whole	5.1915817	4.0794473	5.2344127
mouth	5.168479	4.2324634	5.466396
receive	6.2198753	3.7572718	6.003139
take	5.2898536	3.7004285	5.776966
simple	6.0611415	3.7018147	5.818457
error	3.4040835	4.389647	4.1353254
wisdom	6.2985325	4.070671	6.162248
rock	5.482314	4.2016287	5.1747613
decide	5.12196	3.9695067	5.614914
exclaim	5.696315	4.8075194	5.657312
assure	6.8141365	4.016039	6.493418
sign	5.0534062	3.5107577	5.2777767
preserve	5.8170805	3.491712	5.8775883
commerce	5.608675	4.4104147	5.5993485
plant	4.9408407	3.7652574	5.212963
walk	5.773081	3.743609	5.853343
difference	5.0510397	3.958222	5.213006
hang	4.7886333	3.8654456	5.130484
following	6.5175533	3.4930487	6.0133286
employ	4.8893714	3.9320855	6.037498
