deal	5.015345	4.2539988	5.158815
study	6.1249557	4.0025315	6.3869505
afford	6.1784844	3.9874392	5.740722
service	5.607048	3.98015	5.9577665
height	5.1711464	4.2742195	5.200276
prospect	6.721695	4.299301	5.9368696
pleasant	6.8488154	3.987216	6.098024
shade	5.0655923	3.5856702	5.2162337
listen	5.269009	4.141948	5.5323825
mighty	5.6775703	4.513238	5.5028067
country	5.3566265	3.6434364	5.4842167
title	6.3806787	3.773693	6.096554
choose	5.3701067	3.6324391	5.809737
village	6.081173	3.9555304	5.557422
acquire	6.5671263	4.528851	6.6785293
rank	5.079166	4.021765	5.123043
bow	5.777524	3.4241605	5.7868285
doctor	5.0025034	3.818337	4.9414973
talent	6.930929	4.5842614	6.7105207
source	6.071741	4.2085757	5.6993904
lead	4.869358	4.0034323	5.530775
question	5.339501	3.8384569	5.5469236
publish	5.4321284	4.104556	5.763778
interest	5.936733	3.9135313	5.70945
serve	5.066749	3.3780186	5.649901
divine	6.448819	3.9739444	5.659705
put	5.4800572	3.9645472	5.6226377
shadow	4.851245	3.4064834	5.0801086
practical	5.614265	3.913979	5.95144
surface	5.1415277	3.190885	4.919821
account	5.7187777	4.008238	5.659047
loss	4.4538574	4.3670654	4.5544863
indian	5.0454216	4.907974	5.3590536
vine	6.291542	3.6148531	5.818922
certain	4.9428606	4.4597406	5.407404
sin	3.545392	4.2620296	4.269149
necessity	4.236544	4.2874374	4.6799054
lose	4.764606	4.61366	5.119087
private	4.4128633	3.7475572	5.2276664
gentleman	5.544388	3.557073	5.323918
daughter	5.529298	4.2362638	5.083261
drive	4.0769224	4.712107	4.668937
strange	4.678593	4.9086933	4.6387134
journey	6.1163464	3.6976504	5.8437114
uncle	5.8510213	3.8769667	5.959957
species	5.3499618	4.50148	5.0880623
think	5.504841	4.230659	5.5196157
bed	5.304383	3.330615	5.398498
wind	5.1481676	4.0863996	4.9390936
bless	7.335908	4.0456524	6.4062786
destroy	3.906828	4.9900813	4.7587337
author	5.6231194	4.1775007	5.276424
sustain	5.1585655	3.946167	5.70378
black	4.4051976	4.4637485	4.5365076
event	6.0489764	4.3247595	5.141736
liberty	7.002038	4.8464894	6.190468
negro	4.3837004	4.3165493	4.4670343
little	5.0065393	4.051304	5.084218
fortune	5.972989	4.229562	5.5015507
touch	5.629228	3.6747591	5.540939
kill	4.405903	5.076153	4.78368
feature	5.2736144	3.879722	5.4870462
happiness	7.257706	4.333328	6.5327997
assume	4.1425276	3.7074761	5.0902605
notion	5.7053947	3.9566517	5.5047703
purchase	6.212574	3.8020601	6.387309
faithful	6.354726	3.599074	6.096031
soldier	4.4609704	4.4191666	4.942976
father	5.7380004	4.005259	5.2767406
narrow	3.4959517	3.8332124	4.386486
great	5.1096582	4.1087427	5.103175
tear	3.8902793	3.967965	4.4497943
honorable	5.5373898	4.2828617	5.943833
previous	4.459172	3.9636045	4.995456
good	6.2803283	3.6363986	6.2054377
domestic	5.116385	3.6995225	5.0049443
glory	6.7666855	4.4918423	6.0433607
lay	4.8145366	3.335053	5.522042
occasion	5.081707	4.2087474	5.0439887
guard	4.957651	3.7807457	5.2732296
whole	5.1652017	4.031811	5.1720414
mouth	5.206347	4.1213555	5.567369
receive	6.293901	3.7568445	6.070607
take	5.1281786	3.778478	5.56949
simple	6.027849	3.6999722	5.88745
error	3.444744	4.4103	4.224082
wisdom	6.3025856	4.0488544	6.124659
rock	5.5246925	4.280666	5.183499
decide	5.002796	4.0000005	5.55724
exclaim	5.809396	4.734834	5.7264776
assure	6.8354626	4.0420613	6.5419083
sign	5.1600313	3.4521933	5.3117056
preserve	5.9899163	3.4336295	5.9495225
commerce	5.667218	4.315737	5.650552
plant	4.8312793	3.7704926	5.1679263
walk	5.597355	3.7673411	5.7975707
difference	5.16605	4.077043	5.2008195
hang	4.775222	3.8373742	5.0968585
following	6.600559	3.4916131	6.0466194
employ	4.9742765	3.9548497	6.071827
