deal	4.9509926	4.317707	5.119648
study	6.233467	3.9788208	6.5105023
afford	6.0405335	3.9443395	5.696844
service	5.572069	3.9752064	5.9717183
height	5.1971183	4.288953	5.1801095
prospect	6.6920557	4.370014	6.018954
pleasant	6.8216467	3.9273658	6.0933523
shade	5.017682	3.6122575	5.242606
listen	5.1914687	4.2413244	5.4845138
mighty	5.623645	4.480434	5.5992413
country	5.41839	3.6705835	5.5493393
title	6.3175397	3.760699	6.0138736
choose	5.3664083	3.5573187	5.8618164
village	6.040741	3.8872738	5.549366
acquire	6.6014075	4.473516	6.7458534
rank	5.0982533	4.021542	5.1587653
bow	5.8786507	3.3949342	5.8947086
doctor	4.9728293	3.946364	4.9326
talent	7.02196	4.5892057	6.7765846
source	5.988617	4.1593866	5.6543555
lead	4.8542085	3.9975734	5.4601393
question	5.3424554	3.9056966	5.485564
publish	5.461914	4.0334997	5.715604
interest	5.8724947	3.975683	5.711177
serve	5.004248	3.494989	5.552428
divine	6.385265	3.9974198	5.6342635
put	5.521742	3.8703752	5.5988092
shadow	4.898331	3.395432	5.114894
practical	5.6979113	3.9527016	6.0088167
surface	5.1394324	3.214586	4.918121
account	5.586854	3.976481	5.498758
loss	4.454109	4.3953342	4.586245
indian	5.08843	4.901963	5.368125
vine	6.281347	3.6792498	5.7902937
certain	4.9546022	4.4917426	5.4022512
sin	3.590093	4.300034	4.348461
necessity	4.1738753	4.2926264	4.7079315
lose	4.7951446	4.512614	5.156066
private	4.3354025	3.7292724	5.1751633
gentleman	5.5301924	3.5450659	5.357382
daughter	5.435574	4.247547	4.9702
drive	4.0882454	4.594717	4.61487
strange	4.65265	4.8808274	4.566116
journey	6.0354595	3.7323294	5.809723
uncle	5.8721843	3.8873718	5.959116
species	5.447238	4.497342	5.1858854
think	5.4972734	4.23733	5.5325837
bed	5.2788115	3.374487	5.388903
wind	5.234476	4.0488796	4.9625187
bless	7.2698355	4.0974374	6.3508377
destroy	3.94772	4.9508505	4.7203035
author	5.6192265	4.1645355	5.278392
sustain	5.2229953	3.9480627	5.6591907
black	4.397329	4.5096903	4.504578
event	5.889663	4.388095	5.0388703
liberty	6.8590436	4.8223867	6.1750546
negro	4.2383804	4.3703213	4.4401975
little	4.9824414	4.15114	4.988844
fortune	5.9075584	4.2205386	5.499814
touch	5.5916166	3.661082	5.511371
kill	4.4147515	5.0668592	4.780609
feature	5.322419	3.882913	5.464592
happiness	7.2425985	4.2909627	6.5884867
assume	4.146206	3.7090816	4.9942408
notion	5.743421	3.9303863	5.5595775
purchase	6.1652145	3.723762	6.4050756
faithful	6.241723	3.697435	5.994696
soldier	4.407183	4.4604397	4.881509
father	5.6695156	4.052924	5.2172503
narrow	3.4241726	3.8618915	4.3531675
great	5.0497	4.206751	5.0504484
tear	3.9558034	3.9975386	4.467675
honorable	5.609726	4.3313255	5.919282
previous	4.4512863	3.9244318	4.9853196
good	6.1882186	3.6223173	6.0889874
domestic	5.0536814	3.750629	4.939437
glory	6.736762	4.452078	6.097052
lay	4.8362284	3.4313478	5.5398483
occasion	5.07795	4.2398257	5.0309215
guard	4.9695916	3.7745385	5.282573
whole	5.1372385	4.099188	5.152114
mouth	5.1535134	4.1251116	5.5180616
receive	6.3442836	3.7879725	6.1027594
take	5.249628	3.697163	5.579552
simple	6.0398307	3.7056913	5.8443255
error	3.5117588	4.3612437	4.2350297
wisdom	6.308235	4.0821733	6.186397
rock	5.5534706	4.263706	5.2126746
decide	5.0093994	4.03258	5.5429525
exclaim	5.864953	4.720053	5.709065
assure	6.8530927	4.0206456	6.5630817
sign	5.1239924	3.4821248	5.295423
preserve	5.9423475	3.46938	5.8837185
commerce	5.6124763	4.3282485	5.5764647
plant	4.8786707	3.7869077	5.192684
walk	5.691203	3.7054708	5.86369
difference	5.105752	4.0368485	5.2556086
hang	4.748058	3.8522713	5.0629597
following	6.5378933	3.5029247	5.9794846
employ	5.03574	3.9461093	6.098153
