deal	4.9563284	4.2792225	5.148263
study	6.223795	3.954969	6.463681
afford	6.0975037	3.9299622	5.64525
service	5.5313854	4.0411487	5.902587
height	5.123041	4.2427025	5.1763005
prospect	6.804224	4.3340197	6.0258813
pleasant	6.86339	3.9289393	6.097822
shade	5.1196437	3.676443	5.235179
listen	5.2422547	4.249879	5.559905
mighty	5.736605	4.431223	5.529919
country	5.560055	3.677987	5.59218
title	6.249617	3.8045025	5.9757166
choose	5.396608	3.713856	5.796134
village	6.125821	3.9346278	5.542597
acquire	6.5367002	4.493677	6.677264
rank	4.987359	3.9825475	5.0487638
bow	5.83717	3.4031897	5.7776227
doctor	4.961052	3.9235895	4.9527497
talent	6.9340463	4.5847397	6.6943145
source	5.9565353	4.254144	5.5846486
lead	4.850604	4.0234623	5.4622474
question	5.3295593	3.9100316	5.6344433
publish	5.3530526	4.044898	5.685788
interest	6.048057	4.058301	5.787105
serve	5.0806026	3.456641	5.6398125
divine	6.4265275	4.024822	5.6582327
put	5.624932	3.84823	5.7766294
shadow	4.83714	3.3972201	5.045237
practical	5.6752257	3.9087923	5.98871
surface	5.2714987	3.2058887	5.021483
account	5.6281714	3.9829423	5.5470777
loss	4.4765024	4.376545	4.5338607
indian	5.0897727	4.9950776	5.369154
vine	6.390869	3.7040195	5.8657618
certain	4.9829597	4.503619	5.408628
sin	3.5866709	4.314569	4.2801785
necessity	4.2776756	4.271476	4.706282
lose	4.72838	4.575287	5.153763
private	4.3244143	3.7006834	5.2121673
gentleman	5.6948566	3.498944	5.3724027
daughter	5.475092	4.30117	4.9749036
drive	4.099329	4.741248	4.625587
strange	4.637957	4.852264	4.5454116
journey	6.130108	3.789461	5.8697925
uncle	5.8740487	3.9365644	5.973528
species	5.504478	4.4693937	5.2699895
think	5.4429235	4.223774	5.49237
bed	5.3116918	3.3411496	5.344222
wind	5.0554447	4.090598	4.9238834
bless	7.2180934	4.074417	6.3158703
destroy	3.9738042	4.9244094	4.7761836
author	5.591245	4.2677298	5.2674704
sustain	5.247158	3.93947	5.7137194
black	4.4286113	4.466266	4.59049
event	5.9498487	4.3367796	5.070941
liberty	6.956229	4.8444185	6.157261
negro	4.4543633	4.250093	4.5280886
little	4.9651065	4.152244	5.026945
fortune	5.884637	4.276145	5.436492
touch	5.633768	3.6826417	5.5167675
kill	4.496135	5.090507	4.816692
feature	5.3791523	3.9134862	5.5224705
happiness	7.253084	4.328166	6.5133243
assume	4.1489167	3.8032591	5.0164895
notion	5.666905	3.9673285	5.449351
purchase	6.2661104	3.796983	6.4416614
faithful	6.2476077	3.6839154	5.9963713
soldier	4.415941	4.4242134	4.932584
father	5.724519	4.117732	5.2634773
narrow	3.4978328	3.841956	4.3591914
great	5.0825443	4.117473	5.086835
tear	3.9011412	4.1403174	4.375373
honorable	5.5914807	4.285174	5.919497
previous	4.4054093	3.968381	4.9780293
good	6.1181145	3.5231504	6.0865154
domestic	5.0260916	3.7018986	4.930128
glory	6.881173	4.470874	6.051695
lay	4.929976	3.2390213	5.5705647
occasion	5.143594	4.2013927	5.039759
guard	4.8116856	3.8271756	5.199655
whole	5.23389	4.10437	5.191451
mouth	5.1329007	4.0923076	5.5128527
receive	6.293274	3.696319	6.0787897
take	5.3534575	3.7712238	5.715339
simple	6.028074	3.733757	5.861911
error	3.418356	4.3661704	4.1434603
wisdom	6.2691655	4.094507	6.1209965
rock	5.610241	4.2073154	5.263405
decide	5.054609	4.0572743	5.586337
exclaim	5.7896314	4.7228084	5.68734
assure	6.851981	4.0334415	6.505813
sign	5.0043154	3.4457757	5.2352767
preserve	5.90696	3.4620636	5.8745117
commerce	5.6369476	4.323186	5.587258
plant	4.9280005	3.8175974	5.208665
walk	5.6681194	3.7189572	5.8699074
difference	5.056774	3.9418423	5.2227077
hang	4.7367	3.834462	5.093374
following	6.5196266	3.5163455	5.991028
employ	4.95724	3.9803247	6.086572
