deal	5.0225616	4.2959266	5.0929976
study	6.2533245	3.9221554	6.413763
afford	6.085022	4.0043907	5.682102
service	5.4865265	3.9650779	5.9277024
height	5.1346464	4.3087506	5.2055864
prospect	6.6892214	4.416063	5.991023
pleasant	6.8435493	3.9557843	6.0535817
shade	5.0758386	3.5842495	5.2492833
listen	5.316923	4.2046666	5.5460505
mighty	5.657671	4.46208	5.489443
country	5.4209228	3.660192	5.5296483
title	6.303784	3.7865086	6.0593677
choose	5.363495	3.6071088	5.799861
village	6.0870194	3.9409313	5.5092473
acquire	6.5044065	4.5186677	6.695246
rank	5.1568375	4.0676327	5.2731256
bow	5.714314	3.4335732	5.7472687
doctor	5.0018797	3.8879828	4.94553
talent	6.978343	4.5849133	6.728442
source	5.994193	4.1986613	5.629075
lead	4.860978	4.041388	5.4187336
question	5.259067	3.928029	5.498254
publish	5.4583726	3.9957385	5.781128
interest	5.971739	3.9776456	5.7750497
serve	5.051453	3.4547665	5.652483
divine	6.3907785	4.044292	5.650297
put	5.620023	3.8728094	5.680244
shadow	4.8897405	3.409544	5.092373
practical	5.662188	3.9214318	5.96761
surface	5.132264	3.2258623	4.8877177
account	5.5942564	4.0275664	5.5744114
loss	4.448032	4.4280825	4.5209312
indian	5.0672474	4.908311	5.327074
vine	6.419685	3.7064471	5.866824
certain	4.9865804	4.452424	5.360511
sin	3.5127578	4.3177934	4.2718887
necessity	4.30014	4.2513437	4.7190022
lose	4.706598	4.5759616	5.1036944
private	4.419214	3.656928	5.2224054
gentleman	5.6570754	3.5825691	5.357156
daughter	5.513046	4.2930284	5.057177
drive	4.062037	4.739003	4.611623
strange	4.7343473	4.8392954	4.6027236
journey	6.103855	3.7655098	5.8158436
uncle	5.8975534	4.092662	5.9821978
species	5.450279	4.484384	5.1883626
think	5.502542	4.2790403	5.5502315
bed	5.38461	3.3305733	5.4437184
wind	5.106681	4.129429	4.905803
bless	7.200184	4.1363983	6.32114
destroy	4.0098877	4.9474845	4.793409
author	5.677217	4.193203	5.3102617
sustain	5.2659626	3.9623814	5.7082825
black	4.391226	4.538557	4.5430045
event	5.906666	4.4140205	5.059275
liberty	6.840501	4.848132	6.1553288
negro	4.381654	4.299238	4.5177684
little	5.0160713	3.9884048	5.0260944
fortune	5.945184	4.286457	5.480252
touch	5.5408955	3.7342548	5.4607525
kill	4.403023	5.155446	4.7595963
feature	5.302866	3.8906286	5.4887877
happiness	7.2957077	4.3155665	6.543141
assume	4.1126323	3.7520113	5.0533314
notion	5.6529226	4.0138845	5.46639
purchase	6.2155266	3.8008323	6.380945
faithful	6.26649	3.656434	6.053358
soldier	4.4368315	4.4341187	4.9536858
father	5.6548567	4.0570087	5.246419
narrow	3.5019774	3.7449794	4.33883
great	5.1185575	4.220274	5.076059
tear	3.8756046	3.9594994	4.4297748
honorable	5.634308	4.312088	5.923873
previous	4.4181986	3.9361196	4.975693
good	6.183631	3.6230452	6.078335
domestic	5.173302	3.6764688	5.017921
glory	6.7754154	4.5112777	6.0705013
lay	4.903795	3.280845	5.569751
occasion	5.1158185	4.236909	5.0529594
guard	4.941264	3.7991648	5.251824
whole	5.287191	4.068963	5.2006917
mouth	5.0646043	4.017039	5.4523435
receive	6.2367134	3.7334688	6.043229
take	5.314892	3.7117312	5.623197
simple	5.950387	3.7279062	5.7772107
error	3.414885	4.3615375	4.182883
wisdom	6.335555	4.1127014	6.1211042
rock	5.5667043	4.249814	5.2351265
decide	5.0557775	4.0218725	5.5270214
exclaim	5.736127	4.7731056	5.653261
assure	6.8537693	4.080893	6.5362744
sign	5.0322785	3.4907475	5.255541
preserve	5.9827986	3.501429	5.912483
commerce	5.657117	4.3244476	5.5701876
plant	4.989498	3.7236505	5.229684
walk	5.653845	3.7703588	5.842434
difference	5.0805855	3.997538	5.1397834
hang	4.8218784	3.842597	5.1156387
following	6.56631	3.5083416	6.051532
employ	4.975972	3.9148088	6.09371
