deal	4.9107265	4.3391185	5.0849867
study	6.293596	3.9755297	6.558792
afford	6.0846777	3.9749894	5.624597
service	5.6797504	3.99018	6.0091963
height	5.1933107	4.251917	5.155406
prospect	6.7795615	4.2908525	6.0105915
pleasant	6.8442574	3.9694147	6.0462823
shade	5.0934777	3.6046476	5.2463884
listen	5.206893	4.2246943	5.5384703
mighty	5.741217	4.541862	5.5860553
country	5.456845	3.639071	5.507965
title	6.2591906	3.7859533	6.0968733
choose	5.3187823	3.4930766	5.767647
village	5.9314613	3.9463773	5.4621887
acquire	6.514492	4.5215797	6.730653
rank	5.12431	4.0297155	5.15379
bow	5.8529654	3.4156342	5.793929
doctor	4.9510727	3.9716468	4.9320164
talent	6.987239	4.571354	6.7237906
source	5.9038815	4.1733317	5.6008077
lead	4.79325	3.9924946	5.4936795
question	5.36432	3.8735065	5.6222568
publish	5.4009805	4.050064	5.6998935
interest	6.0049887	3.9858418	5.7754736
serve	5.101301	3.4482083	5.5732884
divine	6.4670877	3.9637651	5.6583734
put	5.635135	3.8591707	5.7008133
shadow	4.8759317	3.4032903	5.0820017
practical	5.61917	3.9451928	5.889635
surface	5.15654	3.1586733	4.952688
account	5.5922365	3.9922566	5.4977975
loss	4.3762164	4.373636	4.4689994
indian	4.985177	4.930122	5.358243
vine	6.3146086	3.6928844	5.8398304
certain	4.9090014	4.447089	5.4180856
sin	3.5073373	4.3415656	4.280345
necessity	4.240147	4.273493	4.729011
lose	4.7090144	4.4683247	5.117408
private	4.4174814	3.6535873	5.187669
gentleman	5.559519	3.5397844	5.309395
daughter	5.4596844	4.1851425	5.0022564
drive	4.0605145	4.715412	4.6660314
strange	4.6389637	4.909205	4.602293
journey	6.1688585	3.7901144	5.8580084
uncle	5.817218	3.874411	5.963236
species	5.3665977	4.537604	5.1539907
think	5.4832573	4.256795	5.5008106
bed	5.3363686	3.4105825	5.375144
wind	5.1998687	4.106668	4.9291577
bless	7.2726736	3.9895988	6.3348737
destroy	3.873671	4.9514384	4.7491894
author	5.5769997	4.1619325	5.2873716
sustain	5.1796746	3.949759	5.6572795
black	4.420477	4.353724	4.5252085
event	5.977833	4.3629227	5.069693
liberty	6.9200716	4.8425636	6.168549
negro	4.3865933	4.3345227	4.5052867
little	4.97449	4.0363007	4.9621153
fortune	5.8559847	4.2589364	5.458702
touch	5.5774136	3.6946127	5.4408317
kill	4.3256664	5.0716295	4.754829
feature	5.2613735	3.832451	5.4299655
happiness	7.2559605	4.2408614	6.538143
assume	4.156175	3.7007365	5.087196
notion	5.6520953	4.0652804	5.455103
purchase	6.2626796	3.7739534	6.4387393
faithful	6.2703385	3.6138186	5.999045
soldier	4.4249773	4.414116	4.929205
father	5.7432404	4.0537724	5.2858834
narrow	3.5437896	3.8217514	4.4117627
great	5.1965685	4.253255	5.134207
tear	3.873096	3.946216	4.4748054
honorable	5.6513324	4.2655115	5.8965907
previous	4.5099072	3.9924896	4.973585
good	6.1213636	3.6785338	6.0771866
domestic	5.124648	3.6755617	4.906495
glory	6.733048	4.4866357	6.069929
lay	4.916593	3.3683853	5.575468
occasion	5.110079	4.2876463	4.98662
guard	4.888644	3.816243	5.2505326
whole	5.260602	3.9858608	5.1776633
mouth	5.1008124	4.124429	5.5261574
receive	6.3042827	3.7389555	6.049798
take	5.2878804	3.737972	5.705254
simple	6.0642424	3.6772008	5.879475
error	3.4088326	4.3551536	4.114638
wisdom	6.339077	4.048771	6.102029
rock	5.49679	4.259104	5.180095
decide	4.995847	4.004921	5.561918
exclaim	5.784186	4.741853	5.7063446
assure	6.8611917	3.988958	6.55976
sign	5.0322156	3.4651742	5.2833543
preserve	5.9250193	3.4403787	5.8711486
commerce	5.617496	4.328494	5.5488915
plant	4.835926	3.7892118	5.141178
walk	5.7483344	3.7744126	5.8490157
difference	5.148756	4.0164785	5.2273235
hang	4.7836375	3.854511	5.1288285
following	6.6905556	3.5739672	6.0085454
employ	4.9838896	3.9251666	6.054904
