deal	4.9643736	4.354387	5.1051517
study	6.3478236	4.036537	6.5171046
afford	6.138127	3.9503193	5.7339535
service	5.61129	3.9816036	5.9772077
height	5.126565	4.283663	5.1321826
prospect	6.727792	4.4129543	5.9933505
pleasant	6.857251	3.9386082	6.0900297
shade	5.163462	3.5780087	5.281613
listen	5.2260523	4.240514	5.480083
mighty	5.695261	4.5109906	5.51785
country	5.433098	3.7009847	5.534848
title	6.33199	3.7579865	5.983094
choose	5.312779	3.5533793	5.803982
village	6.062103	3.9711885	5.522113
acquire	6.5016947	4.5131035	6.6710954
rank	5.004727	4.046873	5.1229033
bow	5.773244	3.3955264	5.7900753
doctor	4.9973583	3.8554451	4.9309382
talent	6.9367723	4.5646963	6.7622175
source	6.099558	4.2125807	5.6922617
lead	4.8620586	4.0172048	5.392849
question	5.392499	3.8405643	5.5816336
publish	5.4860525	4.0926504	5.820957
interest	6.029298	4.008521	5.7521787
serve	5.2043815	3.4481387	5.6643524
divine	6.441156	4.0152206	5.6344337
put	5.5024104	3.8379107	5.6251535
shadow	4.9506817	3.4306214	5.108634
practical	5.659025	3.9388173	5.9838843
surface	5.150496	3.2020378	4.947869
account	5.5735836	3.9145026	5.5453334
loss	4.489537	4.368557	4.5964603
indian	5.084042	4.8948455	5.353878
vine	6.224996	3.7288995	5.8159747
certain	4.966446	4.518807	5.399217
sin	3.5759315	4.381072	4.2802067
necessity	4.2439394	4.3052893	4.722395
lose	4.623393	4.509751	5.0770574
private	4.384529	3.7490938	5.18663
gentleman	5.5221	3.5603297	5.319417
daughter	5.5039816	4.216154	5.0229855
drive	4.1107063	4.7100163	4.6340423
strange	4.6231103	4.839685	4.537109
journey	6.12848	3.7914114	5.806297
uncle	5.84979	3.8571658	5.9286423
species	5.4795866	4.4380527	5.258121
think	5.487132	4.2563457	5.4739437
bed	5.304859	3.4096134	5.3754234
wind	5.0669656	4.0446424	4.9079947
bless	7.2883654	4.0947256	6.3526864
destroy	3.82799	4.937923	4.7130837
author	5.6499424	4.2106724	5.298649
sustain	5.2437277	3.8939092	5.7381153
black	4.479479	4.525851	4.570911
event	5.996107	4.3818064	5.109483
liberty	6.9230947	4.872216	6.1987443
negro	4.387265	4.352827	4.485135
little	5.053717	4.090003	5.0830812
fortune	6.054047	4.264339	5.5426126
touch	5.5672245	3.716939	5.4856014
kill	4.3832603	5.0575585	4.762331
feature	5.279845	3.8615222	5.41213
happiness	7.264529	4.3164454	6.5143137
assume	4.130718	3.7291555	5.023756
notion	5.598665	4.0077105	5.391735
purchase	6.327185	3.7680955	6.455578
faithful	6.261494	3.7056098	6.036769
soldier	4.3645945	4.4307656	4.9014015
father	5.7627	4.0061026	5.2039037
narrow	3.547966	3.8632333	4.409509
great	5.319552	4.3014913	5.2499943
tear	3.9390306	4.0045004	4.4582753
honorable	5.6422043	4.2879534	5.9596977
previous	4.4409103	3.9360702	4.9097743
good	6.1606617	3.680401	6.1134253
domestic	5.174323	3.7363975	5.0606127
glory	6.794073	4.524095	6.0868206
lay	4.872443	3.4010315	5.564849
occasion	5.1473727	4.2109756	5.0893464
guard	4.8698416	3.7853644	5.246605
whole	5.233414	4.0729966	5.1610627
mouth	5.0707855	4.17903	5.4634724
receive	6.201055	3.7451248	5.976303
take	5.1987195	3.7636662	5.596885
simple	6.027273	3.7135978	5.825446
error	3.498938	4.4265413	4.2055044
wisdom	6.305455	4.0736985	6.159588
rock	5.437376	4.2125254	5.2045813
decide	5.0361414	4.0057073	5.5609565
exclaim	5.7714176	4.7868395	5.6585608
assure	6.8719897	3.9990778	6.588399
sign	5.0010815	3.4597745	5.260146
preserve	5.898085	3.5010366	5.8927937
commerce	5.6703205	4.3939443	5.65789
plant	4.753787	3.815879	5.198057
walk	5.727572	3.7596014	5.863179
difference	5.108663	4.0648212	5.1983843
hang	4.807587	3.8021681	5.1051354
following	6.5469832	3.5510883	5.9725084
employ	4.974661	3.9138074	6.0935545
