deal	5.015407	4.2800655	5.104712
study	6.235509	4.0199847	6.4155045
afford	6.099756	3.9189548	5.733577
service	5.5535307	3.955912	5.9072256
height	5.167955	4.249995	5.1276627
prospect	6.734866	4.3556485	5.8918366
pleasant	6.886959	3.9713423	6.0655336
shade	5.110257	3.6201963	5.290907
listen	5.3478756	4.2471776	5.5365133
mighty	5.701474	4.508785	5.5596285
country	5.4158626	3.6700466	5.462086
title	6.271956	3.7412424	6.0230575
choose	5.3727736	3.5702844	5.8498025
village	6.0798283	3.8952272	5.5586505
acquire	6.503875	4.4733715	6.6689796
rank	5.040316	3.9926772	5.1043253
bow	5.88422	3.3897784	5.8681993
doctor	5.0595803	3.914001	4.9572678
talent	6.8687134	4.547281	6.6727486
source	5.989006	4.2103815	5.6374316
lead	4.9171333	4.0394735	5.486807
question	5.3197436	3.8223104	5.5062304
publish	5.453496	4.0037127	5.776994
interest	6.0599737	4.0609875	5.773445
serve	5.038935	3.4264317	5.6477904
divine	6.3658676	3.9936712	5.618279
put	5.655868	3.8729544	5.6770635
shadow	4.9236994	3.381587	5.0859632
practical	5.678652	3.9481459	5.9912353
surface	5.117528	3.1752975	4.861599
account	5.664193	3.9692903	5.5604386
loss	4.4849052	4.4577494	4.5190516
indian	4.979141	4.9487734	5.345172
vine	6.267758	3.6634407	5.7889476
certain	4.8645964	4.4026694	5.3735895
sin	3.590962	4.2944536	4.2867994
necessity	4.2211537	4.258277	4.6762605
lose	4.684788	4.5109553	5.099535
private	4.3973536	3.6849918	5.209114
gentleman	5.653759	3.5071032	5.32781
daughter	5.426444	4.2828193	4.9489703
drive	4.1506095	4.714518	4.667286
strange	4.6642795	4.8114185	4.6004653
journey	6.054507	3.7741108	5.771104
uncle	5.8849044	3.891471	5.9772105
species	5.423446	4.4738936	5.1926084
think	5.5318155	4.293548	5.5619364
bed	5.3934317	3.3886569	5.432794
wind	5.0736313	4.0514126	4.874241
bless	7.3080974	4.023753	6.320429
destroy	3.8681426	4.899543	4.800126
author	5.637713	4.209907	5.3074217
sustain	5.2646456	3.9442387	5.700463
black	4.357879	4.481584	4.50209
event	5.895604	4.3910694	5.0521297
liberty	6.9465046	4.8185143	6.1810293
negro	4.5138803	4.323922	4.564658
little	4.934148	4.1017504	5.0059867
fortune	5.8460774	4.266788	5.435102
touch	5.612521	3.6532373	5.5431747
kill	4.5494146	5.0687537	4.9523764
feature	5.3246593	3.8827243	5.479745
happiness	7.229993	4.379396	6.556772
assume	4.122955	3.6840184	4.99247
notion	5.688475	3.9440022	5.485386
purchase	6.2355804	3.796804	6.4329824
faithful	6.3109913	3.6781185	6.0213547
soldier	4.455187	4.441956	4.9218984
father	5.7268586	3.9932802	5.26668
narrow	3.5553932	3.8696241	4.3686814
great	5.222451	4.1042066	5.1878495
tear	3.9767747	4.0727024	4.5349984
honorable	5.5107093	4.343771	5.84444
previous	4.5128174	3.9580731	5.034285
good	6.098716	3.6169634	6.0814834
domestic	5.0648503	3.7222958	4.9918227
glory	6.780628	4.5448833	6.073934
lay	4.904705	3.369397	5.565295
occasion	5.200875	4.2547936	5.052399
guard	4.9222	3.8211741	5.2754984
whole	5.2515936	4.067924	5.2151756
mouth	5.0838156	4.105112	5.4398317
receive	6.2428474	3.6611745	6.055732
take	5.252604	3.7534149	5.6696935
simple	6.051783	3.6909933	5.883104
error	3.502869	4.3601847	4.2165537
wisdom	6.170821	4.094072	6.0097466
rock	5.501955	4.1973653	5.1762056
decide	4.9669085	4.010474	5.5461035
exclaim	5.713707	4.739994	5.641833
assure	6.8406887	3.9903352	6.5530376
sign	4.9431715	3.430574	5.300906
preserve	5.897236	3.3909843	5.87428
commerce	5.5648813	4.289687	5.6336937
plant	4.863069	3.7318861	5.175964
walk	5.7434754	3.734447	5.871206
difference	5.083733	4.04439	5.155047
hang	4.8384204	3.8088274	5.1369967
following	6.595903	3.4912696	5.9831324
employ	4.892107	3.902051	6.065447
