deal	4.9858594	4.2465878	5.0919647
study	6.24518	3.9568405	6.562198
afford	6.112345	3.983631	5.6678505
service	5.628415	3.9450836	6.04603
height	5.1236286	4.3276563	5.101827
prospect	6.72771	4.3204756	5.9535713
pleasant	6.7804894	3.9416668	6.0259724
shade	5.0764894	3.5939777	5.251785
listen	5.21569	4.2105036	5.4573293
mighty	5.648567	4.4839826	5.519498
country	5.3739867	3.658198	5.4920545
title	6.321236	3.7409844	6.0215263
choose	5.363866	3.610832	5.730654
village	5.985097	3.9797778	5.493545
acquire	6.520318	4.522582	6.7259226
rank	5.1062574	3.9854827	5.153747
bow	5.8502936	3.4419491	5.8332896
doctor	4.9015026	3.9736018	4.8577704
talent	6.953222	4.625182	6.72626
source	6.0168514	4.223934	5.590686
lead	4.835277	3.9468975	5.4313393
question	5.221779	3.9443905	5.4866056
publish	5.5217886	4.055797	5.797904
interest	6.001729	4.0452056	5.8324437
serve	5.0774727	3.45612	5.6241107
divine	6.4374924	4.0328608	5.722636
put	5.610121	3.914063	5.6614475
shadow	4.880901	3.4519358	5.1734962
practical	5.6369066	3.9043121	6.0020504
surface	5.086822	3.2015436	4.8813057
account	5.7284956	3.9637759	5.572651
loss	4.35748	4.4059825	4.5007634
indian	5.087467	5.0255713	5.3560023
vine	6.2660956	3.709852	5.7664895
certain	4.8905134	4.4905076	5.4032817
sin	3.5642877	4.3360553	4.2890606
necessity	4.2055883	4.2986565	4.676541
lose	4.680905	4.669814	5.1281404
private	4.3445745	3.593956	5.235972
gentleman	5.549601	3.5148344	5.328484
daughter	5.444911	4.2790446	4.9490824
drive	3.9859452	4.7135005	4.5634604
strange	4.682315	4.8586283	4.6158695
journey	6.12035	3.721007	5.7489047
uncle	5.850024	3.8580015	5.8370767
species	5.373124	4.559063	5.184648
think	5.55051	4.2519445	5.580364
bed	5.4217067	3.3142996	5.3625555
wind	5.1129975	4.05502	4.8892236
bless	7.24817	4.0728254	6.2852426
destroy	3.881438	5.0491967	4.7648954
author	5.670141	4.2465844	5.2668967
sustain	5.2071776	3.9635348	5.6809125
black	4.48128	4.564366	4.555462
event	5.880147	4.4177914	5.0703707
liberty	6.83601	4.8533535	6.155365
negro	4.409266	4.3140144	4.576662
little	5.044243	4.0557337	5.0483294
fortune	5.824276	4.2323027	5.3929753
touch	5.507327	3.715387	5.418108
kill	4.4328246	5.123869	4.7913446
feature	5.290209	3.9058852	5.465151
happiness	7.239337	4.323259	6.5458846
assume	4.233314	3.69627	5.1103096
notion	5.568208	4.1553473	5.41179
purchase	6.1551714	3.7884707	6.338329
faithful	6.3062525	3.5799108	6.012909
soldier	4.3914647	4.4033265	4.9341397
father	5.473477	4.079674	5.1338086
narrow	3.4967117	3.7832441	4.3998713
great	5.1917143	4.132509	5.2318096
tear	3.8419018	4.063419	4.504669
honorable	5.5886927	4.3000746	5.897223
previous	4.477609	4.037622	4.9835625
good	6.0548573	3.6355584	6.023883
domestic	5.076803	3.7555606	4.9847784
glory	6.7269945	4.4996014	6.0224543
lay	4.9362473	3.3075175	5.63439
occasion	5.135625	4.3109913	4.975934
guard	4.801549	3.807566	5.2625585
whole	5.1796947	4.064249	5.2103825
mouth	5.189	4.1008224	5.5662556
receive	6.2512646	3.7303076	6.059914
take	5.2792606	3.7106473	5.656296
simple	6.019524	3.754393	5.869051
error	3.4735613	4.3673654	4.2311344
wisdom	6.201145	4.0731654	6.0907917
rock	5.586775	4.2436986	5.1811643
decide	5.046151	4.0271344	5.585363
exclaim	5.702468	4.7819157	5.6246448
assure	6.882026	4.037992	6.554357
sign	5.0765862	3.4747024	5.2873735
preserve	5.8754153	3.4627774	5.9253893
commerce	5.6303043	4.3769026	5.594783
plant	4.9124002	3.7372906	5.206515
walk	5.720456	3.8128202	5.8530064
difference	5.1091747	3.9215994	5.269995
hang	4.754926	3.7716343	5.136357
following	6.547116	3.5430021	5.998223
employ	4.957039	3.932927	6.155905
