deal	4.9632964	4.2752466	5.1140904
study	6.1124363	3.9604843	6.410863
afford	6.1090293	3.9546537	5.661106
service	5.5288334	3.9906468	5.89526
height	5.087264	4.290197	5.1110697
prospect	6.8217564	4.360142	6.0121994
pleasant	6.819	3.9482903	6.079198
shade	5.070687	3.6630728	5.2444143
listen	5.26134	4.22776	5.5618367
mighty	5.668658	4.4996014	5.540885
country	5.388636	3.6740425	5.4950953
title	6.3003945	3.8542373	5.9838433
choose	5.333868	3.571997	5.802986
village	6.0256863	3.9906845	5.556702
acquire	6.4337115	4.4144344	6.623738
rank	5.0447187	4.058618	5.1216426
bow	5.798341	3.4191651	5.767706
doctor	4.9424243	3.9703417	4.940291
talent	6.937924	4.5233884	6.7301884
source	5.9021864	4.238842	5.6042175
lead	4.766272	4.0344186	5.448603
question	5.1788635	3.9322045	5.4418173
publish	5.436412	4.025949	5.706519
interest	6.0209556	4.0341935	5.7632017
serve	5.01515	3.458782	5.59911
divine	6.330321	4.0640674	5.6262426
put	5.618945	3.8152595	5.6858187
shadow	4.8604727	3.4349823	5.0704875
practical	5.6823616	3.9416666	5.969623
surface	5.054293	3.2124264	4.8982906
account	5.6020703	4.039795	5.583231
loss	4.5398726	4.389195	4.5706077
indian	5.070191	4.9767685	5.3985577
vine	6.2754774	3.6896887	5.7970514
certain	4.896965	4.497749	5.4132557
sin	3.570512	4.349722	4.338469
necessity	4.2691374	4.249372	4.7401285
lose	4.7582083	4.561502	5.058921
private	4.2937217	3.6541166	5.1496763
gentleman	5.5512786	3.5148487	5.311982
daughter	5.5176296	4.3214936	5.0207715
drive	4.106127	4.657747	4.670992
strange	4.683123	4.8862	4.641818
journey	6.1481476	3.7552853	5.806246
uncle	5.858767	4.0169196	5.8958316
species	5.440842	4.568969	5.2190733
think	5.4292903	4.2694683	5.488498
bed	5.351645	3.3638055	5.414488
wind	5.061461	4.111632	4.890064
bless	7.3128386	4.074253	6.3544827
destroy	3.8809316	4.9377155	4.757884
author	5.661613	4.263277	5.2729797
sustain	5.205298	3.952631	5.694521
black	4.398843	4.604909	4.632708
event	5.9335384	4.4427223	5.053942
liberty	6.941783	4.876579	6.133836
negro	4.3630366	4.364472	4.5280037
little	4.941374	4.134486	5.0613093
fortune	5.910243	4.3077273	5.4217577
touch	5.6159353	3.6809225	5.499963
kill	4.475695	5.070134	4.870299
feature	5.1701317	3.9401603	5.426142
happiness	7.2497926	4.28538	6.504764
assume	4.0718837	3.7571187	4.9950213
notion	5.725341	4.071006	5.5134773
purchase	6.178219	3.770822	6.355699
faithful	6.272919	3.667405	5.9756083
soldier	4.4102793	4.461611	4.9277253
father	5.774668	4.071816	5.255226
narrow	3.4535737	3.8146741	4.338998
great	5.1583853	4.1464076	5.216696
tear	3.8267362	4.0369	4.435108
honorable	5.568924	4.2980824	5.8891315
previous	4.495472	3.964816	4.9813175
good	6.1063914	3.71692	6.1106434
domestic	5.0601983	3.7793798	4.93882
glory	6.8026743	4.498887	6.0788198
lay	4.846141	3.3662994	5.5939913
occasion	5.1380825	4.298368	5.010471
guard	4.9136443	3.9124796	5.2608547
whole	5.285699	4.078374	5.202482
mouth	5.022544	4.156363	5.4497232
receive	6.2328677	3.7713184	6.014342
take	5.364809	3.7577238	5.6898756
simple	6.1196027	3.7557065	5.9244695
error	3.4644828	4.3788633	4.2375646
wisdom	6.242788	4.1220484	6.07403
rock	5.5350485	4.289806	5.216448
decide	5.0185685	3.9890327	5.566782
exclaim	5.750104	4.6880608	5.686147
assure	6.8357754	3.9734972	6.5618544
sign	5.03962	3.448701	5.264928
preserve	5.875345	3.4614296	5.846527
commerce	5.5839186	4.304969	5.5761995
plant	4.8137655	3.8201535	5.20933
walk	5.6927075	3.7086124	5.846893
difference	5.093538	3.9830446	5.2183
hang	4.8471346	3.840924	5.124268
following	6.5359964	3.5402017	5.9873943
employ	4.889574	3.9635875	6.0341988
