deal	5.090887	4.3609934	5.1529627
study	6.2861543	4.0113316	6.581207
afford	6.1319227	3.9490082	5.6834993
service	5.4565163	3.9840443	5.891464
height	5.1239376	4.305239	5.1794343
prospect	6.735325	4.415073	6.0358562
pleasant	6.8382845	3.9716232	6.07527
shade	5.1216927	3.60875	5.267274
listen	5.210081	4.2239695	5.4743547
mighty	5.6727276	4.4957137	5.5078163
country	5.294653	3.6889677	5.481965
title	6.3611975	3.7703438	6.0812025
choose	5.3414345	3.573104	5.7599196
village	6.046842	3.9580545	5.514163
acquire	6.5116673	4.5362997	6.680067
rank	5.034797	4.0357447	5.137227
bow	5.819944	3.3864443	5.782594
doctor	4.9820523	3.962004	4.9378443
talent	6.8937807	4.585342	6.685577
source	6.071131	4.2354994	5.6525345
lead	4.8092194	4.023068	5.4510946
question	5.389749	3.9774256	5.676354
publish	5.350193	4.063889	5.7238994
interest	5.984978	4.058044	5.8170776
serve	5.022321	3.4351263	5.60905
divine	6.471475	3.970107	5.7132607
put	5.500916	3.9330242	5.6162615
shadow	4.874981	3.4421837	5.130598
practical	5.6490946	3.9421735	6.025353
surface	5.173602	3.1844337	4.9411125
account	5.6188574	3.994051	5.5801134
loss	4.5165477	4.4408746	4.6062098
indian	5.0763035	4.9898095	5.399819
vine	6.372354	3.654916	5.885706
certain	4.941294	4.4473176	5.389774
sin	3.5138543	4.346891	4.2693214
necessity	4.239828	4.314251	4.710325
lose	4.6336365	4.458794	5.0808787
private	4.381475	3.7293699	5.1997356
gentleman	5.6287594	3.50726	5.266452
daughter	5.5641274	4.240957	4.979032
drive	4.097325	4.6575685	4.6274114
strange	4.6432652	4.870767	4.575065
journey	6.14246	3.7323704	5.8519106
uncle	5.766914	3.868063	5.8933563
species	5.322757	4.4675326	5.1275277
think	5.406831	4.2185845	5.495119
bed	5.3992796	3.3571534	5.4037857
wind	5.0744767	4.0527306	4.89283
bless	7.273736	4.038213	6.341203
destroy	3.8850174	4.962734	4.7138233
author	5.6301384	4.1701593	5.2845483
sustain	5.1551733	4.003757	5.6506395
black	4.276016	4.39635	4.338841
event	5.833984	4.389641	5.008461
liberty	7.068313	4.9149837	6.2686396
negro	4.3511205	4.297444	4.50872
little	4.898065	4.08156	4.9721622
fortune	5.9681273	4.2779436	5.501498
touch	5.546015	3.718782	5.460724
kill	4.331041	5.075278	4.700954
feature	5.235837	3.850836	5.4193997
happiness	7.2783318	4.3467703	6.5817404
assume	4.0863557	3.719012	5.007833
notion	5.698765	3.9772034	5.571176
purchase	6.2956934	3.7843564	6.451301
faithful	6.287671	3.693438	6.0071726
soldier	4.484257	4.454419	4.948923
father	5.6701307	4.1228023	5.1419225
narrow	3.4390492	3.797318	4.336114
great	5.24152	4.0721936	5.2239213
tear	3.8819265	3.9740815	4.5012937
honorable	5.550436	4.2961426	5.913944
previous	4.5179486	3.9505606	5.0416746
good	6.260668	3.653819	6.1441545
domestic	5.0750737	3.7216833	4.962187
glory	6.7776294	4.5389485	6.0422325
lay	4.8169417	3.380353	5.5501223
occasion	5.07794	4.2217984	5.011806
guard	5.0392046	3.7736893	5.372421
whole	5.19829	4.0872355	5.2185225
mouth	5.0664926	4.1096573	5.422897
receive	6.321743	3.7217312	6.0699244
take	5.273303	3.7807088	5.6337767
simple	6.046125	3.7360666	5.844692
error	3.4194493	4.3821645	4.180481
wisdom	6.2762	4.0219946	6.091869
rock	5.4873466	4.3029027	5.186163
decide	5.0755334	4.0452824	5.589239
exclaim	5.8862877	4.811841	5.7061505
assure	6.7840824	3.967804	6.50568
sign	5.0637493	3.4841454	5.280969
preserve	5.8551445	3.4772425	5.82123
commerce	5.5644617	4.38369	5.5377755
plant	4.8222823	3.738907	5.181844
walk	5.7252955	3.7562473	5.8738136
difference	5.1242094	4.0193243	5.226802
hang	4.772341	3.8572574	5.120051
following	6.66588	3.5302382	6.0659256
employ	4.918482	3.9238427	6.0483904
