deal	5.023742	4.3297343	5.1942987
study	6.2156005	3.968659	6.4505563
afford	6.182358	3.966842	5.7084064
service	5.609743	4.01699	5.9342093
height	5.153651	4.3281946	5.1338916
prospect	6.823725	4.3430586	5.9502487
pleasant	6.83615	3.958108	6.0698066
shade	5.066354	3.6533098	5.2356234
listen	5.2093544	4.2183037	5.4789033
mighty	5.6368904	4.461756	5.5160413
country	5.454383	3.6844127	5.505462
title	6.2259793	3.8551693	6.0127673
choose	5.3984203	3.5856662	5.772902
village	6.059031	3.9500732	5.5795913
acquire	6.4884644	4.474765	6.703152
rank	5.053034	4.023652	5.08857
bow	5.8076544	3.34818	5.805209
doctor	4.9389825	3.9120405	4.94786
talent	6.874303	4.5979457	6.658999
source	5.9762707	4.2611027	5.6129746
lead	4.7803235	4.016318	5.485475
question	5.4522934	3.895637	5.5752964
publish	5.4936047	4.0622487	5.7840576
interest	5.936681	4.0264416	5.7851944
serve	5.0893235	3.4609513	5.66833
divine	6.4229755	3.9748707	5.657593
put	5.5990767	3.8695405	5.6068544
shadow	4.8505993	3.424014	5.056005
practical	5.6844554	3.9123993	6.005222
surface	5.139697	3.233446	4.9541187
account	5.6100235	4.0146704	5.554511
loss	4.4699035	4.4030247	4.595922
indian	5.0222645	5.0033646	5.403571
vine	6.1914306	3.6889005	5.7218275
certain	4.923935	4.4609027	5.4445534
sin	3.501645	4.2949657	4.2858315
necessity	4.255233	4.2547774	4.7045336
lose	4.6802716	4.557568	5.0960164
private	4.3964734	3.7429454	5.2975254
gentleman	5.5779343	3.5718584	5.316762
daughter	5.368961	4.2410073	4.9702654
drive	4.0310555	4.6342115	4.612126
strange	4.6747956	4.8797708	4.6374955
journey	6.110223	3.755641	5.863896
uncle	5.7734785	4.0210533	5.9198723
species	5.403851	4.4746842	5.1293073
think	5.511905	4.2014675	5.521888
bed	5.3892717	3.2907672	5.3692937
wind	5.12979	4.0711994	4.9390583
bless	7.306598	4.0683193	6.304891
destroy	3.918468	4.98849	4.80463
author	5.6358223	4.159493	5.264418
sustain	5.248582	3.9379017	5.7001014
black	4.5514426	4.512258	4.482324
event	5.880023	4.452339	5.0936785
liberty	6.9996657	4.9099126	6.2297487
negro	4.4507756	4.326291	4.5442147
little	5.023512	4.0606585	5.0250416
fortune	5.8274717	4.251509	5.486593
touch	5.6415687	3.6921163	5.5396423
kill	4.4228625	5.1285205	4.838301
feature	5.3188586	3.897057	5.4646206
happiness	7.111846	4.3868465	6.501635
assume	4.1580377	3.7347872	5.0201025
notion	5.6999207	3.9550152	5.454532
purchase	6.1939287	3.810168	6.4384494
faithful	6.2904577	3.6445625	6.0295877
soldier	4.455645	4.446187	4.9426622
father	5.616522	4.028272	5.2613087
narrow	3.4694014	3.7545161	4.3588986
great	5.1861978	4.075992	5.242061
tear	3.8820472	3.9681778	4.438654
honorable	5.574096	4.2894754	5.879014
previous	4.4950805	3.9453154	5.0202484
good	6.1036873	3.6430511	6.111438
domestic	5.118975	3.727605	5.016783
glory	6.7209964	4.5497694	5.979664
lay	4.8880587	3.3302557	5.5461965
occasion	5.0662193	4.208166	5.0353007
guard	4.9236307	3.7500672	5.306968
whole	5.2785015	4.015175	5.273938
mouth	5.1519003	4.144743	5.4282365
receive	6.3540616	3.7835765	6.097541
take	5.296766	3.7436974	5.6623583
simple	5.994674	3.6897705	5.841566
error	3.3602753	4.374736	4.1424794
wisdom	6.317827	4.059494	6.1453323
rock	5.5668144	4.2682223	5.2163525
decide	5.1220617	4.0476484	5.666343
exclaim	5.7649117	4.775255	5.6247067
assure	6.8368335	4.052755	6.5192833
sign	5.1018248	3.487835	5.3057966
preserve	5.911132	3.533544	5.892832
commerce	5.5697255	4.36818	5.555833
plant	4.8287177	3.7490761	5.2138605
walk	5.6700783	3.7128258	5.8462067
difference	5.1010556	4.080916	5.2173095
hang	4.7119484	3.79781	5.08923
following	6.606204	3.5318832	5.9926944
employ	4.995371	4.0319476	6.124158
