deal	4.998742	4.2729297	5.1487727
study	6.1909127	3.9104626	6.4547844
afford	6.1397104	4.016968	5.6990843
service	5.5610867	3.8909554	5.9676447
height	5.109327	4.263791	5.0708227
prospect	6.7368526	4.335031	5.969966
pleasant	6.828131	3.9354296	6.047688
shade	5.0937433	3.5946872	5.2677917
listen	5.265794	4.216192	5.5510755
mighty	5.7196383	4.5073233	5.6022453
country	5.4053464	3.6911294	5.4934974
title	6.312132	3.8570442	6.0235586
choose	5.314242	3.6465902	5.809485
village	6.0948443	3.95435	5.510924
acquire	6.5551424	4.4902015	6.7285767
rank	5.1418843	4.0637145	5.200808
bow	5.8678107	3.430138	5.822192
doctor	4.959958	3.869433	4.9495215
talent	6.906414	4.5568986	6.721288
source	6.0362587	4.2498116	5.6308374
lead	4.8052583	4.0125027	5.439889
question	5.385144	3.8764737	5.6009655
publish	5.4312615	4.1306343	5.728252
interest	6.0387926	4.0040174	5.80741
serve	5.0463977	3.4255662	5.6801653
divine	6.402729	3.9646864	5.670105
put	5.539239	3.7584474	5.6837463
shadow	4.8430157	3.4044628	5.113471
practical	5.612565	3.885013	5.9938927
surface	5.1947947	3.236181	4.968229
account	5.6599135	3.9236982	5.5688787
loss	4.512268	4.4280176	4.5967464
indian	5.10405	4.946481	5.417033
vine	6.3736963	3.6946783	5.792569
certain	4.9425554	4.449866	5.378923
sin	3.5266135	4.3520517	4.3108916
necessity	4.1883497	4.2589135	4.7041116
lose	4.7417536	4.5193734	5.1490493
private	4.382531	3.6888974	5.253374
gentleman	5.498061	3.5922835	5.307808
daughter	5.54624	4.257586	4.986135
drive	4.087473	4.6968822	4.670603
strange	4.6695995	4.8418345	4.62489
journey	6.0968375	3.7253952	5.806746
uncle	5.8477364	3.8549125	5.9495835
species	5.3567166	4.5229344	5.1052265
think	5.538115	4.2750816	5.567761
bed	5.283954	3.4009368	5.4243293
wind	5.1018453	4.06265	4.9307127
bless	7.2386627	4.1008325	6.3097754
destroy	3.8773003	5.000601	4.745338
author	5.64717	4.1919146	5.266535
sustain	5.230665	3.9148889	5.694211
black	4.5146465	4.4869757	4.5813804
event	5.9619637	4.450992	5.1114697
liberty	6.949785	4.890759	6.138754
negro	4.2831893	4.3962517	4.434407
little	4.9578724	4.099448	5.069444
fortune	5.9185505	4.24562	5.512304
touch	5.6165667	3.7222514	5.4800653
kill	4.4640117	5.1277604	4.8212337
feature	5.2401943	3.8529184	5.4488034
happiness	7.166426	4.320125	6.5274577
assume	4.1430774	3.6948788	5.0671053
notion	5.7403135	4.0321636	5.4875073
purchase	6.206176	3.7450385	6.349943
faithful	6.220675	3.6341643	6.0072002
soldier	4.418506	4.4489913	4.8781347
father	5.6390247	4.071614	5.1571655
narrow	3.5340834	3.8219643	4.360372
great	5.214107	4.042995	5.2162633
tear	3.918109	4.013451	4.517757
honorable	5.632593	4.294197	5.970501
previous	4.4741187	3.9554105	4.9802914
good	6.128429	3.6503773	6.072118
domestic	5.0572567	3.7615113	4.944118
glory	6.7571907	4.500059	6.126878
lay	4.780954	3.339164	5.522167
occasion	5.196502	4.2044897	5.0608764
guard	4.9149404	3.8976145	5.242937
whole	5.25183	4.0136924	5.224747
mouth	5.075544	4.100807	5.4354224
receive	6.325505	3.717288	6.0191336
take	5.2343335	3.6944773	5.7037125
simple	6.042141	3.7260678	5.8796406
error	3.478063	4.380366	4.234344
wisdom	6.2562513	4.084165	6.1708355
rock	5.5266047	4.234676	5.22147
decide	5.12484	3.9646697	5.6169996
exclaim	5.730005	4.8031383	5.6396
assure	6.843145	4.064806	6.559727
sign	5.1115994	3.467771	5.320031
preserve	5.935548	3.4672327	5.8884697
commerce	5.6215878	4.3611064	5.5850945
plant	4.966489	3.7716162	5.261138
walk	5.679661	3.7718353	5.8641334
difference	5.1055503	3.9992247	5.2703266
hang	4.781751	3.7942128	5.1043396
following	6.5917535	3.4998827	6.038427
employ	4.978178	3.9715428	6.082347
