deal	5.0307207	4.264314	5.1053433
study	6.1794853	3.9870868	6.4815664
afford	6.1669717	3.9678426	5.6751423
service	5.5521946	3.9744694	5.9224405
height	5.1530704	4.2459817	5.0889263
prospect	6.808581	4.3442087	6.055733
pleasant	6.7760277	3.9335635	6.02997
shade	5.088024	3.6470857	5.2581453
listen	5.206053	4.2261214	5.4972425
mighty	5.733292	4.4489346	5.629734
country	5.430798	3.6409345	5.5727377
title	6.385412	3.8082368	6.1299973
choose	5.3263745	3.6505904	5.773909
village	5.985112	3.9951975	5.485577
acquire	6.4968038	4.511982	6.704788
rank	5.0530643	4.008942	5.0973473
bow	5.7665854	3.3777618	5.7933664
doctor	4.9166837	3.906528	4.901155
talent	6.906201	4.5775003	6.6935697
source	5.984948	4.21478	5.555492
lead	4.9304657	3.9603658	5.4629536
question	5.3124504	3.8824842	5.530143
publish	5.462919	4.0560813	5.803579
interest	5.9241486	3.9747229	5.7703753
serve	5.090855	3.4561784	5.6033006
divine	6.444627	4.0009856	5.677975
put	5.5276194	3.8262148	5.6769257
shadow	4.981715	3.4522693	5.1785617
practical	5.6561055	3.8872132	5.980753
surface	5.1826186	3.2092013	4.981178
account	5.6948347	3.9579265	5.5827627
loss	4.429698	4.360666	4.4708586
indian	5.075063	4.998938	5.3288274
vine	6.3577547	3.685174	5.7863154
certain	4.954094	4.501434	5.4123363
sin	3.5962305	4.3901186	4.309791
necessity	4.2369304	4.256713	4.703767
lose	4.761905	4.5342126	5.1545453
private	4.3982425	3.7099593	5.2186055
gentleman	5.6607437	3.4932477	5.4309
daughter	5.50555	4.2284446	4.9777517
drive	4.0375547	4.5992565	4.6425266
strange	4.610028	4.832801	4.594688
journey	6.0341396	3.7067626	5.813293
uncle	5.7972817	3.7736907	5.8360558
species	5.3652625	4.5330296	5.1293364
think	5.478817	4.2528234	5.4699955
bed	5.402892	3.3732958	5.3909225
wind	5.0923634	4.0722656	4.8994656
bless	7.305232	4.0515966	6.3722525
destroy	3.9052649	4.9954524	4.7353544
author	5.6336274	4.251576	5.301152
sustain	5.2161455	3.8936343	5.6988883
black	4.436015	4.483878	4.563117
event	5.9557676	4.3690925	5.1305823
liberty	6.923768	4.7963495	6.1784697
negro	4.363061	4.362922	4.4795604
little	4.925679	4.0444984	4.9500647
fortune	5.9715447	4.201086	5.5264993
touch	5.538172	3.7480993	5.5026765
kill	4.4090147	5.1921115	4.824996
feature	5.324869	3.8522909	5.501621
happiness	7.333099	4.3136134	6.6344047
assume	4.213652	3.7585835	5.100374
notion	5.7656903	4.020891	5.500466
purchase	6.1889434	3.8091269	6.4417963
faithful	6.2996464	3.6838367	6.04307
soldier	4.4675736	4.4105844	4.9222565
father	5.573734	4.0759187	5.171375
narrow	3.5640814	3.7906888	4.4032307
great	5.198192	4.184591	5.1690273
tear	3.832449	3.9175217	4.416778
honorable	5.5774646	4.289366	5.931186
previous	4.4374685	4.010468	4.9505935
good	6.141901	3.6262958	6.081644
domestic	5.104219	3.7587085	4.975177
glory	6.8035026	4.4967394	6.102982
lay	4.854186	3.342524	5.5436487
occasion	5.2049766	4.284336	5.0789437
guard	4.9593987	3.8906183	5.2629476
whole	5.267502	4.035193	5.2544966
mouth	5.105538	4.0450993	5.494872
receive	6.152161	3.745918	5.996776
take	5.1381607	3.7564929	5.6527314
simple	6.041445	3.6825194	5.898746
error	3.4840574	4.4569983	4.1317296
wisdom	6.27315	4.060141	6.140918
rock	5.5122952	4.255543	5.202679
decide	5.0149527	3.98975	5.5796404
exclaim	5.666648	4.7897253	5.6496754
assure	6.875019	3.990701	6.57294
sign	5.0871334	3.4041553	5.331655
preserve	5.8898783	3.5239024	5.9311767
commerce	5.656854	4.33147	5.6466694
plant	4.8861485	3.791057	5.224634
walk	5.6748323	3.711414	5.817733
difference	5.207016	3.9295483	5.278406
hang	4.745057	3.8600216	5.090579
following	6.603172	3.52732	6.0220013
employ	4.909003	4.026059	6.0063667
