deal	4.9674454	4.3205376	5.1309843
study	6.2069507	3.9918203	6.463664
afford	6.0893435	4.0462527	5.62693
service	5.528911	3.9336534	5.920646
height	5.1954923	4.312331	5.1564846
prospect	6.727096	4.339992	5.9761267
pleasant	6.877241	3.9791987	6.081633
shade	5.0456123	3.6115599	5.232639
listen	5.150751	4.2468524	5.4576716
mighty	5.729142	4.454686	5.5504494
country	5.4306393	3.5973601	5.526787
title	6.3978357	3.7609916	6.13565
choose	5.362663	3.5306082	5.8051934
village	6.06229	3.907548	5.5488567
acquire	6.544886	4.5806518	6.748975
rank	5.1423903	4.0558476	5.1741476
bow	5.891902	3.3802118	5.8249063
doctor	5.020522	3.9535894	4.9618077
talent	7.0194716	4.6263704	6.7432156
source	6.0523677	4.2268343	5.6470747
lead	4.7959557	4.0622416	5.4311595
question	5.240455	3.8122175	5.520812
publish	5.419708	4.069227	5.7823005
interest	5.8745117	3.888574	5.691067
serve	5.040181	3.399937	5.5300665
divine	6.441079	3.9898312	5.6463504
put	5.5310364	3.8491566	5.6853237
shadow	4.8376446	3.3828106	5.0854354
practical	5.5716786	3.905997	5.9604387
surface	5.138053	3.1814356	4.9763184
account	5.609708	3.9409153	5.542784
loss	4.4222374	4.407623	4.5530686
indian	4.9701405	4.848067	5.382894
vine	6.1775584	3.721943	5.772678
certain	4.9668317	4.493237	5.422026
sin	3.5278902	4.255832	4.270765
necessity	4.26521	4.2485557	4.748969
lose	4.7858043	4.6283283	5.2007008
private	4.3983607	3.751259	5.2359653
gentleman	5.652068	3.561945	5.3809123
daughter	5.555541	4.235717	5.035651
drive	4.0850925	4.72311	4.6622663
strange	4.710075	4.858859	4.6125126
journey	6.104265	3.7336907	5.7995434
uncle	5.762436	3.9587905	5.9187894
species	5.4030147	4.5168247	5.1312604
think	5.4658346	4.264669	5.520251
bed	5.4467363	3.3897657	5.424501
wind	5.1889606	4.0912833	4.938802
bless	7.239353	4.034479	6.288553
destroy	3.8367085	5.016833	4.7279577
author	5.6271315	4.20048	5.294468
sustain	5.1589084	3.9209998	5.694687
black	4.4215617	4.532573	4.629241
event	5.8571024	4.393533	4.985941
liberty	7.0280423	4.783388	6.2327166
negro	4.332307	4.307077	4.485446
little	4.976327	3.9702723	5.009979
fortune	5.951744	4.2184024	5.489073
touch	5.6208835	3.6998444	5.520627
kill	4.394478	5.0927634	4.77013
feature	5.307052	3.8174224	5.460965
happiness	7.279655	4.285719	6.511358
assume	4.1046643	3.7354584	5.036664
notion	5.815566	3.9616714	5.514712
purchase	6.166086	3.746119	6.3711996
faithful	6.2030344	3.6687188	5.9869576
soldier	4.3694816	4.4506454	4.8841
father	5.60827	4.0067587	5.1417704
narrow	3.5729969	3.8157892	4.439152
great	5.0870104	4.0950356	5.1527586
tear	3.8397431	4.051278	4.4611807
honorable	5.6080685	4.332408	5.9416537
previous	4.5202193	3.9272823	5.0195317
good	6.1151743	3.660208	6.1385684
domestic	5.0500636	3.7190354	4.917944
glory	6.7812104	4.5026555	6.0826035
lay	4.8673553	3.3217146	5.549486
occasion	5.0888724	4.2453055	5.0526466
guard	4.8531494	3.854184	5.2104125
whole	5.2220826	4.059538	5.2609277
mouth	5.047882	4.1045914	5.4526997
receive	6.3662148	3.7561283	6.0799274
take	5.1951404	3.7605143	5.6341906
simple	6.0507708	3.6963263	5.8723803
error	3.3814917	4.3415356	4.146901
wisdom	6.2867403	4.0717907	6.1138105
rock	5.5490255	4.289559	5.241676
decide	5.053706	3.9896374	5.621298
exclaim	5.7716036	4.774941	5.6130214
assure	6.849101	4.027166	6.526788
sign	5.1595697	3.4748373	5.343251
preserve	5.9028606	3.5288622	5.876009
commerce	5.561041	4.3309574	5.5651455
plant	4.789362	3.8299959	5.133253
walk	5.685995	3.7980103	5.842525
difference	5.124569	4.085458	5.2656956
hang	4.812624	3.9019759	5.081531
following	6.53614	3.5455086	6.031643
employ	4.8997993	3.9499807	6.069985
