deal	4.959993	4.249165	5.1128197
study	6.1978655	4.001372	6.5055437
afford	6.1110263	3.9944751	5.6664653
service	5.555087	3.9819174	5.922487
height	5.1558576	4.3290772	5.1358976
prospect	6.7615633	4.402721	6.0142856
pleasant	6.9199896	3.9114938	6.15721
shade	5.181987	3.6031735	5.321392
listen	5.2275405	4.2466235	5.539356
mighty	5.714649	4.442457	5.5485196
country	5.503846	3.6433103	5.60771
title	6.250967	3.8019876	5.861043
choose	5.3653026	3.5289333	5.8204403
village	6.050679	3.9051156	5.4754
acquire	6.4929595	4.53524	6.744993
rank	5.090527	4.0084915	5.1050096
bow	5.7779675	3.4461362	5.807034
doctor	4.9264812	3.9478369	4.944677
talent	6.9782925	4.609209	6.725992
source	6.0570583	4.1395473	5.643558
lead	4.876	4.023772	5.4509
question	5.3471675	3.8756242	5.5976343
publish	5.433793	4.1155357	5.72611
interest	5.9279647	3.9983275	5.7579317
serve	5.0825233	3.3729072	5.6112776
divine	6.342575	3.994199	5.628541
put	5.5959544	3.8386803	5.723616
shadow	4.8573008	3.4149127	5.100076
practical	5.6275826	3.9434888	5.965276
surface	5.1802716	3.1626658	4.919718
account	5.636726	4.07729	5.5377636
loss	4.366909	4.407417	4.5265255
indian	4.989294	5.0548763	5.3476243
vine	6.280853	3.725162	5.7553086
certain	4.914495	4.4976764	5.3348823
sin	3.5069737	4.330985	4.224008
necessity	4.187544	4.3136415	4.6845837
lose	4.786834	4.6084476	5.2740183
private	4.42646	3.7525897	5.3212695
gentleman	5.5531464	3.4908948	5.2957554
daughter	5.528576	4.1928086	4.994549
drive	4.073988	4.6935515	4.637817
strange	4.6547985	4.915774	4.6035557
journey	6.142686	3.701535	5.84547
uncle	5.790548	3.999518	5.9603987
species	5.4290934	4.472053	5.199057
think	5.461859	4.20819	5.486467
bed	5.429364	3.3521323	5.391199
wind	5.1688595	4.103038	4.9778547
bless	7.233819	4.0966315	6.3155303
destroy	3.8778617	4.9386454	4.71976
author	5.616556	4.1848454	5.2955365
sustain	5.2035017	3.9708629	5.707489
black	4.350669	4.5061245	4.3825645
event	5.839687	4.366482	5.052265
liberty	6.9295893	4.8460145	6.217762
negro	4.2645655	4.415257	4.4460998
little	4.952613	4.1654263	4.9528213
fortune	5.8852696	4.186926	5.449231
touch	5.5646753	3.7223625	5.4620256
kill	4.3926554	5.067308	4.7446175
feature	5.3531694	3.931877	5.4866138
happiness	7.2931848	4.319348	6.605049
assume	4.179993	3.7137005	5.002363
notion	5.6903596	3.9801822	5.4444103
purchase	6.2111025	3.7677555	6.4425235
faithful	6.2702427	3.60231	6.0017905
soldier	4.4127226	4.344244	4.9104986
father	5.6542406	4.001483	5.160738
narrow	3.5351746	3.8640335	4.4163485
great	5.1801357	4.1942167	5.1606445
tear	3.9026728	3.994137	4.4416614
honorable	5.5786595	4.348499	5.9212017
previous	4.511111	4.0009274	5.0114727
good	6.098748	3.6337593	6.098527
domestic	5.090603	3.7099721	5.0057216
glory	6.776854	4.4795065	6.0867863
lay	4.889465	3.3650696	5.5439777
occasion	5.165417	4.2325025	5.037567
guard	4.940252	3.7935758	5.264807
whole	5.1921153	4.0922203	5.1902537
mouth	5.159958	4.1675286	5.490526
receive	6.314699	3.6424785	6.029225
take	5.2484474	3.7707896	5.655528
simple	6.031802	3.665524	5.9039593
error	3.4698865	4.460809	4.1662803
wisdom	6.223709	4.007906	6.0520525
rock	5.5246887	4.2580857	5.1784697
decide	5.0478477	3.999731	5.610662
exclaim	5.7093463	4.7547407	5.5653276
assure	6.8184156	4.0562983	6.505097
sign	5.084246	3.482318	5.238091
preserve	5.7882357	3.5315952	5.875662
commerce	5.62838	4.4063535	5.6851416
plant	4.9300365	3.812907	5.114452
walk	5.7356534	3.6791182	5.8930635
difference	5.134555	4.1153283	5.129235
hang	4.7670484	3.7993002	5.048876
following	6.5446615	3.5475717	6.034835
employ	4.965388	3.983302	6.0938506
