deal	5.1366634	4.294421	5.105847
study	6.151835	3.9841008	6.4304023
afford	6.105339	3.9650037	5.6453004
service	5.5136313	3.9853935	5.924683
height	5.147881	4.260461	5.1263313
prospect	6.745079	4.324089	5.967937
pleasant	6.7830086	3.9864624	6.032842
shade	5.083352	3.5954309	5.2470064
listen	5.227223	4.2459507	5.4759455
mighty	5.704199	4.5229144	5.5000815
country	5.4144316	3.612693	5.5223694
title	6.3097053	3.8069472	6.0593925
choose	5.284867	3.568351	5.7961493
village	6.0356607	3.9811127	5.5054083
acquire	6.524804	4.53099	6.6783004
rank	5.0631766	3.9959133	5.181768
bow	5.7504153	3.448975	5.7585526
doctor	4.9103775	3.9095674	4.942515
talent	6.902903	4.6087284	6.6480637
source	5.9776626	4.2310047	5.6468506
lead	4.801097	3.9723165	5.4215093
question	5.324517	3.8449311	5.6527777
publish	5.443754	4.0623736	5.752707
interest	6.1133204	3.9917994	5.764822
serve	5.0594554	3.3958554	5.5900946
divine	6.4818892	4.0132103	5.712701
put	5.57663	3.8896124	5.744406
shadow	4.85293	3.4180112	5.14044
practical	5.669057	3.8564966	5.9559426
surface	5.156104	3.21492	4.9428415
account	5.70613	3.9177024	5.5913835
loss	4.438741	4.424061	4.5780725
indian	5.1259766	4.9379168	5.4069304
vine	6.3767815	3.6581004	5.810991
certain	4.983127	4.4916353	5.4110146
sin	3.6198277	4.3567767	4.275542
necessity	4.256925	4.3001113	4.726609
lose	4.6327634	4.561069	5.118523
private	4.456907	3.6766353	5.191893
gentleman	5.5318317	3.6991727	5.2639766
daughter	5.571659	4.2688756	5.002878
drive	4.0918922	4.600018	4.645224
strange	4.635964	4.857554	4.6145225
journey	6.0277987	3.7331238	5.7760878
uncle	5.8149724	3.9353592	5.795773
species	5.434173	4.5086565	5.192995
think	5.413502	4.2195497	5.4821258
bed	5.3163695	3.3467312	5.398446
wind	5.096494	4.0254765	4.888193
bless	7.280299	4.0548506	6.2920055
destroy	3.8953571	4.933345	4.7287273
author	5.6845846	4.21996	5.289542
sustain	5.160067	3.9180927	5.697408
black	4.4130383	4.586369	4.4942727
event	5.951269	4.4067025	5.052777
liberty	6.9176736	4.9303865	6.1825323
negro	4.3447123	4.3576126	4.4876356
little	4.9786024	4.057774	4.9894137
fortune	5.988955	4.279347	5.4688854
touch	5.60394	3.6882424	5.478078
kill	4.4311757	5.0244203	4.76828
feature	5.3579326	3.881321	5.5167522
happiness	7.256733	4.339882	6.506681
assume	4.0968614	3.762556	5.056482
notion	5.685865	4.0153947	5.4826636
purchase	6.1968055	3.794753	6.3631344
faithful	6.2907434	3.6225007	6.07903
soldier	4.501805	4.452492	4.963833
father	5.676586	4.0794587	5.1819034
narrow	3.4652267	3.800242	4.3221083
great	5.2265134	4.091685	5.190941
tear	3.9866822	3.9818153	4.4340177
honorable	5.5557876	4.269543	5.8829966
previous	4.42371	3.9506178	4.9976015
good	6.1467223	3.6259956	6.079067
domestic	4.998582	3.7174933	4.93435
glory	6.7526636	4.4520693	6.012863
lay	4.802795	3.3988006	5.547139
occasion	5.1281943	4.230486	4.983292
guard	4.917762	3.799798	5.2477956
whole	5.281529	4.03281	5.2295456
mouth	4.977852	4.1842184	5.427275
receive	6.2949862	3.7624102	6.109467
take	5.235042	3.6182175	5.7292824
simple	6.0618567	3.7144246	5.9505825
error	3.5069065	4.375058	4.2074323
wisdom	6.272604	4.1462135	6.0872846
rock	5.481035	4.298435	5.200062
decide	4.9797697	4.010182	5.5571494
exclaim	5.783957	4.8072777	5.6865335
assure	6.810047	4.0550876	6.476019
sign	5.0523376	3.4537513	5.295479
preserve	5.9138136	3.5293655	5.8836317
commerce	5.6816115	4.344141	5.579954
plant	4.867967	3.7846985	5.154626
walk	5.6605816	3.7273374	5.88889
difference	5.172478	4.0673785	5.3123326
hang	4.727537	3.8248851	5.084882
following	6.6420856	3.5366101	6.087359
employ	4.97335	3.957261	6.0788817
