deal	4.9911313	4.279434	5.1122155
study	6.137843	3.907312	6.419344
afford	6.138387	3.9683576	5.653102
service	5.5475807	4.01605	5.931792
height	5.15849	4.228115	5.1720357
prospect	6.806389	4.3376355	5.995147
pleasant	6.8524313	3.9724493	6.075223
shade	5.1762085	3.6112614	5.296375
listen	5.2996945	4.140097	5.5151205
mighty	5.705329	4.4560194	5.579031
country	5.3651104	3.6244397	5.53616
title	6.3978853	3.6782322	6.043093
choose	5.327937	3.6275976	5.752266
village	5.985818	3.9864674	5.5046253
acquire	6.5569997	4.5112367	6.6979194
rank	5.129381	3.9932566	5.16658
bow	5.8296733	3.469949	5.793214
doctor	4.9241557	3.8835368	4.895842
talent	6.9166284	4.58028	6.691599
source	5.9662266	4.226143	5.5677032
lead	4.823521	4.042307	5.495979
question	5.2989464	3.831954	5.4988427
publish	5.4895525	4.0048623	5.784406
interest	5.9425516	3.9906566	5.761511
serve	4.9893303	3.4719632	5.6577353
divine	6.402014	4.0236416	5.658724
put	5.5801353	3.8889303	5.6479626
shadow	4.953131	3.4311662	5.1065664
practical	5.557079	3.8597617	5.9334884
surface	5.192793	3.1790795	4.9303703
account	5.659575	4.0247583	5.585573
loss	4.434097	4.3910503	4.5137863
indian	5.104465	5.00389	5.371747
vine	6.2846537	3.585476	5.7678986
certain	4.870579	4.477743	5.3861685
sin	3.4451697	4.407876	4.2948384
necessity	4.286657	4.25124	4.7313843
lose	4.7527995	4.634332	5.11977
private	4.445701	3.6867442	5.253777
gentleman	5.6244392	3.4687397	5.3550243
daughter	5.4506464	4.21417	4.9736733
drive	4.087476	4.661304	4.662026
strange	4.631147	4.86851	4.5906057
journey	6.024204	3.7280197	5.776698
uncle	5.690002	3.8494954	5.8468256
species	5.413021	4.495155	5.1806173
think	5.4509563	4.2237453	5.5266523
bed	5.487394	3.3738928	5.4593687
wind	5.039091	4.0242033	4.865512
bless	7.221098	4.084842	6.291484
destroy	3.9562728	5.008254	4.764351
author	5.6270056	4.2365274	5.2427497
sustain	5.159699	3.9010763	5.652922
black	4.629877	4.5294003	4.6264515
event	5.9228735	4.431586	5.0838223
liberty	7.134741	4.92926	6.231559
negro	4.6058025	4.362406	4.729537
little	4.9749026	4.072451	5.0004997
fortune	5.8930216	4.261253	5.486846
touch	5.5737114	3.7052886	5.504642
kill	4.3942857	5.072611	4.8091326
feature	5.3029075	3.8941717	5.484773
happiness	7.2880254	4.280307	6.512167
assume	4.201781	3.7640252	5.0729685
notion	5.742004	4.0950675	5.4719524
purchase	6.2280517	3.8346696	6.4207006
faithful	6.311843	3.6397424	6.0823984
soldier	4.4593983	4.400133	4.915445
father	5.5948005	3.9361427	5.187538
narrow	3.5254912	3.8960752	4.425284
great	5.0389543	4.2177715	5.1495724
tear	3.8712125	4.0504136	4.4530525
honorable	5.6304245	4.3468337	5.870477
previous	4.4333873	3.9506178	4.9886217
good	6.09411	3.66853	6.0976973
domestic	5.103506	3.7937856	4.994646
glory	6.794213	4.526114	6.085993
lay	4.9214187	3.4038026	5.603093
occasion	5.047694	4.2674384	5.0013075
guard	4.9268017	3.829559	5.3283424
whole	5.2441096	4.039018	5.268745
mouth	5.153009	4.167461	5.476202
receive	6.30951	3.713095	6.0162888
take	5.2264843	3.789555	5.6082206
simple	6.0179796	3.7248378	5.815846
error	3.3979049	4.3985023	4.217536
wisdom	6.1709375	3.9937444	6.083905
rock	5.5450354	4.2922626	5.2196918
decide	5.015446	3.9985266	5.5005546
exclaim	5.727764	4.760467	5.6315103
assure	6.8255706	4.0524106	6.518552
sign	4.9803696	3.5479774	5.2255855
preserve	5.9421535	3.5397205	5.8705535
commerce	5.532911	4.3959193	5.591545
plant	4.833972	3.7070389	5.157513
walk	5.711993	3.7930026	5.822103
difference	5.0708447	3.9420624	5.2074533
hang	4.727442	3.7683957	5.0655766
following	6.6004796	3.5052004	6.019383
employ	4.8222356	4.025046	6.0614433
