deal	4.971098	4.298226	5.0482764
study	6.2161956	3.9418812	6.5131216
afford	6.222968	3.9288335	5.797226
service	5.6017456	3.9687526	5.9226756
height	5.138621	4.3406687	5.112698
prospect	6.737961	4.407585	5.954015
pleasant	6.871709	3.922418	6.1002955
shade	5.1117144	3.598959	5.2694297
listen	5.220264	4.232551	5.5016055
mighty	5.7067337	4.4213653	5.549408
country	5.478386	3.6853166	5.5453467
title	6.3513813	3.830574	6.0328507
choose	5.344319	3.5597658	5.822565
village	6.011199	3.9158723	5.530115
acquire	6.5359797	4.477126	6.745816
rank	5.060634	4.0964217	5.1377387
bow	5.824603	3.4639444	5.7932687
doctor	4.9747343	3.8885438	4.9422083
talent	7.003251	4.6178155	6.716859
source	6.1065016	4.1222486	5.71589
lead	4.825914	3.9463959	5.4732623
question	5.306431	3.825527	5.5375185
publish	5.5077515	4.1813984	5.750407
interest	5.9560156	4.0476418	5.7590857
serve	5.1076484	3.4553442	5.6967854
divine	6.3981957	3.9515848	5.6811886
put	5.620123	3.8781068	5.6835556
shadow	4.8724165	3.4039483	5.120718
practical	5.5913763	3.942466	5.932451
surface	5.216443	3.2311516	4.945059
account	5.6864057	3.9121768	5.573011
loss	4.4967227	4.358901	4.5870514
indian	4.9236054	5.0359364	5.2939224
vine	6.2756114	3.680417	5.739322
certain	4.9044423	4.4074845	5.356244
sin	3.5180614	4.3151813	4.2670655
necessity	4.24331	4.293275	4.696858
lose	4.709026	4.474736	5.106126
private	4.4383144	3.7126236	5.2086697
gentleman	5.611437	3.572976	5.3800898
daughter	5.5904956	4.286648	5.048515
drive	4.158416	4.6186776	4.6953454
strange	4.660218	4.813136	4.5874767
journey	6.0895147	3.774846	5.7807474
uncle	5.711209	3.8904428	5.9110727
species	5.4598837	4.4814124	5.1457233
think	5.5032845	4.2283297	5.519523
bed	5.417538	3.4263327	5.331159
wind	5.13154	4.0289907	4.894378
bless	7.2936416	4.051001	6.3607683
destroy	3.9108467	4.8949885	4.801679
author	5.5492454	4.2700453	5.2146025
sustain	5.192582	3.9373078	5.6848607
black	4.4333506	4.5341954	4.61531
event	5.9268036	4.325265	5.057663
liberty	7.0510015	4.8918076	6.254633
negro	4.3049703	4.3087506	4.4681726
little	4.937905	4.1250105	4.9382324
fortune	5.964567	4.2236085	5.5426893
touch	5.5524774	3.712503	5.453124
kill	4.455045	5.094079	4.811108
feature	5.3435254	3.8397353	5.5085692
happiness	7.2015657	4.2913327	6.493195
assume	4.131766	3.7160258	5.0491185
notion	5.7088118	3.992374	5.4907994
purchase	6.1501946	3.715759	6.3714952
faithful	6.272453	3.6593363	5.990367
soldier	4.398905	4.420591	4.877527
father	5.649846	4.1200023	5.2090464
narrow	3.562714	3.8608522	4.351928
great	5.096423	4.174679	5.077445
tear	3.845448	4.029243	4.4517097
honorable	5.550399	4.331132	5.9102845
previous	4.4295444	3.9538305	4.9664497
good	6.2754726	3.586324	6.2004523
domestic	5.15128	3.744647	4.9918838
glory	6.766675	4.4889226	6.068392
lay	4.8315015	3.3901954	5.543082
occasion	5.119074	4.2558813	5.023336
guard	4.943751	3.7823796	5.3258476
whole	5.150186	4.075005	5.1450143
mouth	5.115073	4.159554	5.470142
receive	6.2571793	3.7209923	5.9972067
take	5.26225	3.7120376	5.634511
simple	5.977709	3.6911483	5.8610005
error	3.3983283	4.41362	4.2098074
wisdom	6.190297	4.0426416	6.066505
rock	5.56342	4.2905536	5.208354
decide	4.9506383	3.9858277	5.5581827
exclaim	5.803482	4.7766433	5.749361
assure	6.859113	3.967898	6.572387
sign	5.0971785	3.4312139	5.2585306
preserve	5.900295	3.4590547	5.9199605
commerce	5.5612173	4.373862	5.561491
plant	4.8045397	3.7893374	5.104878
walk	5.6908245	3.6977832	5.86985
difference	5.071065	3.9994562	5.1651726
hang	4.8560915	3.7993202	5.154802
following	6.550573	3.6216354	5.970934
employ	4.957609	3.8599486	6.1142173
