deal	4.9356785	4.311801	5.183346
study	6.135297	3.9551075	6.4936657
afford	6.0986695	3.929582	5.677558
service	5.496354	3.9773386	5.9038754
height	5.204266	4.3016872	5.1227493
prospect	6.773019	4.322667	5.9693007
pleasant	6.8323793	3.9780822	6.029093
shade	5.058526	3.647934	5.2917786
listen	5.2394066	4.2128034	5.513572
mighty	5.735529	4.462231	5.521698
country	5.5025387	3.650115	5.4704013
title	6.337427	3.7906437	6.0922585
choose	5.36601	3.5607934	5.845937
village	6.003878	4.0124393	5.4939375
acquire	6.5169373	4.503289	6.7519984
rank	5.064137	4.0339985	5.143274
bow	5.8667135	3.409596	5.837944
doctor	4.8691077	3.8592286	4.879033
talent	6.917579	4.5494633	6.708335
source	5.9991226	4.130268	5.6327457
lead	4.9230876	4.090429	5.5164676
question	5.3032756	3.866471	5.4734783
publish	5.519521	4.1434193	5.8491154
interest	5.8883696	3.9575462	5.6688237
serve	5.1836276	3.4696171	5.694111
divine	6.420491	3.9881086	5.6514173
put	5.6567917	3.811272	5.625986
shadow	4.8325114	3.4609702	5.085719
practical	5.6265554	3.9340992	5.936729
surface	5.2662373	3.1621437	4.930602
account	5.7236285	4.004387	5.6632047
loss	4.498556	4.4387255	4.5670958
indian	5.1365433	4.9761972	5.4238176
vine	6.1748295	3.6797266	5.792165
certain	4.9204197	4.440224	5.346159
sin	3.5627677	4.3009253	4.243248
necessity	4.2626076	4.224366	4.7141256
lose	4.809063	4.4768553	5.1568174
private	4.4082236	3.7721255	5.2948337
gentleman	5.635602	3.5465035	5.3015294
daughter	5.502884	4.283094	4.9981914
drive	4.078006	4.7006063	4.6756563
strange	4.5804334	4.859517	4.531008
journey	6.1749144	3.7590168	5.8401985
uncle	5.6761227	3.971878	5.846768
species	5.39441	4.5244284	5.118289
think	5.4334855	4.2583942	5.5234127
bed	5.4645653	3.368116	5.4114947
wind	5.0482116	4.0512342	4.892007
bless	7.294883	4.103571	6.3389325
destroy	3.9262807	4.976133	4.801154
author	5.6100035	4.2275133	5.3179812
sustain	5.195831	3.9883063	5.6341686
black	4.5346284	4.4344583	4.5233164
event	5.9158945	4.4311957	5.056976
liberty	6.902781	4.8358026	6.157495
negro	4.3599343	4.3926077	4.4859486
little	4.960382	4.111488	5.01303
fortune	5.887907	4.2936277	5.510106
touch	5.593159	3.741696	5.4600058
kill	4.447761	5.0610476	4.8324275
feature	5.2937164	3.828609	5.410699
happiness	7.1641636	4.276012	6.43741
assume	4.1530414	3.811903	5.0141726
notion	5.648482	4.0384407	5.4329324
purchase	6.2154856	3.7595236	6.461672
faithful	6.273364	3.7000282	6.0289125
soldier	4.406585	4.5549917	4.9920535
father	5.647342	4.030786	5.17859
narrow	3.5364337	3.809969	4.3776546
great	5.127253	4.0904446	5.0895596
tear	3.8648229	4.0172844	4.4771786
honorable	5.513138	4.317655	5.8449025
previous	4.474682	3.9595404	5.0088143
good	6.157665	3.7204595	6.1773057
domestic	4.9970775	3.757875	4.8608828
glory	6.789402	4.468977	6.056161
lay	4.840143	3.387126	5.5328674
occasion	5.20217	4.238258	5.012346
guard	4.9418325	3.88095	5.3226533
whole	5.218089	4.0290437	5.1235027
mouth	5.161898	4.1606154	5.4807415
receive	6.2554936	3.747268	6.053565
take	5.272924	3.59822	5.6327195
simple	6.009657	3.7432497	5.7873297
error	3.4669604	4.461382	4.251807
wisdom	6.290658	4.0730057	6.1687794
rock	5.569314	4.2182693	5.2049494
decide	5.0818133	3.994819	5.5845985
exclaim	5.6932116	4.7819595	5.652981
assure	6.840425	4.003638	6.5984826
sign	5.0297155	3.4850159	5.287041
preserve	5.904039	3.4891448	5.897807
commerce	5.5210238	4.34274	5.505949
plant	4.829142	3.8005726	5.2187223
walk	5.8118763	3.7760377	5.895773
difference	5.1320825	4.129581	5.2473116
hang	4.7601624	3.7558925	5.1166053
following	6.5404825	3.5600715	5.9598913
employ	4.8872924	3.9865782	6.120773
