deal	5.042512	4.354418	5.1483254
study	6.1660557	3.9327147	6.457526
afford	6.1839037	4.009301	5.7585564
service	5.5353346	4.007127	5.8639193
height	5.0753694	4.1865873	5.161915
prospect	6.776148	4.3050537	5.990598
pleasant	6.747616	3.8929398	6.048537
shade	5.140766	3.670487	5.306651
listen	5.2591515	4.2315392	5.5047874
mighty	5.7145777	4.465694	5.5986567
country	5.383812	3.5879283	5.433605
title	6.3351417	3.8340776	6.05898
choose	5.331438	3.6766958	5.819986
village	6.041874	3.959123	5.526913
acquire	6.428708	4.4594173	6.6114583
rank	5.0315995	4.128584	5.128885
bow	5.8462334	3.5164156	5.8262677
doctor	4.92323	3.8579085	4.9680247
talent	6.9427366	4.5892673	6.7172737
source	5.989599	4.2373123	5.624996
lead	4.89073	4.020599	5.512442
question	5.3188562	3.7966688	5.4850616
publish	5.5056434	4.036262	5.76695
interest	6.0111046	3.9967299	5.7949758
serve	5.0576797	3.5088162	5.584519
divine	6.3753967	3.999517	5.6475425
put	5.5899873	3.9225907	5.6376414
shadow	4.8384643	3.4191394	5.1219606
practical	5.6255836	3.866981	5.9841213
surface	5.1431203	3.1258857	4.926348
account	5.6008983	3.9955218	5.5450335
loss	4.485122	4.376912	4.523493
indian	5.1369495	4.93976	5.330944
vine	6.324968	3.610135	5.821488
certain	4.918015	4.4889946	5.3638043
sin	3.5674145	4.3176646	4.3136663
necessity	4.2953873	4.279506	4.8005114
lose	4.6104107	4.501911	5.036866
private	4.424032	3.678293	5.224615
gentleman	5.6670046	3.5298438	5.3867207
daughter	5.585455	4.3184757	5.0256195
drive	4.0896826	4.703686	4.6302323
strange	4.5597486	4.890269	4.5308733
journey	6.063619	3.7258196	5.7875986
uncle	5.929564	3.8686469	6.0582237
species	5.3397365	4.453345	5.1112933
think	5.437845	4.2201805	5.5446577
bed	5.3822694	3.344791	5.4204597
wind	5.052339	4.064173	4.890383
bless	7.2221127	4.0368443	6.286907
destroy	3.9523473	4.9452353	4.7799854
author	5.617333	4.2080526	5.273093
sustain	5.207469	3.8885398	5.696926
black	4.5052795	4.581585	4.617988
event	5.9142046	4.327819	5.073594
liberty	6.9692764	4.7659073	6.209174
negro	4.494948	4.335144	4.6751947
little	4.9918957	4.0659695	5.040391
fortune	5.91859	4.2930355	5.4869766
touch	5.587879	3.6595438	5.494867
kill	4.3934803	5.085423	4.795751
feature	5.307908	3.9160929	5.4720874
happiness	7.208316	4.293019	6.543024
assume	4.0441265	3.8191369	4.945553
notion	5.660628	4.0548997	5.466397
purchase	6.2698593	3.740501	6.4134507
faithful	6.2998533	3.688137	6.061114
soldier	4.4511714	4.4958386	4.949885
father	5.720663	4.0254335	5.211174
narrow	3.5782318	3.7224026	4.386892
great	5.145389	4.1649637	5.124422
tear	3.9554577	4.0449	4.4728947
honorable	5.585108	4.263204	5.929709
previous	4.448271	3.9730887	4.9844656
good	6.252873	3.648254	6.142121
domestic	5.0208063	3.6890523	4.954482
glory	6.7158446	4.525079	6.0724916
lay	4.927445	3.3414075	5.520956
occasion	5.0974174	4.2264595	5.0478325
guard	4.897765	3.8455138	5.2903214
whole	5.2880087	4.003886	5.233075
mouth	5.1489654	4.1583195	5.472838
receive	6.2284117	3.7533116	6.0413465
take	5.244094	3.79311	5.616342
simple	6.05282	3.7443526	5.857742
error	3.4091058	4.3765197	4.1706276
wisdom	6.281626	4.061716	6.161866
rock	5.5388303	4.235406	5.2056513
decide	5.0557513	4.0027323	5.557704
exclaim	5.693477	4.8212895	5.643392
assure	6.8344855	3.9931211	6.5201073
sign	4.984288	3.3892765	5.2570586
preserve	5.8208385	3.4090905	5.867683
commerce	5.533236	4.325783	5.608287
plant	4.892529	3.7612936	5.2268553
walk	5.686698	3.76443	5.8819013
difference	5.1788054	3.9782658	5.2590947
hang	4.76852	3.7964118	5.075355
following	6.5749397	3.5032873	6.084299
employ	4.929678	3.9923816	6.063363
