deal	5.0486517	4.344101	5.1323633
study	6.197028	3.969821	6.531296
afford	6.143277	3.9543972	5.65803
service	5.607879	3.9923296	5.985422
height	5.111847	4.3175263	5.1503
prospect	6.693993	4.37015	5.957905
pleasant	6.8566	3.9065957	6.0628166
shade	5.1223235	3.6105962	5.35511
listen	5.2663283	4.218499	5.5301623
mighty	5.7393436	4.510952	5.6131763
country	5.456974	3.6850383	5.4953017
title	6.356327	3.7874413	6.0027547
choose	5.3465037	3.6085587	5.772995
village	6.11472	3.9700832	5.580415
acquire	6.568289	4.5158515	6.756958
rank	5.070385	4.0082545	5.1652846
bow	5.8778024	3.4139247	5.8184013
doctor	4.916686	3.856955	4.959428
talent	7.0094643	4.55362	6.74881
source	5.8581276	4.2668195	5.5505733
lead	4.9237003	4.0745516	5.5725856
question	5.305901	3.9439974	5.5317974
publish	5.462562	4.1024456	5.718876
interest	6.061923	4.05516	5.807378
serve	5.085227	3.4021568	5.6469183
divine	6.3145924	3.91541	5.618723
put	5.546837	3.9319284	5.654193
shadow	4.9451246	3.4192698	5.1744685
practical	5.6762333	3.91607	6.025113
surface	5.1546855	3.219703	4.929387
account	5.659219	3.9838238	5.5943947
loss	4.447537	4.409339	4.5067797
indian	5.122282	4.9476724	5.3567553
vine	6.2707825	3.6687036	5.7831483
certain	4.90694	4.4394984	5.3768644
sin	3.5324383	4.323385	4.266099
necessity	4.274688	4.2580166	4.694646
lose	4.7126822	4.439589	5.096558
private	4.368165	3.789607	5.2114058
gentleman	5.6435394	3.5706918	5.415771
daughter	5.5331535	4.2866583	5.0553827
drive	4.0733404	4.7040987	4.661672
strange	4.5942097	4.8112197	4.567456
journey	6.049504	3.7431426	5.802417
uncle	5.716196	4.0452676	5.9497604
species	5.3624554	4.445636	5.1206317
think	5.405272	4.2383056	5.46281
bed	5.4626274	3.3568585	5.4845114
wind	5.0335817	4.0725408	4.884447
bless	7.2500997	4.062519	6.3842297
destroy	3.9263496	4.9544525	4.752932
author	5.6493964	4.205676	5.295962
sustain	5.210054	3.9667723	5.681993
black	4.404011	4.511158	4.548399
event	5.883338	4.4084387	5.023271
liberty	7.050375	4.760299	6.1862745
negro	4.3606234	4.2520294	4.5713835
little	5.004754	4.0436444	5.00449
fortune	5.936611	4.3220677	5.5155916
touch	5.6101756	3.6761847	5.4436283
kill	4.3918223	5.07701	4.7681527
feature	5.2716904	3.851647	5.484656
happiness	7.2276087	4.303239	6.548589
assume	4.1995893	3.688799	5.0941367
notion	5.7891912	4.032068	5.518977
purchase	6.215213	3.8053122	6.4256234
faithful	6.304573	3.6270275	6.01822
soldier	4.447218	4.3967295	4.9166894
father	5.661671	4.115977	5.2360606
narrow	3.5320675	3.8295403	4.3874335
great	5.348021	4.12103	5.276799
tear	3.8727355	3.9687533	4.476272
honorable	5.6042395	4.334504	5.8611956
previous	4.480484	4.004965	5.062072
good	6.2484393	3.6203377	6.1831408
domestic	5.139813	3.716248	4.9796076
glory	6.7962456	4.480983	6.061137
lay	4.9319754	3.3744626	5.6109877
occasion	5.0923533	4.272231	4.981744
guard	4.901131	3.8405342	5.2719097
whole	5.200361	3.9842076	5.245071
mouth	5.139485	4.1956105	5.5010223
receive	6.2227635	3.7414083	6.0224943
take	5.331419	3.7418337	5.651658
simple	6.1120505	3.7261338	5.920198
error	3.467505	4.3571663	4.2217236
wisdom	6.2739816	4.050935	6.145778
rock	5.5912514	4.250379	5.174177
decide	5.1284285	4.0161676	5.658981
exclaim	5.676452	4.749729	5.6352096
assure	6.836461	4.022413	6.581162
sign	5.038183	3.435011	5.1953797
preserve	5.838404	3.4187796	5.827265
commerce	5.5910764	4.332946	5.557544
plant	4.902658	3.751412	5.197657
walk	5.762379	3.7349725	5.916582
difference	5.1337924	4.023737	5.2542267
hang	4.7776737	3.8377283	5.155589
following	6.532097	3.5388818	5.9726005
employ	4.8645234	3.9221377	6.0114083
