deal	5.0897865	4.2936387	5.099554
study	6.128915	3.9472115	6.4339266
afford	6.0586643	3.928361	5.6950374
service	5.541048	3.9250126	5.9573402
height	5.105235	4.2561083	5.155905
prospect	6.8137035	4.256949	6.023346
pleasant	6.8340383	3.8976142	6.0844026
shade	5.02072	3.6096926	5.228521
listen	5.2355576	4.204573	5.471523
mighty	5.7412214	4.4863925	5.533436
country	5.484187	3.5980775	5.5200458
title	6.333265	3.8700342	6.0552354
choose	5.3010974	3.543509	5.7390757
village	6.097871	3.9542017	5.540315
acquire	6.520935	4.4626365	6.724458
rank	5.0719686	4.0191555	5.098882
bow	5.826392	3.380448	5.813754
doctor	4.904101	3.9241161	4.9229774
talent	6.8961983	4.5842376	6.709839
source	5.927973	4.1919928	5.5461664
lead	4.886448	4.0431232	5.51212
question	5.2803016	3.8509226	5.4850893
publish	5.39291	4.1144814	5.7514324
interest	5.9092836	3.970217	5.698113
serve	5.0573516	3.4030428	5.5875278
divine	6.479221	3.9510536	5.676485
put	5.525475	3.8927717	5.677141
shadow	4.901092	3.402814	5.1228447
practical	5.6429825	3.88214	5.9712706
surface	5.137909	3.2004375	4.8842106
account	5.6400394	4.021572	5.541419
loss	4.4030046	4.3395257	4.4925113
indian	5.1650367	4.9758205	5.4121037
vine	6.23517	3.7070873	5.759404
certain	4.987471	4.483506	5.455929
sin	3.5626454	4.3107057	4.304188
necessity	4.265366	4.2634835	4.6969357
lose	4.7098536	4.5238357	5.161775
private	4.3913293	3.6560097	5.1944423
gentleman	5.5852203	3.5436327	5.336064
daughter	5.410192	4.292805	4.932631
drive	4.0229263	4.7132487	4.576538
strange	4.6360135	4.8429694	4.599905
journey	6.120943	3.7315497	5.80273
uncle	5.813112	3.9743128	5.9395547
species	5.309001	4.5292544	5.102676
think	5.4801664	4.2060423	5.5308733
bed	5.3321714	3.3565817	5.3289094
wind	5.1676674	4.020151	4.9378333
bless	7.3382883	4.0697737	6.3432627
destroy	3.887579	4.957875	4.7612553
author	5.6250725	4.2552285	5.250644
sustain	5.1485653	3.9507253	5.6807704
black	4.4968443	4.61201	4.4963245
event	5.972596	4.4066772	5.0754914
liberty	6.9364653	4.842364	6.2079773
negro	4.4528456	4.2646174	4.5208673
little	5.0644646	4.0075827	5.061821
fortune	5.914997	4.2149644	5.439549
touch	5.655257	3.694329	5.5176363
kill	4.4159594	5.0706835	4.8016696
feature	5.2969685	3.898531	5.5058517
happiness	7.2503834	4.294446	6.543961
assume	4.109702	3.7774355	5.026617
notion	5.7160797	4.0205784	5.50387
purchase	6.17068	3.7717342	6.3739443
faithful	6.2677627	3.6508334	5.980977
soldier	4.549688	4.4068117	4.943835
father	5.578904	4.0333023	5.184819
narrow	3.5534923	3.7876155	4.4529076
great	5.2998962	4.0543523	5.1737094
tear	3.9058151	3.980672	4.4719954
honorable	5.56353	4.30118	5.9170666
previous	4.4954844	3.911006	4.9896603
good	6.1995583	3.600945	6.112808
domestic	5.096973	3.7807784	4.991311
glory	6.779421	4.4663634	6.011632
lay	4.854972	3.3915062	5.5856085
occasion	5.14351	4.255304	5.07468
guard	4.946474	3.8494506	5.2651834
whole	5.345187	4.040414	5.1882753
mouth	5.2075953	4.1386104	5.491502
receive	6.349018	3.6454263	6.144968
take	5.261778	3.7467904	5.707316
simple	6.024947	3.708301	5.8587246
error	3.5189273	4.3474526	4.1962633
wisdom	6.2679157	4.021794	6.1062145
rock	5.390798	4.313997	5.137393
decide	5.0877714	4.0225334	5.627037
exclaim	5.7946296	4.744098	5.711293
assure	6.854656	3.998556	6.5867534
sign	5.1512575	3.4310431	5.3536606
preserve	5.8720174	3.4957685	5.9051385
commerce	5.6414185	4.389881	5.5995126
plant	4.8319254	3.7288947	5.1667867
walk	5.725967	3.745824	5.8358374
difference	5.098535	4.094738	5.252669
hang	4.7104874	3.832372	5.110154
following	6.6213503	3.5980196	6.0226154
employ	4.949428	3.9502323	6.0792956
