deal	4.9919996	4.389379	5.026477
study	6.173313	3.9944696	6.391361
afford	6.1234426	3.9588563	5.7228947
service	5.6032724	3.993477	6.034329
height	5.1438212	4.3024135	5.155889
prospect	6.6979275	4.331614	5.9687963
pleasant	6.832264	3.9571393	6.0693436
shade	5.062024	3.6235623	5.259766
listen	5.2398324	4.1896095	5.555148
mighty	5.608797	4.5827518	5.4674892
country	5.2782397	3.6325924	5.407403
title	6.313104	3.8447738	5.967926
choose	5.3855157	3.547866	5.8183317
village	6.095251	3.9353771	5.520275
acquire	6.494383	4.5289526	6.63988
rank	5.074571	3.9841595	5.202485
bow	5.8463306	3.4186523	5.8231645
doctor	4.99862	3.904636	4.9398065
talent	6.9437685	4.527063	6.7556763
source	5.995216	4.199228	5.6145873
lead	4.917758	4.0172048	5.4836955
question	5.307788	3.9485059	5.4787545
publish	5.3800673	4.055681	5.7014313
interest	6.0380325	3.9304314	5.8208084
serve	5.09157	3.4341059	5.716624
divine	6.4190407	4.0017314	5.643331
put	5.591151	3.848306	5.7881484
shadow	4.9165854	3.4426343	5.1115055
practical	5.6383743	3.901185	5.97723
surface	5.1959095	3.2127028	4.9524903
account	5.6173	3.9549172	5.5451603
loss	4.4226174	4.3696065	4.564617
indian	4.982403	4.992701	5.3112974
vine	6.303234	3.7333694	5.758774
certain	4.994228	4.4572678	5.4204397
sin	3.564764	4.283755	4.319787
necessity	4.2562675	4.2966104	4.6851087
lose	4.779685	4.4781795	5.1299105
private	4.4640365	3.7089207	5.2418833
gentleman	5.5364513	3.5838249	5.3068867
daughter	5.408941	4.273531	4.958897
drive	4.0608473	4.6985283	4.615961
strange	4.6262784	4.860336	4.5871534
journey	6.084375	3.7409396	5.796937
uncle	5.8521767	3.9792993	5.8717055
species	5.3651195	4.5095005	5.18579
think	5.452993	4.2955194	5.513471
bed	5.301757	3.3482022	5.3948607
wind	5.116545	4.0844793	4.905099
bless	7.2737	4.018095	6.3583336
destroy	3.9331117	4.9727554	4.7775145
author	5.5975275	4.1762652	5.1956944
sustain	5.176258	3.9822404	5.6683874
black	4.3112383	4.5914598	4.4467688
event	5.949032	4.4280214	5.1075583
liberty	6.938476	4.880921	6.1149015
negro	4.3220897	4.445848	4.4223056
little	5.0898986	4.039786	5.0719576
fortune	5.891823	4.2888985	5.3997993
touch	5.6114907	3.734515	5.510601
kill	4.5379972	5.1166596	4.8423686
feature	5.2475405	3.8469741	5.4238873
happiness	7.2852683	4.3394814	6.5565186
assume	4.149782	3.7918034	5.0116973
notion	5.6806073	4.0017605	5.466239
purchase	6.220596	3.794312	6.3111887
faithful	6.2700157	3.693264	6.0070124
soldier	4.483039	4.438257	4.8928742
father	5.586418	4.072667	5.1674485
narrow	3.5919716	3.827103	4.424431
great	5.175302	4.063173	5.1557884
tear	3.8525033	4.050787	4.4189115
honorable	5.608547	4.277402	5.9680505
previous	4.4676776	3.9738023	4.9743934
good	6.127523	3.6267164	6.052656
domestic	5.1536236	3.7587013	5.0445666
glory	6.691715	4.505886	6.0211587
lay	4.8263087	3.2769747	5.5250254
occasion	5.137798	4.2076054	5.0484447
guard	4.9468603	3.7940726	5.2905207
whole	5.1923604	4.0554104	5.134178
mouth	5.1164985	4.1260014	5.51133
receive	6.2886195	3.7259412	6.027575
take	5.233498	3.709027	5.6903834
simple	6.0196886	3.730753	5.8527966
error	3.4630105	4.3477664	4.210094
wisdom	6.3408127	4.0831594	6.1741333
rock	5.4841375	4.2132854	5.2085147
decide	5.097702	4.001395	5.532645
exclaim	5.7750463	4.738339	5.668596
assure	6.874394	3.9848392	6.564426
sign	5.080216	3.40661	5.311902
preserve	5.9450083	3.5004077	5.9157734
commerce	5.60389	4.4279876	5.644514
plant	4.862867	3.8048446	5.176381
walk	5.6335897	3.7812204	5.8374085
difference	5.1916237	3.9986033	5.288945
hang	4.7126846	3.8561344	5.10031
following	6.579455	3.4947546	5.965294
employ	4.9778347	3.9233642	6.1045213
