deal	4.9903417	4.318024	5.1656795
study	6.270739	3.9431787	6.4901686
afford	6.173804	3.9422822	5.664547
service	5.558892	4.011506	5.9334497
height	5.200861	4.3396297	5.167054
prospect	6.76757	4.3420334	5.975927
pleasant	6.8409142	3.9428177	6.079011
shade	5.0460825	3.5819292	5.2373776
listen	5.2356877	4.2151914	5.507269
mighty	5.727097	4.561975	5.563312
country	5.42981	3.6429563	5.4893255
title	6.282668	3.7394936	5.991517
choose	5.281297	3.5709682	5.8079643
village	6.0234528	3.9389446	5.5289164
acquire	6.5234303	4.503573	6.67582
rank	5.007577	4.0094066	5.076812
bow	5.8496556	3.3373432	5.8426003
doctor	4.987194	3.9366305	4.947283
talent	6.930922	4.5909076	6.674965
source	5.9834123	4.1784706	5.640829
lead	4.8566136	4.027786	5.485324
question	5.2500515	3.915288	5.537038
publish	5.467474	3.9850023	5.727448
interest	5.9974375	4.0509677	5.776193
serve	5.1474915	3.5141587	5.70708
divine	6.3984933	3.9706905	5.627911
put	5.5089746	3.9239702	5.610426
shadow	4.8800526	3.405414	5.1108766
practical	5.687105	3.940292	5.9961596
surface	5.171588	3.2613297	4.8963046
account	5.557136	3.9592347	5.491658
loss	4.410381	4.370918	4.53182
indian	5.1027727	4.95322	5.3784723
vine	6.307128	3.7098634	5.7909718
certain	4.9219356	4.538785	5.3712826
sin	3.535788	4.3403163	4.2743883
necessity	4.259631	4.3324943	4.710495
lose	4.7442985	4.581847	5.1300597
private	4.398963	3.7244675	5.2544
gentleman	5.6038046	3.5508103	5.3386564
daughter	5.5228796	4.2080455	4.9475603
drive	4.0827093	4.6682954	4.645958
strange	4.645629	4.8709226	4.571693
journey	6.100985	3.8198147	5.8368053
uncle	5.9145765	4.015881	6.041807
species	5.3322754	4.481635	5.0828886
think	5.5580072	4.263729	5.5891466
bed	5.3873525	3.356154	5.381548
wind	5.1149497	4.0986814	4.8926764
bless	7.285986	4.0043607	6.3014174
destroy	3.8937397	4.9517055	4.7807446
author	5.60348	4.129773	5.2400208
sustain	5.2166452	3.927312	5.6854515
black	4.410267	4.460891	4.510482
event	5.909006	4.3803115	5.076004
liberty	6.9618416	4.7809157	6.156675
negro	4.455974	4.358999	4.6126657
little	4.9923553	4.101352	5.0158877
fortune	5.903393	4.217834	5.4625616
touch	5.615354	3.6978867	5.5136037
kill	4.3476934	5.112	4.778077
feature	5.3343315	3.8501267	5.4325495
happiness	7.3215446	4.288081	6.5629587
assume	4.0810924	3.7062674	4.9900765
notion	5.6757865	3.9907546	5.481331
purchase	6.197178	3.7682874	6.392374
faithful	6.249483	3.642614	5.9833384
soldier	4.484534	4.4706955	4.978556
father	5.6773605	4.0803127	5.2263255
narrow	3.5600064	3.8974748	4.3588977
great	5.208058	4.2167916	5.2216873
tear	3.9658601	3.9664378	4.5245333
honorable	5.5479975	4.3121047	5.888956
previous	4.4426327	3.9778683	5.0082026
good	6.0980554	3.564063	6.078413
domestic	5.14992	3.7276866	4.9956546
glory	6.7084303	4.500435	6.0176277
lay	4.822076	3.3782392	5.552299
occasion	5.105841	4.2974753	5.011821
guard	4.9042573	3.8488276	5.239107
whole	5.2339177	4.0954266	5.252966
mouth	5.1508036	4.1386313	5.4508224
receive	6.2391005	3.7963128	6.0630946
take	5.204343	3.701972	5.650137
simple	5.9823833	3.7305439	5.83001
error	3.460855	4.3714013	4.1962347
wisdom	6.2375813	4.1241293	6.1122274
rock	5.5479584	4.2733955	5.1726394
decide	4.958353	4.0666814	5.558194
exclaim	5.7540927	4.7106886	5.7294908
assure	6.8860755	3.9877949	6.561617
sign	5.0328913	3.4737108	5.2849236
preserve	5.875271	3.4242806	5.8948727
commerce	5.579836	4.329369	5.538366
plant	4.843365	3.7954183	5.100121
walk	5.6690774	3.7341542	5.886702
difference	5.1544156	4.0131454	5.196234
hang	4.7595077	3.8265214	5.1244564
following	6.562928	3.5666554	6.0324707
employ	4.988691	3.9643097	6.118248
