deal	5.0073495	4.277647	5.1491537
study	6.167059	3.981225	6.496487
afford	6.121944	3.9228683	5.7236385
service	5.622019	3.9543805	5.9696994
height	5.194696	4.2595167	5.135892
prospect	6.7240767	4.3292365	5.9754105
pleasant	6.802747	3.9442153	6.054055
shade	5.0854597	3.6160717	5.280868
listen	5.310889	4.2388964	5.5324044
mighty	5.6839805	4.5479684	5.6128397
country	5.513685	3.7232509	5.5559855
title	6.34661	3.8026803	6.0689535
choose	5.342147	3.5704098	5.7464576
village	6.057707	3.963128	5.5223565
acquire	6.5161676	4.5542426	6.718984
rank	5.117801	4.0263443	5.0935893
bow	5.7821803	3.4692392	5.7551165
doctor	4.9037805	3.8693764	4.919988
talent	6.9740086	4.5456934	6.763834
source	5.981835	4.2247796	5.6193905
lead	4.9108562	3.990233	5.4701953
question	5.3096194	3.9407184	5.574934
publish	5.4460225	4.095081	5.774422
interest	5.9380546	4.03882	5.7796803
serve	5.112852	3.4371395	5.687167
divine	6.37522	3.9698386	5.6599593
put	5.5391464	3.7948844	5.6294355
shadow	4.8942785	3.428712	5.1449175
practical	5.6118784	3.9337523	5.9498315
surface	5.166138	3.275933	4.9373145
account	5.650422	3.929849	5.5321193
loss	4.4540176	4.3749723	4.5228276
indian	5.1000853	4.970415	5.3673973
vine	6.3874764	3.7046802	5.8462753
certain	4.92374	4.426285	5.419458
sin	3.558662	4.321887	4.3150053
necessity	4.1865788	4.23551	4.715429
lose	4.78821	4.5641336	5.117645
private	4.438851	3.7270916	5.228698
gentleman	5.5534453	3.6171317	5.2617598
daughter	5.4780164	4.2017407	5.008137
drive	4.073267	4.614403	4.671511
strange	4.6689353	4.832182	4.623096
journey	6.1078777	3.8072681	5.8207493
uncle	5.6933265	3.9339433	5.8883624
species	5.4104724	4.459503	5.1808925
think	5.5156465	4.275829	5.530352
bed	5.480582	3.403736	5.4239197
wind	5.098609	4.059762	4.912071
bless	7.2484403	4.0266523	6.3467064
destroy	3.963725	4.927994	4.7863336
author	5.618124	4.2696996	5.259439
sustain	5.1894755	3.887939	5.6454034
black	4.4169106	4.6638885	4.498652
event	5.9327455	4.4159675	5.1342373
liberty	6.8742642	4.9208026	6.14558
negro	4.3249474	4.456402	4.465173
little	4.9447727	4.2067213	4.9164386
fortune	5.9100685	4.2545156	5.4760294
touch	5.5740643	3.6851282	5.4999576
kill	4.4102325	5.148279	4.7920895
feature	5.287751	3.8647392	5.471713
happiness	7.2372994	4.3180203	6.487894
assume	4.1402016	3.6221304	5.0281773
notion	5.677191	4.0367513	5.4261346
purchase	6.249077	3.7914891	6.4513435
faithful	6.2585	3.688356	6.019371
soldier	4.4682455	4.435786	4.9252176
father	5.6269636	3.9824677	5.279938
narrow	3.5165079	3.9675717	4.338102
great	5.195003	4.1900845	5.2060466
tear	3.8812237	3.9550047	4.4652295
honorable	5.586412	4.288626	5.8691444
previous	4.492053	3.9449687	4.9976125
good	6.195146	3.5848045	6.202643
domestic	5.0745187	3.72722	4.9007807
glory	6.789053	4.5466022	6.009627
lay	4.8019934	3.458996	5.522608
occasion	5.0954895	4.1678915	4.9956527
guard	4.9540014	3.854464	5.254323
whole	5.221881	4.0706234	5.1776586
mouth	5.1831293	4.174669	5.5250993
receive	6.231025	3.733862	5.9904966
take	5.2933693	3.678671	5.7556734
simple	6.0075417	3.720222	5.8408504
error	3.4086797	4.445566	4.084018
wisdom	6.246128	3.9906533	6.131961
rock	5.4685225	4.2759585	5.2409263
decide	4.964675	4.022936	5.5841694
exclaim	5.7186966	4.717734	5.714226
assure	6.8340216	4.05457	6.529286
sign	5.0685453	3.4354138	5.310859
preserve	5.8900313	3.4709477	5.8492465
commerce	5.608774	4.3481603	5.54823
plant	4.8931484	3.7604084	5.196829
walk	5.737307	3.7946506	5.8441763
difference	5.1190133	3.9741719	5.2664356
hang	4.7862835	3.868568	5.083479
following	6.5943727	3.5644426	6.0596724
employ	4.9654193	3.948083	6.0837865
