deal	5.0077305	4.3183255	5.1455
study	6.170635	3.9905117	6.401583
afford	6.092041	3.9220905	5.698557
service	5.490257	3.9288073	5.9033136
height	5.1531105	4.3000574	5.1256137
prospect	6.7571945	4.330692	5.972581
pleasant	6.796806	3.952335	6.068822
shade	5.108487	3.6019351	5.3070254
listen	5.252219	4.249101	5.5490923
mighty	5.6792545	4.5115104	5.5380816
country	5.313427	3.6560545	5.4505877
title	6.2295694	3.7902927	5.944655
choose	5.417642	3.700748	5.787002
village	6.0015793	3.970063	5.457059
acquire	6.4478483	4.4955335	6.6649046
rank	5.1647735	3.94866	5.1960425
bow	5.8070016	3.3796246	5.7887983
doctor	4.775742	3.9536347	4.875115
talent	6.937544	4.5641727	6.691194
source	5.980851	4.1702294	5.6151433
lead	4.8155985	4.0423136	5.4751205
question	5.3890924	3.94342	5.633257
publish	5.420313	4.0078616	5.7619596
interest	6.019744	4.0731907	5.7535768
serve	5.0986853	3.5307734	5.628144
divine	6.3538294	3.9913945	5.6254287
put	5.650074	3.9263048	5.7638254
shadow	4.8559446	3.4003205	5.0809574
practical	5.668955	3.874036	5.9829164
surface	5.1325126	3.2449346	4.915078
account	5.583003	3.9780793	5.5439286
loss	4.4522266	4.3787503	4.5934143
indian	5.0780544	4.9588733	5.33638
vine	6.2934794	3.605536	5.8428807
certain	4.8953133	4.507778	5.3333797
sin	3.5290432	4.323842	4.243757
necessity	4.2801533	4.289451	4.6940336
lose	4.6765957	4.5441427	5.11631
private	4.454765	3.6896155	5.2512646
gentleman	5.472003	3.5509832	5.232164
daughter	5.4445167	4.233168	4.9825706
drive	4.1156707	4.594754	4.6932955
strange	4.60313	4.8231826	4.581873
journey	6.0672913	3.7308226	5.762061
uncle	5.764757	3.8048325	5.8011813
species	5.407097	4.545445	5.222951
think	5.530035	4.215205	5.578138
bed	5.352969	3.3441048	5.4085817
wind	5.092889	4.024782	4.9130197
bless	7.2104006	4.0385256	6.337043
destroy	3.902456	4.9746428	4.800752
author	5.6464586	4.2675867	5.262213
sustain	5.1953616	3.9176407	5.723559
black	4.536264	4.5385246	4.593779
event	5.913286	4.383425	5.103233
liberty	6.8965898	4.8329453	6.152365
negro	4.426866	4.315867	4.5309377
little	5.0656996	4.059676	5.059479
fortune	5.942804	4.2771773	5.4946465
touch	5.5434847	3.7194283	5.463033
kill	4.422728	5.1100373	4.793126
feature	5.1099024	3.9197497	5.370422
happiness	7.2334905	4.266351	6.5285845
assume	4.0755305	3.7464995	5.0289097
notion	5.6358624	4.0512223	5.4086375
purchase	6.1273565	3.7869117	6.319095
faithful	6.17121	3.6325095	5.996396
soldier	4.5150437	4.4209824	4.9313207
father	5.587848	4.0840235	5.134537
narrow	3.5362883	3.8576293	4.3557963
great	5.236823	4.1599374	5.1969495
tear	3.8630295	4.030919	4.466068
honorable	5.527157	4.2361865	5.8841195
previous	4.4892945	4.0070662	5.0023613
good	6.1486087	3.6183946	6.1360636
domestic	5.141726	3.7339962	4.97462
glory	6.747987	4.4797106	6.040979
lay	4.7885566	3.3849926	5.497701
occasion	5.09236	4.3190465	5.0096
guard	4.986736	3.843617	5.287705
whole	5.273924	4.1034956	5.1894174
mouth	5.02785	4.0895286	5.4591637
receive	6.249448	3.700861	6.0634828
take	5.183245	3.7676635	5.6522994
simple	5.9563465	3.7515035	5.8426385
error	3.5143533	4.394581	4.218658
wisdom	6.277273	4.0234895	6.157397
rock	5.432486	4.273678	5.1750684
decide	5.0574017	4.0525904	5.617213
exclaim	5.724155	4.6926894	5.6473722
assure	6.775072	4.0319967	6.5350227
sign	5.0438046	3.469075	5.3053317
preserve	5.851655	3.462827	5.8767195
commerce	5.6025925	4.2842135	5.57619
plant	4.91549	3.7242422	5.2511697
walk	5.7011786	3.7721503	5.8381715
difference	5.125841	3.9412448	5.2555985
hang	4.7591662	3.8449965	5.084527
following	6.626321	3.5670872	6.0395584
employ	4.9797955	3.9672782	6.041388
