deal	4.9794564	4.328211	5.155691
study	6.216755	3.9690223	6.480686
afford	6.090061	3.952282	5.6721644
service	5.5134144	4.088258	5.898555
height	5.117919	4.3026714	5.1333256
prospect	6.7560186	4.3115597	6.020613
pleasant	6.8474817	3.9754891	6.088585
shade	5.107014	3.6116376	5.2722282
listen	5.228323	4.2243404	5.508012
mighty	5.688537	4.4395275	5.5484285
country	5.44114	3.689744	5.6057873
title	6.2919693	3.7990851	6.027628
choose	5.3671584	3.645783	5.8185596
village	6.1014977	4.002031	5.512924
acquire	6.509591	4.5510526	6.7026596
rank	5.1667757	4.044593	5.192626
bow	5.8575974	3.4048493	5.839795
doctor	4.998786	3.7744436	4.980805
talent	6.973442	4.5907264	6.704823
source	5.939172	4.2574434	5.5963573
lead	4.830582	4.025182	5.4527154
question	5.3314366	3.8312607	5.5896506
publish	5.400463	4.032576	5.7446446
interest	6.009386	4.0263023	5.752484
serve	5.040544	3.5527692	5.607
divine	6.4757133	3.9441257	5.6806865
put	5.662024	3.902702	5.798626
shadow	4.9170547	3.3820662	5.0804334
practical	5.6420145	3.8835564	5.93802
surface	5.222946	3.2017894	4.9996395
account	5.5872273	3.9484134	5.5375605
loss	4.4502406	4.351686	4.5857706
indian	5.073886	4.9331193	5.3314953
vine	6.2402096	3.675314	5.7677197
certain	4.8994975	4.476354	5.356266
sin	3.5154595	4.3875613	4.2616625
necessity	4.2049713	4.2896132	4.6686373
lose	4.598274	4.584302	5.1146536
private	4.401513	3.7260404	5.208259
gentleman	5.636953	3.5138109	5.409925
daughter	5.4309416	4.2093945	5.024831
drive	4.0583916	4.684266	4.6621914
strange	4.6198406	4.8944297	4.6136374
journey	6.112744	3.7683432	5.7979507
uncle	5.945024	3.8499196	5.9684076
species	5.3799415	4.545207	5.2026877
think	5.4067726	4.2115774	5.4493012
bed	5.4038053	3.371038	5.412487
wind	5.050585	4.030062	4.885304
bless	7.22399	4.0231643	6.2871137
destroy	3.8951116	4.936479	4.713896
author	5.5524883	4.187024	5.1978207
sustain	5.176996	3.8991218	5.696753
black	4.461755	4.515993	4.5668974
event	5.9051356	4.368461	5.091661
liberty	6.9076643	4.845559	6.216268
negro	4.386904	4.362051	4.5556345
little	4.947896	4.071865	4.93764
fortune	5.9604826	4.2168207	5.526589
touch	5.5563374	3.6616993	5.489623
kill	4.4413133	5.1469293	4.8073964
feature	5.349589	3.8824239	5.52353
happiness	7.184165	4.2891283	6.5284615
assume	4.116247	3.791925	5.0652657
notion	5.6427636	3.976591	5.457445
purchase	6.3129873	3.7581048	6.4319715
faithful	6.247118	3.682282	6.048188
soldier	4.5430517	4.4575253	4.9897013
father	5.652681	4.08301	5.1863527
narrow	3.5097387	3.81856	4.3293924
great	5.0995245	4.1034265	5.108785
tear	3.8842824	4.026126	4.4340053
honorable	5.5600734	4.268554	5.9167485
previous	4.4906464	3.969724	5.0182333
good	6.1962433	3.6353204	6.2016025
domestic	5.0414667	3.6849525	4.952435
glory	6.816577	4.470198	6.104556
lay	4.9090624	3.2985692	5.5190196
occasion	5.1386013	4.1791825	5.039888
guard	4.913617	3.7761793	5.2675366
whole	5.123126	4.1059136	5.1609225
mouth	5.171145	4.108208	5.4483814
receive	6.275482	3.7698393	6.0748644
take	5.195868	3.7961893	5.703172
simple	5.997352	3.7733474	5.863373
error	3.4527605	4.3650575	4.1437907
wisdom	6.2811604	4.0952525	6.107238
rock	5.516712	4.239643	5.249834
decide	5.1504793	3.9884925	5.624571
exclaim	5.7899575	4.805155	5.64673
assure	6.7852783	4.0523305	6.502382
sign	5.035335	3.4578254	5.2279987
preserve	5.9119062	3.4465811	5.92255
commerce	5.484214	4.361871	5.5302377
plant	4.845706	3.8360806	5.196669
walk	5.690241	3.7602232	5.857793
difference	5.088769	4.0190167	5.2548027
hang	4.799505	3.7958534	5.132172
following	6.6357145	3.5531564	6.0216236
employ	4.997529	3.9606915	6.0932503
