deal	4.950703	4.278932	5.1267323
study	6.1482496	4.002963	6.4830074
afford	6.0921755	3.9682758	5.64283
service	5.6041813	3.9730992	5.97815
height	5.1524677	4.230202	5.131491
prospect	6.8458204	4.3986683	6.042318
pleasant	6.7834454	3.9801323	6.039676
shade	5.1274867	3.6371982	5.2760043
listen	5.2065225	4.2451534	5.489254
mighty	5.747054	4.4374075	5.5742407
country	5.334401	3.6751053	5.484751
title	6.380045	3.8207216	6.1054873
choose	5.4192557	3.620109	5.8795013
village	5.944661	3.9731708	5.4392214
acquire	6.4855614	4.5093455	6.687862
rank	5.1565175	3.9764738	5.148198
bow	5.880925	3.4257166	5.844761
doctor	4.9316196	3.9552255	4.98116
talent	6.9247823	4.5849085	6.7015386
source	6.0322084	4.1344194	5.6697083
lead	4.8856916	4.007767	5.446227
question	5.337869	3.9704728	5.518029
publish	5.495489	4.039332	5.7920027
interest	5.942664	4.0828953	5.775197
serve	5.0935464	3.4343936	5.661572
divine	6.476261	4.0383096	5.729486
put	5.563691	3.8810158	5.6220875
shadow	4.981404	3.432171	5.178596
practical	5.584796	3.8906412	5.947405
surface	5.179702	3.217448	5.004561
account	5.6851563	4.00952	5.5678244
loss	4.494387	4.3710065	4.546105
indian	5.052032	4.935378	5.336092
vine	6.355381	3.6861215	5.900298
certain	4.911233	4.525688	5.420542
sin	3.5477815	4.3344073	4.2695193
necessity	4.205727	4.232223	4.6707697
lose	4.628455	4.570598	5.0996265
private	4.471806	3.689424	5.236374
gentleman	5.607336	3.534689	5.3399167
daughter	5.517846	4.2050495	5.05035
drive	4.098396	4.7058024	4.6800594
strange	4.6157155	4.8688726	4.5852523
journey	6.144909	3.7265027	5.797943
uncle	6.002008	3.8850074	5.948463
species	5.33978	4.5210004	5.149776
think	5.528512	4.2426977	5.5432053
bed	5.447521	3.2921343	5.415706
wind	5.1759605	4.071032	5.008215
bless	7.3000674	4.0942273	6.30552
destroy	3.8471012	4.972602	4.7666044
author	5.6435223	4.2084956	5.253492
sustain	5.143144	3.9256306	5.6250525
black	4.264195	4.5226526	4.3878117
event	5.937813	4.45438	5.135241
liberty	6.8828573	4.8040695	6.1697636
negro	4.3066287	4.3330884	4.4699574
little	4.9990687	4.1220117	5.049776
fortune	6.04382	4.2340107	5.5260773
touch	5.576481	3.7645416	5.511082
kill	4.40362	5.084605	4.7198834
feature	5.289453	3.893474	5.457834
happiness	7.301835	4.328597	6.58102
assume	4.217197	3.7074566	5.045238
notion	5.7563105	3.9821367	5.491221
purchase	6.3262978	3.7745266	6.480407
faithful	6.3033566	3.6610591	6.0525866
soldier	4.5062037	4.380231	4.969955
father	5.6618147	4.1474137	5.207918
narrow	3.507318	3.8004227	4.328183
great	5.1766887	4.139848	5.111728
tear	3.8996205	3.9931858	4.4466534
honorable	5.581426	4.2850766	5.9072967
previous	4.4263496	3.923975	5.0036755
good	6.2237215	3.7134023	6.131716
domestic	5.067424	3.6821375	4.9541492
glory	6.8171377	4.4976325	6.0707927
lay	4.8409705	3.3491683	5.5048976
occasion	5.137118	4.24973	5.0626583
guard	4.9213676	3.8204186	5.197983
whole	5.1940246	4.021907	5.2076344
mouth	5.143195	4.07334	5.47126
receive	6.2765064	3.6931827	6.1031046
take	5.2363534	3.802427	5.596561
simple	6.0044975	3.6941626	5.8128486
error	3.4456387	4.3746533	4.1800833
wisdom	6.3033037	4.0618114	6.1758146
rock	5.4207687	4.2440853	5.139553
decide	5.0103836	4.043922	5.596901
exclaim	5.7706804	4.8029184	5.6487675
assure	6.870726	4.0331483	6.5129776
sign	5.0077534	3.4887836	5.23699
preserve	5.8847017	3.5319607	5.933951
commerce	5.560672	4.370094	5.5512233
plant	4.869971	3.7387228	5.231243
walk	5.7026587	3.7365637	5.8838425
difference	5.119175	4.0428076	5.2346907
hang	4.788553	3.9041631	5.1456122
following	6.618947	3.5412767	6.0311193
employ	4.8664374	3.9169087	6.0266533
