deal	4.9446454	4.340255	5.074682
study	6.189106	4.0227914	6.5080853
afford	6.128978	3.968659	5.662053
service	5.5103846	4.026129	5.9089837
height	5.1198144	4.254745	5.0934834
prospect	6.7384405	4.3519936	5.9629297
pleasant	6.866617	3.9206278	6.0860305
shade	5.111117	3.6514065	5.2766294
listen	5.2279973	4.2337832	5.499114
mighty	5.6126976	4.471575	5.481096
country	5.3326073	3.6208966	5.510278
title	6.3910527	3.811562	6.0009713
choose	5.350213	3.5938272	5.832097
village	6.0312696	3.963792	5.5394874
acquire	6.4987326	4.507071	6.6536045
rank	5.02139	4.1184497	5.0985622
bow	5.7615128	3.3597956	5.7952213
doctor	4.898562	3.8834016	4.8939934
talent	6.9045405	4.6182604	6.6373377
source	6.021563	4.3023014	5.634458
lead	4.733897	4.0213943	5.4658713
question	5.417006	3.7712824	5.6435795
publish	5.457744	4.062394	5.706929
interest	5.999165	4.0161834	5.795254
serve	5.0870743	3.454483	5.630552
divine	6.4825697	3.9393263	5.727948
put	5.4885607	3.877145	5.6423044
shadow	4.9229984	3.433125	5.1583657
practical	5.636758	3.8555055	5.9856873
surface	5.197233	3.2267756	4.9160814
account	5.628558	3.9788764	5.5477934
loss	4.3876257	4.3553505	4.5576115
indian	5.189871	4.940302	5.392312
vine	6.2780657	3.7390816	5.773996
certain	4.9124584	4.4757633	5.379306
sin	3.5130925	4.3474865	4.267874
necessity	4.2172914	4.2689867	4.7254114
lose	4.7784805	4.5453963	5.154005
private	4.4538155	3.7262368	5.2403855
gentleman	5.5370626	3.500574	5.266583
daughter	5.3805866	4.2138534	4.8843913
drive	4.005182	4.6349487	4.640438
strange	4.630079	4.8599916	4.5883846
journey	6.104163	3.7754898	5.803881
uncle	5.7842207	3.9963536	5.953862
species	5.3512597	4.5119157	5.160202
think	5.460017	4.2074127	5.501087
bed	5.443407	3.364769	5.3991647
wind	5.05753	4.077609	4.9191217
bless	7.238714	4.0356092	6.3103795
destroy	3.8794122	4.968882	4.7561474
author	5.651691	4.249903	5.2879725
sustain	5.152925	3.9173272	5.724139
black	4.519899	4.497579	4.4923043
event	5.926239	4.4039893	5.087098
liberty	6.994719	4.8246245	6.2169604
negro	4.4361963	4.2824774	4.518959
little	4.9298167	4.0988445	5.018668
fortune	5.9023514	4.254397	5.4652433
touch	5.552865	3.6780934	5.463154
kill	4.385144	5.1044354	4.749865
feature	5.3092194	3.8215775	5.4424276
happiness	7.1692095	4.332437	6.5013475
assume	4.1364307	3.7516553	5.045231
notion	5.6675167	3.98663	5.433393
purchase	6.278973	3.7689843	6.4581194
faithful	6.2614717	3.6634545	6.061056
soldier	4.425325	4.399991	4.9489846
father	5.5712566	4.042298	5.163436
narrow	3.500575	3.8644466	4.3482833
great	5.2381873	4.17697	5.1256647
tear	3.9151344	4.044959	4.470179
honorable	5.601436	4.327726	5.927905
previous	4.483102	3.986433	5.0144615
good	6.154163	3.6246002	6.0833197
domestic	5.112127	3.6735044	5.0065436
glory	6.714637	4.5133743	6.0599446
lay	4.887811	3.3701391	5.58288
occasion	5.1898556	4.2380123	5.07212
guard	4.9595485	3.8234315	5.295313
whole	5.169851	4.087462	5.1577725
mouth	5.144843	4.0887814	5.461477
receive	6.2572002	3.7487679	6.0672026
take	5.131823	3.7753897	5.6122637
simple	5.97832	3.7109368	5.865454
error	3.4192023	4.38249	4.23969
wisdom	6.18227	4.07649	6.0838284
rock	5.5704784	4.2387495	5.233846
decide	5.089924	3.9732513	5.6745043
exclaim	5.7438397	4.712458	5.651015
assure	6.8102036	4.091545	6.535074
sign	5.1586957	3.5114264	5.3127165
preserve	5.8603578	3.5030284	5.832982
commerce	5.602583	4.362502	5.552362
plant	4.8692956	3.7861593	5.185522
walk	5.6660824	3.7503526	5.8609343
difference	5.123138	4.0094957	5.246288
hang	4.6747227	3.8640432	5.129466
following	6.5819387	3.552507	6.077485
employ	4.972719	3.975426	6.175296
