deal	4.9052916	4.227337	5.11141
study	6.2157316	3.9581285	6.5139813
afford	6.18019	3.9141011	5.7511005
service	5.596568	3.9337878	5.903284
height	5.1996326	4.3028398	5.193316
prospect	6.7870064	4.3659997	6.055422
pleasant	6.8495207	3.9610138	6.067469
shade	5.156633	3.5590518	5.351315
listen	5.283794	4.225887	5.558092
mighty	5.7108707	4.4408135	5.5434227
country	5.4388742	3.6590571	5.5096416
title	6.3439493	3.8030455	6.0252533
choose	5.373794	3.5983849	5.8015966
village	6.073143	4.0213566	5.5074325
acquire	6.5344815	4.4870186	6.685244
rank	5.0271306	4.0032697	5.094129
bow	5.8633423	3.4531717	5.8772783
doctor	4.9502	3.915007	4.9671464
talent	6.9715366	4.555392	6.7212
source	5.979508	4.2223487	5.5812845
lead	4.840625	4.044132	5.444836
question	5.327124	3.8871417	5.620269
publish	5.4697237	4.126087	5.690039
interest	5.997227	3.961687	5.763377
serve	5.0696974	3.4008608	5.6773224
divine	6.372207	3.968628	5.6181784
put	5.612576	3.880951	5.759096
shadow	5.00182	3.4170485	5.176724
practical	5.602435	3.8787265	5.93018
surface	5.107664	3.2016337	4.893003
account	5.6205835	3.9861546	5.52378
loss	4.3410897	4.336709	4.4458327
indian	5.0890346	4.925278	5.3883452
vine	6.2682376	3.6613476	5.7561803
certain	4.9859715	4.5337043	5.375911
sin	3.5374384	4.3315935	4.306751
necessity	4.21764	4.293857	4.709631
lose	4.8051744	4.440233	5.1027675
private	4.4221444	3.6392484	5.2042704
gentleman	5.5622373	3.5320888	5.3413906
daughter	5.432073	4.2321076	4.9925995
drive	4.0972624	4.6740184	4.629981
strange	4.6455593	4.867234	4.5582366
journey	6.01196	3.7769182	5.7741413
uncle	5.8616767	3.888215	5.994343
species	5.3980823	4.4858956	5.206783
think	5.5169578	4.303178	5.532757
bed	5.411047	3.4241881	5.4353666
wind	5.017129	4.0378094	4.846234
bless	7.2648706	4.030381	6.3417916
destroy	3.9912307	4.9356985	4.752833
author	5.658168	4.233424	5.2906547
sustain	5.158292	3.9697263	5.6596637
black	4.3678355	4.5307646	4.465507
event	5.8540964	4.3700776	5.007686
liberty	7.0443172	4.8906155	6.251213
negro	4.5336137	4.376047	4.700685
little	5.045227	4.1555405	4.9862204
fortune	5.800792	4.2563105	5.425278
touch	5.5714235	3.6845417	5.4785933
kill	4.4894867	5.0613894	4.8158903
feature	5.3198957	3.8597164	5.483283
happiness	7.408819	4.29824	6.574394
assume	4.151093	3.6944332	4.967885
notion	5.708232	4.0832944	5.5056105
purchase	6.2591143	3.7755015	6.459296
faithful	6.310589	3.6485035	6.0260615
soldier	4.3217225	4.447732	4.8914685
father	5.6931725	4.0014286	5.2430234
narrow	3.579996	3.853188	4.408189
great	5.1224384	4.078826	5.162422
tear	3.9512813	4.0154476	4.5046005
honorable	5.5125537	4.314046	5.9369335
previous	4.4883986	3.9449496	5.0369263
good	5.9942904	3.5984116	6.0290885
domestic	5.182434	3.623633	5.053983
glory	6.765532	4.4954205	6.064692
lay	4.9236665	3.3795066	5.596923
occasion	5.0589666	4.227128	5.025433
guard	4.8394246	3.8820791	5.262243
whole	5.2344193	4.0361433	5.2139726
mouth	5.161455	4.1172724	5.463184
receive	6.2663846	3.766	6.0553885
take	5.323448	3.7978606	5.6927767
simple	6.0311413	3.730132	5.8658333
error	3.364368	4.462717	4.1499553
wisdom	6.200649	4.031844	6.07217
rock	5.48534	4.272136	5.162865
decide	5.068215	3.9898794	5.6170807
exclaim	5.7866426	4.773547	5.702449
assure	6.9068556	3.9851713	6.559943
sign	5.027141	3.4545922	5.253314
preserve	5.8647585	3.4656336	5.905326
commerce	5.57252	4.2648926	5.6057854
plant	4.895279	3.7837703	5.2075434
walk	5.7108965	3.757107	5.8674736
difference	5.1612215	3.9604907	5.2517986
hang	4.7407665	3.796157	5.061614
following	6.54467	3.5677152	6.015724
employ	4.913545	3.938456	6.09377
