deal	5.027772	4.348708	5.137316
study	6.1498885	3.9106257	6.440819
afford	6.1558285	3.9192185	5.651151
service	5.567356	3.9801495	5.9432335
height	5.165203	4.261794	5.176498
prospect	6.7897205	4.352498	6.018184
pleasant	6.8285894	3.9387243	6.0688643
shade	5.063031	3.652463	5.2558336
listen	5.3289323	4.166239	5.515907
mighty	5.7241735	4.420553	5.5331254
country	5.424124	3.7271647	5.5405726
title	6.3513412	3.8200355	6.0451117
choose	5.340434	3.5690393	5.8556433
village	6.004391	3.9372811	5.462854
acquire	6.535839	4.574357	6.738311
rank	5.039008	4.0440855	5.0790834
bow	5.849116	3.3974004	5.8729396
doctor	5.002851	3.850573	4.995567
talent	6.9779015	4.592981	6.7217913
source	6.0246277	4.224975	5.646472
lead	4.8690205	3.9858632	5.4700227
question	5.3110704	3.8669238	5.6388245
publish	5.410703	4.040618	5.7377877
interest	6.078331	4.0914826	5.8144207
serve	5.073617	3.4172707	5.6063547
divine	6.4208236	3.9417815	5.716295
put	5.639407	3.8349378	5.679703
shadow	4.853302	3.4576588	5.1697993
practical	5.6361237	3.9138737	5.9351206
surface	5.1940594	3.211232	4.9586344
account	5.613349	3.997335	5.5992646
loss	4.3689013	4.4012465	4.5647826
indian	5.134488	4.9661074	5.4123983
vine	6.2948303	3.7580547	5.7407193
certain	4.9430575	4.4629693	5.38371
sin	3.547605	4.3653727	4.2716174
necessity	4.27138	4.2163677	4.6603456
lose	4.737404	4.5948877	5.1771345
private	4.296552	3.6973858	5.2059546
gentleman	5.5215454	3.5241718	5.268354
daughter	5.542714	4.266777	5.034639
drive	4.1781225	4.7234087	4.724447
strange	4.640242	4.841415	4.6177626
journey	6.092882	3.7531881	5.838583
uncle	5.9732566	3.9811196	5.8901854
species	5.406726	4.5653267	5.1497903
think	5.4531317	4.163456	5.5327663
bed	5.426342	3.3548708	5.4002614
wind	5.1028385	3.9941	4.950688
bless	7.2704153	4.068332	6.366772
destroy	3.9019911	4.9608717	4.7664304
author	5.5429134	4.1756964	5.2020726
sustain	5.203132	3.8888228	5.6433563
black	4.360446	4.494197	4.465227
event	5.947276	4.3758063	5.0798316
liberty	6.9179897	4.902912	6.1190925
negro	4.358966	4.293919	4.484259
little	4.9299865	4.070671	4.962589
fortune	5.832695	4.228786	5.421376
touch	5.6363206	3.70671	5.5368557
kill	4.428422	5.079261	4.763707
feature	5.3085284	3.8994827	5.5015116
happiness	7.225291	4.323722	6.491603
assume	4.08221	3.8215032	5.0262938
notion	5.6773415	4.0763435	5.444292
purchase	6.2259064	3.7256703	6.417306
faithful	6.2892656	3.6827655	6.0338826
soldier	4.2962394	4.3991437	4.8909793
father	5.771611	4.056997	5.2588587
narrow	3.4981406	3.8540087	4.344578
great	5.2421737	4.0883083	5.199321
tear	3.951928	4.0407987	4.4397073
honorable	5.5277395	4.26833	5.902606
previous	4.519739	3.959924	5.030827
good	6.1069913	3.5749962	6.1156344
domestic	4.9627533	3.7150624	4.9065614
glory	6.818194	4.5446367	6.0494533
lay	4.867425	3.2382817	5.5486746
occasion	5.1793942	4.233821	5.0427227
guard	4.8730474	3.8475413	5.301778
whole	5.2300878	4.0348125	5.162573
mouth	5.1129465	4.1334953	5.481311
receive	6.3098116	3.7606122	6.0469885
take	5.2543902	3.731873	5.684382
simple	6.0063925	3.7435985	5.8483543
error	3.4532924	4.3785505	4.2073407
wisdom	6.2423472	4.0074778	6.1448503
rock	5.489216	4.2177024	5.222996
decide	5.0341053	4.0157566	5.6051855
exclaim	5.7982626	4.7832456	5.7427096
assure	6.816946	4.0429	6.5146036
sign	5.1087213	3.4606156	5.306256
preserve	5.960362	3.566916	5.932237
commerce	5.616515	4.4325256	5.6047688
plant	4.958091	3.7768793	5.1860075
walk	5.795119	3.6844997	5.8417187
difference	5.056651	3.8970401	5.260916
hang	4.7233152	3.756369	5.0794163
following	6.530422	3.5816195	6.016799
employ	4.942957	3.9225755	6.0550213
