deal	4.954327	4.3024774	5.1208177
study	6.2174525	3.9818335	6.517345
afford	6.130422	3.9869342	5.7017536
service	5.5061855	3.965007	5.9134893
height	5.2127075	4.2581944	5.1680465
prospect	6.8014655	4.4150667	6.022024
pleasant	6.7749066	3.97017	6.0436435
shade	5.0427995	3.6636171	5.258672
listen	5.2106137	4.2458115	5.455328
mighty	5.614045	4.5088816	5.519655
country	5.353959	3.610653	5.4589005
title	6.3542204	3.7974448	6.100027
choose	5.3635974	3.6056423	5.787958
village	6.0643983	3.9640949	5.5568337
acquire	6.522208	4.436447	6.7561455
rank	5.1350646	4.030785	5.117544
bow	5.8740664	3.4609947	5.8192186
doctor	5.009432	3.8935533	5.028298
talent	6.97255	4.607832	6.7503986
source	6.0435605	4.1823397	5.6681366
lead	4.7872815	3.9995723	5.433838
question	5.3141823	3.9035006	5.5634327
publish	5.436851	4.0100813	5.714962
interest	5.9869742	4.056999	5.657173
serve	4.9364133	3.4654002	5.490691
divine	6.485852	3.9719396	5.7782364
put	5.62317	3.9192574	5.6950727
shadow	4.928719	3.4111621	5.1289396
practical	5.5626493	3.9159174	5.8986278
surface	5.1998954	3.2090466	4.9413414
account	5.744869	3.91024	5.625237
loss	4.5201154	4.41619	4.5928802
indian	5.0788517	4.937873	5.406329
vine	6.335913	3.7151818	5.8250165
certain	4.966795	4.483499	5.42741
sin	3.6016467	4.321185	4.3719974
necessity	4.2337594	4.321357	4.7229996
lose	4.7169523	4.478408	5.1639805
private	4.436349	3.6704504	5.223495
gentleman	5.6204104	3.5696607	5.3793945
daughter	5.457279	4.2113075	5.0017753
drive	4.155982	4.6539717	4.698249
strange	4.586877	4.841366	4.5268083
journey	6.0255013	3.737113	5.762951
uncle	5.809761	3.991743	5.9534535
species	5.423575	4.546135	5.1324654
think	5.459455	4.260626	5.499701
bed	5.3696427	3.3676865	5.389446
wind	5.0825534	4.053637	4.8770056
bless	7.3078804	4.0566344	6.3838396
destroy	3.8686342	4.9880424	4.7827215
author	5.635606	4.1876903	5.2818294
sustain	5.182543	4.002058	5.704748
black	4.5071664	4.438427	4.4965568
event	5.945206	4.4496856	5.060415
liberty	7.035798	4.9208612	6.172833
negro	4.407363	4.302267	4.558801
little	5.014007	4.1105404	5.035821
fortune	5.958633	4.2308946	5.524074
touch	5.5922284	3.7184134	5.486254
kill	4.413245	5.126404	4.8028617
feature	5.306175	3.8587782	5.455419
happiness	7.2558675	4.3471055	6.5339565
assume	4.1711936	3.672791	5.097185
notion	5.7439923	4.0140114	5.4836984
purchase	6.200823	3.7372532	6.4135957
faithful	6.2197886	3.6944127	5.999627
soldier	4.431801	4.443418	4.871814
father	5.656947	4.0942035	5.2769303
narrow	3.4459457	3.802207	4.361142
great	5.136986	4.106704	5.1065655
tear	3.949372	4.034846	4.5097475
honorable	5.512207	4.297962	5.8534374
previous	4.50379	3.9670737	5.038727
good	6.132073	3.6413167	6.0881376
domestic	5.0910625	3.705855	4.8903
glory	6.78741	4.518105	6.0516224
lay	4.8786507	3.343807	5.5575733
occasion	5.1576424	4.250772	5.003612
guard	5.0074067	3.8311799	5.306425
whole	5.1574855	4.0253735	5.1198816
mouth	5.066102	4.101125	5.4339156
receive	6.2046194	3.7780032	5.9837236
take	5.221046	3.7240536	5.6489835
simple	5.9461355	3.7397604	5.829982
error	3.4249225	4.4117146	4.1874948
wisdom	6.2010593	4.024989	6.1595883
rock	5.536379	4.241237	5.1976404
decide	4.9310904	4.1038523	5.5502357
exclaim	5.749728	4.7506075	5.7277966
assure	6.8833222	4.0329747	6.567115
sign	5.1294346	3.435473	5.275187
preserve	5.9839644	3.466716	5.9532843
commerce	5.5290895	4.3130174	5.5129404
plant	4.883802	3.826452	5.201709
walk	5.6344666	3.800262	5.9103456
difference	5.185424	4.002487	5.2563624
hang	4.7775126	3.814149	5.101275
following	6.613077	3.503883	6.044881
employ	4.909816	3.9238482	6.025401
