deal	5.0388927	4.3303304	5.117198
study	6.20511	4.059046	6.48713
afford	6.181343	3.9710963	5.7656665
service	5.633852	4.0083704	5.9946704
height	5.205858	4.262569	5.166395
prospect	6.8498545	4.3674955	6.0520473
pleasant	6.7978315	3.9616385	6.0490136
shade	5.058848	3.6381645	5.2534695
listen	5.189663	4.2101707	5.46
mighty	5.6520557	4.489877	5.510859
country	5.441643	3.6435838	5.553978
title	6.229476	3.7079868	5.943323
choose	5.3198195	3.6192932	5.774077
village	6.057007	3.9984875	5.52848
acquire	6.607133	4.490008	6.76707
rank	5.1033173	3.9896028	5.170062
bow	5.8711605	3.4503286	5.8524046
doctor	5.0268683	3.9681585	4.968591
talent	6.954899	4.6071787	6.7057242
source	6.028151	4.191595	5.6915574
lead	4.888875	4.0604506	5.527563
question	5.341135	3.8023741	5.462574
publish	5.355039	4.097297	5.731394
interest	5.9188576	4.0372972	5.7431245
serve	4.9862823	3.4837334	5.598576
divine	6.4073734	4.025398	5.6728497
put	5.5379934	3.8533452	5.6468353
shadow	4.917851	3.4755769	5.1382117
practical	5.5790257	3.897539	5.9776635
surface	5.20741	3.1781611	4.9824405
account	5.602758	3.9785385	5.549884
loss	4.563379	4.3582907	4.639476
indian	5.1445518	4.8574224	5.41919
vine	6.2664194	3.7172716	5.7580647
certain	4.8903804	4.5084753	5.3295946
sin	3.4517434	4.3648186	4.202212
necessity	4.210044	4.2878733	4.665438
lose	4.682972	4.4283285	5.1028943
private	4.485286	3.6309857	5.2564497
gentleman	5.6031823	3.5336363	5.3021626
daughter	5.46624	4.2912517	5.035781
drive	4.1272774	4.748824	4.6802964
strange	4.587739	4.8732414	4.557067
journey	6.139889	3.7771027	5.850973
uncle	5.9671154	3.8515093	5.9790235
species	5.2674594	4.5291386	5.064594
think	5.5215297	4.260873	5.5813246
bed	5.4257245	3.3636808	5.423547
wind	5.11208	4.1218324	4.9102626
bless	7.2745724	4.07699	6.3337054
destroy	3.867309	4.9917445	4.740189
author	5.586874	4.2522926	5.1932945
sustain	5.178352	3.901145	5.615412
black	4.358736	4.509594	4.529058
event	5.998974	4.3242126	5.0959215
liberty	7.01696	4.8904266	6.294431
negro	4.5318627	4.3621583	4.633445
little	4.989976	4.051363	5.043896
fortune	5.85923	4.279955	5.409215
touch	5.6787825	3.7137299	5.5696936
kill	4.490001	5.042788	4.8307624
feature	5.339868	3.9085932	5.4909644
happiness	7.1786814	4.291411	6.548975
assume	4.0401163	3.804236	4.9342117
notion	5.6355333	4.066337	5.4351497
purchase	6.2697506	3.7730494	6.464727
faithful	6.342597	3.7236457	6.1018615
soldier	4.532923	4.4500666	4.9873657
father	5.7215414	4.054439	5.1914854
narrow	3.5704677	3.788727	4.402913
great	5.06936	4.1805096	5.092764
tear	3.8485436	4.0626965	4.442853
honorable	5.57572	4.3078556	5.9379354
previous	4.4973664	3.9398837	5.001582
good	6.2180953	3.624606	6.1301312
domestic	5.116061	3.6607382	4.9787593
glory	6.6779923	4.507658	6.016844
lay	4.8006167	3.2849624	5.4324307
occasion	5.069883	4.2279725	5.0079417
guard	4.9728475	3.834568	5.3071365
whole	5.25531	4.0692506	5.1766744
mouth	5.1700587	4.113959	5.4986405
receive	6.234726	3.7575932	6.087332
take	5.1485014	3.8486035	5.7021055
simple	6.0686746	3.7305362	5.909194
error	3.491708	4.4140153	4.2174077
wisdom	6.2589507	4.101467	6.1643524
rock	5.530523	4.2621074	5.2088537
decide	4.9646955	3.96797	5.5288434
exclaim	5.807271	4.777881	5.7147913
assure	6.8598623	4.0721726	6.572115
sign	5.009845	3.511705	5.2375407
preserve	5.861246	3.439839	5.871215
commerce	5.595681	4.291876	5.5288267
plant	4.8274255	3.8338294	5.1745834
walk	5.634575	3.7724075	5.79016
difference	5.066923	3.984406	5.2336893
hang	4.7328877	3.7874959	5.052958
following	6.5836754	3.596203	6.041215
employ	4.9207315	3.8910384	6.0581903
