deal	4.924205	4.2127604	5.0698113
study	6.175976	3.9881668	6.5150394
afford	6.1730404	3.9441676	5.6781096
service	5.5994205	3.9319158	6.0065355
height	5.139815	4.260963	5.115153
prospect	6.8625045	4.3706903	6.0542717
pleasant	6.823313	3.902278	6.050387
shade	5.117012	3.6740062	5.260189
listen	5.2635274	4.1887646	5.471421
mighty	5.6242137	4.4659715	5.50624
country	5.399801	3.6421876	5.5418983
title	6.2949667	3.7755685	5.992934
choose	5.3977413	3.6199567	5.8395844
village	6.1081076	4.0186143	5.5386925
acquire	6.49866	4.478972	6.675557
rank	4.9991918	3.973829	5.092685
bow	5.888357	3.395134	5.892033
doctor	4.946902	3.9467537	4.972903
talent	6.8877325	4.5284243	6.6425667
source	6.0501375	4.2560897	5.642874
lead	4.8764744	3.9893155	5.502846
question	5.3271112	3.8663414	5.545055
publish	5.338233	3.9778533	5.673809
interest	6.033861	4.0215406	5.8190155
serve	5.06421	3.3961983	5.611107
divine	6.3922524	4.0940285	5.6716576
put	5.612466	3.8935542	5.707038
shadow	4.9072695	3.4617403	5.1545057
practical	5.6595125	3.8465312	5.9660783
surface	5.1664276	3.234808	4.914446
account	5.5706663	3.9653597	5.5734015
loss	4.467581	4.395298	4.6038017
indian	4.9823017	4.9084163	5.294876
vine	6.2990522	3.7100163	5.7609057
certain	4.893285	4.5315986	5.3879046
sin	3.5723681	4.3181086	4.3063025
necessity	4.1982017	4.277662	4.6970744
lose	4.6594024	4.5515213	5.1428404
private	4.473292	3.6553197	5.295759
gentleman	5.6539702	3.45785	5.3366976
daughter	5.4143567	4.2663984	4.960356
drive	4.1354265	4.637682	4.6328626
strange	4.5896244	4.8653526	4.554242
journey	6.0948524	3.7707071	5.84525
uncle	5.7376747	3.94665	5.863771
species	5.4626255	4.485196	5.186632
think	5.373851	4.2706466	5.4335403
bed	5.393093	3.3368416	5.378998
wind	5.07784	4.040281	4.902207
bless	7.2472057	4.022202	6.313732
destroy	3.961416	5.0218925	4.759891
author	5.5978804	4.1979475	5.2793436
sustain	5.1289024	3.9422379	5.660562
black	4.4746766	4.5330067	4.606432
event	5.9322195	4.4043694	5.0947914
liberty	6.9434643	4.8427477	6.1626077
negro	4.3929796	4.350588	4.544465
little	4.870333	4.092669	4.952127
fortune	5.903116	4.2278986	5.4555807
touch	5.6084557	3.7142642	5.4807854
kill	4.5284867	5.119047	4.8528576
feature	5.3361263	3.873074	5.5116816
happiness	7.2564955	4.3139033	6.586253
assume	4.10253	3.7419672	5.0573564
notion	5.6468563	3.9680564	5.4615927
purchase	6.1895275	3.8211033	6.376668
faithful	6.2569103	3.691959	6.0591636
soldier	4.410674	4.4409914	4.924609
father	5.6736107	4.0864515	5.2413297
narrow	3.4694939	3.8795698	4.338314
great	5.047053	4.0997763	5.131877
tear	3.8527842	3.960746	4.40376
honorable	5.6565657	4.216238	5.948765
previous	4.4820056	3.9898105	4.993925
good	6.037508	3.5895467	5.977639
domestic	5.0327206	3.6514502	4.961411
glory	6.7571707	4.4461236	6.033635
lay	4.712279	3.3259335	5.5080132
occasion	5.103039	4.210699	5.0175114
guard	4.797424	3.8329544	5.194289
whole	5.1819286	4.0644884	5.2031927
mouth	5.123639	4.2014437	5.454362
receive	6.33021	3.720965	6.1444664
take	5.304206	3.6771312	5.675296
simple	6.040667	3.7472334	5.8748837
error	3.4700747	4.3580503	4.1860895
wisdom	6.2819934	4.0687594	6.140188
rock	5.5498457	4.2166176	5.1978292
decide	4.9932137	4.0155897	5.5415764
exclaim	5.7870207	4.7832365	5.684454
assure	6.7450724	3.9818418	6.530115
sign	5.106227	3.446433	5.3299737
preserve	5.936243	3.487338	5.946041
commerce	5.585575	4.3070154	5.556615
plant	4.9109654	3.7863333	5.161972
walk	5.659446	3.7677007	5.860857
difference	5.023046	3.9406836	5.2378926
hang	4.7438645	3.8112457	5.108861
following	6.5825024	3.5650787	6.067513
employ	4.891527	3.914362	6.0213914
