deal	5.0678515874934105	5.012801691677542	5.131643036453146
study	5.293783346470058	4.916855278152459	5.272910218735472
afford	5.203147948847996	4.949386132059934	5.246313094457548
service	5.197337330437956	5.017174751573152	5.307260354358117
height	5.1031649320033585	4.875849217198182	5.070998043172137
prospect	5.186991829903617	4.999183769232388	5.193066778064931
pleasant	5.262934627619761	4.854871753070142	5.003348235730467
shade	5.162378029050958	4.84761813425086	4.976067604425079
listen	5.046274644172423	5.071352644751822	5.054079884812595
mighty	5.037143944526644	5.035498952929298	5.1048285613416775
country	5.147404956169896	5.0200630148432905	5.299590277444096
title	5.236367839985922	4.966957618556702	5.368101184336702
choose	5.163018541436411	4.952869410954018	5.233363159044813
village	5.173954463837785	4.914096176612753	5.101011343044072
acquire	5.238762825909913	4.980573294791907	5.330861020518051
rank	5.158281539706036	5.059721783442556	5.300265240427181
bow	5.073556940449833	4.962746543767212	4.999858364182203
doctor	5.024532333710774	4.989194576765178	5.023469541576197
talent	5.269001281063925	5.027899633035522	5.352645451174974
source	5.200321774353662	4.977248811301452	5.282960223064005
lead	5.0816281956504055	5.0328290718199025	5.175952570608944
question	5.079884880235323	5.0445732479466	5.2908942272311705
publish	5.253453334428336	4.944187231069817	5.360592111358079
interest	5.174090239835738	5.044290845413445	5.32188888764459
serve	5.0788192340118785	4.965153505075957	5.120081940863247
divine	5.157509803599796	5.013774028935341	5.271877639097486
put	4.98154746829223	4.929595750478799	4.972085410260091
shadow	5.081670153211188	4.923210455624145	5.015090252267095
practical	5.204299328133979	4.984019997072427	5.358360922463267
surface	5.101352308577076	4.810563787881939	4.990031086112895
account	5.120866352356971	4.988327743257272	5.2252630939382625
loss	4.9708186004786326	5.0945737530685085	5.154284645355714
indian	5.002247621081314	5.032125878129898	5.146420799049268
vine	5.161655919299411	4.792108351178161	5.035489965302301
certain	5.073707161534416	5.029728501832868	5.2376987364750915
sin	4.891426121722903	5.121020785801436	5.1092003331606675
necessity	5.03250317371253	5.077633031118922	5.284902225538409
lose	5.009428692119951	5.0610975909762965	5.082385816264639
private	5.124758462763041	5.059571140644566	5.307209920836679
gentleman	5.1665235342265	4.965097420533955	5.141072101081133
daughter	5.059285695831989	5.0510722875359395	5.0899672054590654
drive	4.874626572406678	5.095307654564943	4.985795504128631
strange	4.991810071473237	5.051932970843118	4.9927643117633265
journey	5.163350726402431	4.944982693030706	5.07334149691122
uncle	5.124730004516805	4.944514875142331	5.031552337468479
species	5.080295414201292	4.945092646023928	5.167393020688689
think	5.054877173788833	5.035062797044796	5.093243158125731
bed	5.020622545798295	4.839498587632918	4.8347413787132085
wind	4.976121184485882	4.960561138051463	4.91440156490859
bless	5.101964369195613	4.965445793933254	5.030231938846344
destroy	4.914245538753057	5.094051716867595	5.142518645988648
author	5.234616693369284	4.99356477028778	5.31813214167376
sustain	5.071170329466104	5.054641460225873	5.280090450876814
black	4.9869353334227	4.865790152752099	4.874546821638405
event	5.11081328565107	5.092790867341263	5.297437817831011
liberty	5.101787054897586	5.114212610547684	5.3454088486141895
negro	4.966477772123855	4.970857782859484	5.003546657468466
little	5.127852709509973	4.907080342714743	5.027900112789732
fortune	5.107826145859854	5.079632448699958	5.191045440441342
touch	5.0732088735628	4.97939744101816	5.036662615814209
kill	4.8028582139721205	5.088519780998072	4.924427213767055
feature	5.137619515120295	4.953567003806374	5.120904163955522
happiness	5.147730515294257	5.075855439167232	5.252076364500574
assume	5.10492455123629	5.0323776903962925	5.237718147495462
notion	5.1008367988059025	4.996649217267034	5.184201049094802
purchase	5.1776754657898065	4.883386855260751	5.1756544605374
faithful	5.150378958338533	5.062579955195094	5.252347355562066
soldier	4.944984404284972	5.158972815885063	5.115488960977789
father	5.004950351607637	5.059211581286614	5.076647357114948
narrow	5.039142314840181	4.905100469879921	5.031913009693949
great	5.142807061754763	5.013250870982873	5.266566770578128
tear	4.9351055804839135	5.0095014112386655	4.902561495446825
honorable	5.153897099671967	5.113233767780665	5.38210926254132
previous	5.12346119744426	4.977153530582936	5.226095619531767
good	5.117353616213626	4.999456182758471	5.147396132185877
domestic	5.17476671788902	4.9654103641193075	5.217803705949465
glory	5.192657082308598	5.015335324070953	5.2123803035538465
lay	5.021646206589207	4.906546392646782	4.978504187458577
occasion	5.099696701112301	5.061264585484764	5.233053230262478
guard	4.934634493590933	5.110764693513385	5.105973462491101
whole	5.098210148839189	4.963235789155369	5.176189796314273
mouth	5.006486411229451	4.886208198796744	4.878604482413426
receive	5.160257584096014	4.986035359736136	5.2444807535295475
take	5.033858477388193	4.981991176058872	5.083072716520799
simple	5.1930787056237095	4.90643871461134	5.174400957451861
error	5.008104904522888	5.099367671410493	5.284710842074088
wisdom	5.130790169626832	5.079994090943476	5.299554019089864
rock	5.003315798582647	4.898802501691112	4.928686340817826
decide	5.091326645582554	5.076241233054599	5.327121005136009
exclaim	4.936040864950046	5.064858587639524	4.919997405852355
assure	5.090279983677861	5.070834145304416	5.183570637725155
sign	5.064413967216766	4.981772617656912	5.141325507407209
preserve	5.151296551207254	4.932932599519686	5.194802941602584
commerce	5.161974366525971	4.977695941794102	5.303538223329728
plant	5.139114050926468	4.804769908291405	5.0320223312954555
walk	5.150660676975275	4.8716792195244585	4.939781836065977
difference	5.112339788508867	4.96113530314147	5.236824131174443
hang	4.979715310475757	4.892800293262463	4.851268925044557
following	5.259893497988574	4.8780949337810755	5.257992323694192
employ	5.152663226423683	4.931668248020909	5.224160535006747
