deal	5.0485337135308725	5.018124488336923	5.108523661700739
study	5.2831680854236245	4.921760804313099	5.257651579133914
afford	5.187963058160284	4.956508113829433	5.227765866552849
service	5.1854295650706295	5.029800041771769	5.295950814846868
height	5.081495099514556	4.88727280900529	5.043308509618517
prospect	5.158137570975908	5.006519096681774	5.169626674387014
pleasant	5.235776721775316	4.855985194340302	4.973134302782306
shade	5.133599873685411	4.862478801982699	4.948278723941818
listen	5.026056786189498	5.07996531867423	5.029376664181581
mighty	5.005922759783877	5.05006563445967	5.078639864386232
country	5.126736286906446	5.026388762600004	5.280032049840078
title	5.234177781995284	4.985920425047395	5.359703683866201
choose	5.147143105692877	4.965065811437688	5.210659749242383
village	5.148238041278228	4.923020511060706	5.076506577056398
acquire	5.223717880581734	4.98457670693258	5.311079735867763
rank	5.141913739266626	5.071193926156689	5.281034096208052
bow	5.050626214411907	4.978403694610009	4.976046030064379
doctor	5.003482194995557	4.9976065390414615	5.001060932120025
talent	5.254923688190282	5.029194327324264	5.3317596965241565
source	5.178443371742781	4.986645226038634	5.2655219605236185
lead	5.0599497676625536	5.041853789340131	5.1520447977822155
question	5.06481466767242	5.05262448649539	5.269389535290884
publish	5.246122813358643	4.954527829780353	5.349622416744941
interest	5.15725897514779	5.046488534793702	5.304033006286151
serve	5.060103126608049	4.9790382981896695	5.099326352275454
divine	5.137718629269501	5.033691275649491	5.258160372398578
put	4.960889643479495	4.942098000674906	4.946901236070626
shadow	5.052163299689049	4.941599924030113	4.9877081350373125
practical	5.189276612015584	4.9868251174145755	5.3382809060777
surface	5.069755038103016	4.820376483391631	4.956336740090461
account	5.1068805168514295	4.995172943613709	5.208349545882946
loss	4.950995950841561	5.1040508602820625	5.136749071080106
indian	4.979474785197675	5.047368386108694	5.123290143699792
vine	5.139923558098417	4.802009901278043	5.006529702334858
certain	5.057336307026942	5.037895583434322	5.215279254110101
sin	4.867483236379048	5.144311437439098	5.0935904492019635
necessity	5.014089403716819	5.086671533072835	5.2644249108242205
lose	4.986824026192505	5.072491297998076	5.059921475633278
private	5.111938781727338	5.0673821687315215	5.29266701794289
gentleman	5.154213056515985	4.969838703918486	5.119161176386898
daughter	5.042657367204392	5.071063025898874	5.07587235542169
drive	4.844942136718978	5.10682284978253	4.9572076022417395
strange	4.969282360402195	5.063395495136761	4.967117117536833
journey	5.14078680150763	4.955645893550293	5.054537438627552
uncle	5.103453301896596	4.9557972343014	5.010512185317647
species	5.065810124994442	4.948392667599527	5.144777272472431
think	5.03542711819207	5.0439597937009	5.068851854383206
bed	4.991482455798652	4.857951016923791	4.810211280194512
wind	4.93945619653834	4.9698594703790935	4.878494523227654
bless	5.076900563117621	4.986932270344663	5.013881731975359
destroy	4.889324773568772	5.110955602522649	5.119344820412452
author	5.226974080106615	5.001426503094301	5.304487970535709
sustain	5.047808228293586	5.0646468857412925	5.258787683704928
black	4.959374501285763	4.885082760543708	4.846945541558293
event	5.088984379553184	5.100301437266051	5.278193931781098
liberty	5.080042166625164	5.1240713513407545	5.325526934669023
negro	4.943484632904888	4.981612700139567	4.980344190510504
little	5.107952452671505	4.914181227702998	5.00204608095496
fortune	5.088556069197997	5.090454781148066	5.174258701464241
touch	5.052083178860517	4.9893568597154605	5.010673124102082
kill	4.781769600109495	5.10681745462161	4.900307490386528
feature	5.112186306012367	4.964806592347154	5.092895412621933
happiness	5.124526266649978	5.085522599228475	5.233553577458993
assume	5.085523841806515	5.040579403826088	5.213731669455194
notion	5.08131590912469	4.999669594554951	5.154945299453806
purchase	5.16992823404596	4.899196189549036	5.1678053056700355
faithful	5.132366301793069	5.080199710526081	5.239452097525606
soldier	4.924396312972436	5.170974500163987	5.0921835715094295
father	4.983442472083643	5.081779857756352	5.061667774408785
narrow	5.0136981226089015	4.9184118784000175	5.0039839867894385
great	5.1248455598694385	5.020168287687798	5.246463287254499
tear	4.902481490389803	5.029248595985128	4.87928064118663
honorable	5.140930678697643	5.125875452640771	5.3686094960279895
previous	5.104145086774276	4.985244013474601	5.20646353136622
good	5.0976476615083826	5.007946889096923	5.124888615410189
domestic	5.15594899605291	4.967466384648205	5.197154994505873
glory	5.1655981650664184	5.032520682745806	5.193001726004194
lay	4.997030056444982	4.926246230375964	4.9574557026962465
occasion	5.080244102285255	5.063275595211714	5.210514110621627
guard	4.914433692847824	5.12850866281941	5.085137332398794
whole	5.075662457527092	4.970837621921	5.151453864765525
mouth	4.975105349785061	4.898622699694706	4.845797995844431
receive	5.146891840963324	4.996709211764257	5.229413166219266
take	5.013877231429017	4.9943602235182984	5.0609622716883615
simple	5.177966800641046	4.915157912443005	5.151855679242504
error	4.99116964679335	5.110310764660572	5.265415798805154
wisdom	5.111073178230646	5.094401441899413	5.281147537450448
rock	4.968065806298459	4.916469442373164	4.896942212147377
decide	5.074740823742213	5.083721818707311	5.302888901139822
exclaim	4.911661617419447	5.077249533456591	4.895398971650747
assure	5.074894424857463	5.079624481208351	5.162554805691794
sign	5.046536436614172	4.998988782804765	5.121024659369183
preserve	5.130002740139515	4.947519188286284	5.174133204482824
commerce	5.142058914655541	4.981337310292243	5.282976926461221
plant	5.117477124928145	4.816731455500818	5.003883599701217
walk	5.128958262571472	4.881491051139961	4.9137268989808485
difference	5.0967945120505265	4.964190531448778	5.2123440974372794
hang	4.955195064017747	4.9147554300802705	4.8257945985893365
following	5.247879675647449	4.886887267922018	5.242755978286238
employ	5.140114091541584	4.936747658357991	5.205900656313762
