deal	5.04817470211204	4.987403605745721	5.097641214718778
study	5.281188408471395	4.885261032160764	5.236558615400919
afford	5.185099865846635	4.924225163688916	5.212693898781085
service	5.190395021920561	5.005744775233359	5.2860839614683615
height	5.078195115877277	4.851925042213383	5.033042944164507
prospect	5.167900023636892	4.9713111203320075	5.16603763598463
pleasant	5.23810517798037	4.821860406980733	4.973121839073957
shade	5.1369452382734195	4.824422854615882	4.947449765054309
listen	5.030915974611888	5.040662402276054	5.027684649338168
mighty	5.016974657357473	5.009464460428062	5.073533173672559
country	5.1315901313921986	4.995509404530451	5.261387044838442
title	5.232165894998832	4.947656268312266	5.333818249650788
choose	5.146880855459198	4.935200821214355	5.199666319796898
village	5.147787782100007	4.891895456262436	5.069586670109466
acquire	5.225902131228426	4.950766981788457	5.291174997867032
rank	5.142453811172051	5.042584635732581	5.2672966560588605
bow	5.058530155253911	4.94522097290434	4.979466773530952
doctor	5.002660343528631	4.966456538661168	4.994061213403746
talent	5.25463604700894	4.997199167866451	5.314777822034919
source	5.185274635815959	4.944798204505588	5.245383120839161
lead	5.065189238885575	5.006397810638654	5.1432654829735265
question	5.063356540161969	5.019262930029138	5.251146443840264
publish	5.242533432532952	4.918522314862774	5.320232989811144
interest	5.159618121530756	5.016906110422359	5.288156986458069
serve	5.061113730126299	4.948716752669036	5.089294484133455
divine	5.149805346208776	4.990275416296166	5.243402241804814
put	4.957310499891061	4.914446634391883	4.9421735657094
shadow	5.057954420222676	4.897708798170929	4.985305239604141
practical	5.18760500214586	4.954637006501136	5.314623004572455
surface	5.067541372154889	4.785955806417782	4.949419778345826
account	5.1027305198736315	4.96268154512177	5.188203386657332
loss	4.957979009343089	5.074105420728158	5.12939387482064
indian	4.982108390266063	5.016094137001357	5.111067852551977
vine	5.137298239856081	4.774480671293278	5.002422896278835
certain	5.054780425561526	5.00271824595236	5.197423778257609
sin	4.885012978140223	5.10210014987962	5.088189843098586
necessity	5.014806591889217	5.057335895592647	5.250236616858954
lose	4.994735455289371	5.034186693561996	5.056238640606591
private	5.1101333864935485	5.040918129453527	5.279145198017082
gentleman	5.146744612919119	4.943987469738241	5.110238093429678
daughter	5.054933151875175	5.033245436283231	5.074170479468318
drive	4.850131190871648	5.075155293122094	4.959614024875488
strange	4.9707210627189005	5.018680483790988	4.960368159599421
journey	5.146954377758456	4.919801839325454	5.0512489934173095
uncle	5.1109180198430195	4.920574755633611	5.010254533749568
species	5.058992380158609	4.919830646071415	5.12611884896561
think	5.038166778902676	5.004809035868231	5.061876415673507
bed	4.991508972916418	4.825313516183753	4.815448548850192
wind	4.945593469674513	4.9357281852026125	4.884796890862326
bless	5.095955957811685	4.948487183336041	5.017009671180522
destroy	4.897435574207036	5.07554308664988	5.10972787969132
author	5.224856594085017	4.960337534797774	5.277853470541684
sustain	5.056587109183842	5.034362677346607	5.247362960980789
black	4.956414763989762	4.8531826114087915	4.840836834971297
event	5.094043941365223	5.061795072772741	5.260842443573792
liberty	5.090349009362214	5.091605217450844	5.311199873037648
negro	4.941548124473962	4.953796995481714	4.973371430055781
little	5.104901252139589	4.88062772132946	4.994797892371595
fortune	5.098309489815136	5.056247455347305	5.169337656414813
touch	5.056029792570637	4.949720218773342	5.0058342321707086
kill	4.785889538923286	5.073561290459754	4.899771529163665
feature	5.113602944199911	4.923346489193459	5.0817817819942865
happiness	5.138076702445997	5.048216277782739	5.227145581394542
assume	5.084207720514958	5.007506081343179	5.199278915416311
notion	5.075213276416926	4.962770173131373	5.1361634491273325
purchase	5.168781049992937	4.872212201444682	5.155137457099111
faithful	5.147365045447462	5.0440265726295745	5.233147158125142
soldier	4.928400555133709	5.144937523838306	5.092507430289992
father	5.000498172357332	5.042409970132515	5.061088413084933
narrow	5.0108497661686915	4.8819708127831944	4.996954759620086
great	5.125882098346077	4.987129900531408	5.2278971481059
tear	4.919406990841501	4.990888021945555	4.885826847499957
honorable	5.149122729525616	5.097088482549744	5.356269823528523
previous	5.103615876335026	4.952836935610679	5.190951075707229
good	5.10090615879924	4.97687929535186	5.116948182508348
domestic	5.156959249190583	4.941220813793687	5.183590703527459
glory	5.179905300906022	4.991938167255602	5.184487199792515
lay	5.0007525865484945	4.892062314165739	4.954358219179178
occasion	5.079036903306946	5.036496811249879	5.19933050484391
guard	4.917987667194494	5.100817421746875	5.086417722908882
whole	5.073611297529707	4.9389375417993495	5.13605035255107
mouth	4.975334267085789	4.8645218207974805	4.845284535314192
receive	5.148644138893573	4.967629780960881	5.215658121306768
take	5.013557899730537	4.963955990458287	5.053634000463595
simple	5.1747455360744645	4.876978937433497	5.134969327208413
error	4.994376444401328	5.070745153441851	5.244237493155172
wisdom	5.121836941218216	5.054816319616628	5.267589546819471
rock	4.974160404029108	4.878712231829964	4.899062334388958
decide	5.073674660783117	5.051732270611598	5.288638807737503
exclaim	4.917489289862449	5.041110662857872	4.8996639221026665
assure	5.078506328866807	5.0442300429903995	5.155137943314606
sign	5.046023620962177	4.960726405132897	5.1074857089480785
preserve	5.1342284713661845	4.9126397893317035	5.158174570600444
commerce	5.14200188284706	4.958597320715208	5.265064144506922
plant	5.11597278140123	4.785977864067256	4.996649819417564
walk	5.126069005287598	4.8474792991080164	4.916972424010514
difference	5.091891694109193	4.93297195844231	5.190155037285176
hang	4.954634196739098	4.87906711648783	4.829983859745037
following	5.246047614427024	4.852472576088444	5.221685930473053
employ	5.131762568244552	4.910186974960464	5.186414570978055
