deal	5.040789920638951	5.010185968058542	5.121006381124565
study	5.271870356745877	4.905959872337887	5.255597261400754
afford	5.176739275075259	4.943195297769785	5.2285666750846005
service	5.1766841355454	5.01805488944162	5.293699797483416
height	5.070233599975916	4.876918222525053	5.057246050022543
prospect	5.150345413889372	4.98752314440415	5.172309068057225
pleasant	5.226696097212159	4.837508978169489	4.981497830585673
shade	5.122085581779323	4.8407641250844735	4.957566448665778
listen	5.006859906031366	5.068915750963602	5.0425740887560915
mighty	4.999386621752257	5.029262358031333	5.093268236650872
country	5.120196365349464	5.011908259831283	5.279964978874953
title	5.217601952174594	4.972782830716911	5.353846412582022
choose	5.135471506797009	4.955158971592839	5.214190983391977
village	5.1417525901103245	4.910064558919474	5.080608922858187
acquire	5.218263909344851	4.969542609558985	5.311190336733443
rank	5.130673564407991	5.058465063595772	5.284724172575016
bow	5.044729721438473	4.967631098445635	4.995454971879966
doctor	4.995390393702584	4.993685314100718	5.011387583043869
talent	5.244611674927589	5.015946990912148	5.334832033020743
source	5.168679269533163	4.96649864706827	5.2633135481604105
lead	5.047778945224673	5.030253839995564	5.160495519903815
question	5.052963896335189	5.046281303885158	5.273847740001882
publish	5.230758314229192	4.946456730053577	5.341643616815753
interest	5.146770617124933	5.033826161387914	5.30366337195921
serve	5.049851229426499	4.968543309461739	5.106905300059079
divine	5.1251608588254705	5.008461935306652	5.258111744002943
put	4.953324537035652	4.9398763705080055	4.962708702542898
shadow	5.039478723293197	4.920112796183275	4.999420689878048
practical	5.180915522805291	4.974530349398625	5.338988404559527
surface	5.066543566858658	4.806248248351479	4.971568267543797
account	5.094417842446823	4.989262821684636	5.209977020054432
loss	4.9375396301310035	5.09613669570236	5.139725503712696
indian	4.972826779953265	5.041348286506191	5.131073640265561
vine	5.133534602655349	4.7885813788585025	5.014796019108825
certain	5.044018757415058	5.02669140174208	5.218973542007766
sin	4.854747357328362	5.123246476437535	5.101211341575013
necessity	5.003691217883431	5.075607056394972	5.266703919122115
lose	4.972995910482316	5.058586924849611	5.069060776052193
private	5.096467552347593	5.057125925006379	5.2900802692267375
gentleman	5.141802004759196	4.967867846051314	5.127612042879463
daughter	5.027825050423876	5.0568730740994114	5.077679164002321
drive	4.83381760239988	5.099880605979514	4.973320128242988
strange	4.947714565018861	5.049219817815204	4.97728121319327
journey	5.130695572551259	4.943741503358536	5.058220005016346
uncle	5.099015106925356	4.947613090208505	5.01887909517172
species	5.052985018291595	4.940344378290357	5.149808874459347
think	5.020672659659303	5.0318805932848525	5.078644911884708
bed	4.984347044194172	4.844464766992584	4.821583249223236
wind	4.931827420516211	4.9575547883524465	4.897134311640079
bless	5.0677057163109955	4.964521784089436	5.021265195483512
destroy	4.877291519386711	5.095362920497182	5.124670088318312
author	5.207509076875337	4.989181448519114	5.301112232215174
sustain	5.041801328428684	5.051548742843361	5.262574518434362
black	4.954752821363262	4.879383123611876	4.863974635703319
event	5.073931834288835	5.085295411605822	5.274242062371427
liberty	5.0706796340546125	5.104526194276823	5.32286498581718
negro	4.938972109930231	4.979266435374226	4.992744493139877
little	5.098935577289466	4.904138374020133	5.013709857043946
fortune	5.076463585378957	5.076241592383276	5.177245916512946
touch	5.037601770658609	4.97685576065945	5.024079892099348
kill	4.764957321809572	5.1054012860567095	4.91385995663985
feature	5.102307333634031	4.949605283958577	5.102639149454167
happiness	5.112215264621587	5.0614412855941096	5.231621601540712
assume	5.075643647320191	5.029995153705812	5.21985590187509
notion	5.074612109715798	4.989825564103192	5.168738236487079
purchase	5.161520368022738	4.888734794712809	5.165537887968941
faithful	5.121435977772314	5.062648717736273	5.239999028099812
soldier	4.9082382897383985	5.165051615674832	5.103646044945151
father	4.973189020119463	5.0666678518380435	5.066799053610554
narrow	5.004703116965625	4.9044235490761015	5.017687353281514
great	5.115389825721859	5.008192971014008	5.251214850746563
tear	4.89258522212434	5.012836601261425	4.8912305001828384
honorable	5.1288369505725395	5.114208808806357	5.366512247387386
previous	5.093197922321743	4.976430534541421	5.204014909277474
good	5.08915084490363	4.996387865974677	5.133342226016192
domestic	5.148636265652511	4.9529494705447785	5.19712236213833
glory	5.154895348148742	5.00578698458039	5.197459197882467
lay	4.990623024800915	4.913741462416387	4.969509936147991
occasion	5.067177482889524	5.055890673997476	5.214297184009663
guard	4.89934191166639	5.120965495277134	5.094853606348215
whole	5.0683542996221895	4.9602706214569565	5.159522397212329
mouth	4.971843217453698	4.8950326420270835	4.867503490024353
receive	5.135914580263048	4.988829633589033	5.228444783185761
take	5.003695909609152	4.988400558805586	5.0685509052543924
simple	5.166181348130041	4.898593754639978	5.158854436143381
error	4.9738520068405565	5.098473581962755	5.267008729575252
wisdom	5.099167641143232	5.073718615160606	5.285537544935263
rock	4.962608097516208	4.902189992366444	4.915569801779752
decide	5.061772885690904	5.076672494641708	5.306966652512405
exclaim	4.897419711806754	5.0734354334856215	4.913624912859619
assure	5.0610783027437485	5.071206457726394	5.171357550437614
sign	5.033616877495094	4.98951810582492	5.127899985113837
preserve	5.1231846198076605	4.930560927715253	5.176138924778142
commerce	5.139086741945079	4.972003174015879	5.284312432843244
plant	5.110774347618442	4.801419228617915	5.01273581236878
walk	5.117565501674511	4.868298022937602	4.927663087246015
difference	5.086175740186315	4.955801693806198	5.2177634055932804
hang	4.942896368053228	4.902520458297843	4.843164362431363
following	5.235170835130958	4.878750189820175	5.237741529422962
employ	5.1325436612893505	4.930558228314723	5.210490619693139
