deal	5.040789123999314	5.0253631093815185	5.101866280223783
study	5.272363156097941	4.9276402828887464	5.242139565707356
afford	5.174275596932552	4.959299399067409	5.21505780446311
service	5.17655250426078	5.032883616942201	5.282357426751692
height	5.063927121922637	4.886775063811601	5.035626332153189
prospect	5.147371055982281	5.00811325808815	5.1617572042747035
pleasant	5.227206185290496	4.86119728067891	4.973268284223301
shade	5.121529945804736	4.86073796887686	4.948252664832965
listen	5.020678696446832	5.083607697315385	5.0309996276932285
mighty	4.9991251090830655	5.047813877783966	5.077845847845394
country	5.111416039544672	5.029053946242055	5.264774008946821
title	5.212260041141878	4.9842361800095105	5.335459739385492
choose	5.13630942612384	4.9652989271240555	5.199982453117994
village	5.142347457510348	4.924142822652124	5.073479306395059
acquire	5.207978173901166	4.989550522684533	5.293047857198992
rank	5.124674807452982	5.0745922345164605	5.268890471637179
bow	5.048000709132899	4.978224310667274	4.981394969007679
doctor	5.004047747475701	5.006599857340508	4.998543870576155
talent	5.236797545384834	5.037007819464239	5.315144037300613
source	5.163457809276035	4.987563431627891	5.248664726454068
lead	5.051377288264686	5.043782774441469	5.146131444789456
question	5.0516916586095535	5.055868791439229	5.254221712999308
publish	5.230463525623135	4.955071323351111	5.324489988516073
interest	5.1424922356350855	5.052177399931828	5.289554499455159
serve	5.050180993400533	4.982419288058325	5.091529012384264
divine	5.12896369690289	5.029271494327617	5.246006257121941
put	4.954948079293279	4.945258320467295	4.943199459635912
shadow	5.042226798220849	4.936866594080891	4.987417361296088
practical	5.174217957889675	4.991481838017816	5.318486351428969
surface	5.058582253846862	4.8184060052498445	4.952733866977405
account	5.094155532454821	5.000149625507299	5.19373942128056
loss	4.940756905980401	5.109187091939124	5.126139699603273
indian	4.968879572100351	5.047459931994975	5.115309166357849
vine	5.129552835431027	4.8015357518907775	4.998966963247046
certain	5.041317402455096	5.040145495346867	5.202258282913361
sin	4.869402632799696	5.141900870954463	5.08969422233761
necessity	5.000716964855544	5.0896437801912295	5.2513359086875875
lose	4.977251826993065	5.075016793397697	5.05517433152717
private	5.097543179638528	5.07232161136091	5.2782532000763895
gentleman	5.144486927360303	4.979142622153577	5.112976111325176
daughter	5.038383984762145	5.072980016554915	5.0697305969019055
drive	4.839699928629778	5.110354044590054	4.961371548921817
strange	4.958129209750209	5.0658374730887505	4.966436946799379
journey	5.136968914983365	4.958060043902764	5.051217308672831
uncle	5.104895027692437	4.961457328497777	5.007990763039652
species	5.045550902976663	4.952129305614371	5.131202449065819
think	5.027826115844615	5.048402617749905	5.063953492309093
bed	4.993753487215357	4.858062203150536	4.8170378598990675
wind	4.933445861171851	4.970792730089336	4.8831337914556325
bless	5.079244195798385	4.983855326831518	5.012806163613123
destroy	4.878336906870716	5.109916887544304	5.110123900028044
author	5.208603182355918	5.005664083329606	5.284007681813721
sustain	5.036254309550965	5.065165281323907	5.246534986258133
black	4.9532131442123015	4.884636207435917	4.8491461586811715
event	5.073795984068313	5.10340166227331	5.263114631879281
liberty	5.0656687783021725	5.124990129379902	5.309674111877162
negro	4.944536195855547	4.986228369641398	4.979591402184986
little	5.100100924750177	4.9194646648729154	4.999052858896
fortune	5.077000833951461	5.096508455961014	5.16498257107923
touch	5.042412111078627	4.991914359780427	5.009131417908167
kill	4.782123290097371	5.110442999704436	4.901926626968706
feature	5.095276644330703	4.965252603886528	5.087869245328868
happiness	5.113556554509675	5.0882931195226755	5.222306052047696
assume	5.067793060283888	5.043217146897961	5.202617016372788
notion	5.069752540203597	5.00599580626776	5.14648335902524
purchase	5.159969967344782	4.8990748778182525	5.153625257458185
faithful	5.129331322782312	5.079475049142379	5.230175974211876
soldier	4.914251259816919	5.1755685608401265	5.089279534971344
father	4.985445110106257	5.081144894838565	5.0587774410426185
narrow	5.001850910584002	4.916704950046989	5.002016757775853
great	5.108456954733715	5.024161408705843	5.2329388406446915
tear	4.903434246860519	5.02885859228621	4.883968845579607
honorable	5.127542814603134	5.128739823868335	5.351160564930971
previous	5.091828544499909	4.987760363621363	5.191762911506011
good	5.090002519894422	5.013793088384014	5.116941803061273
domestic	5.140757960327247	4.974401908924581	5.1845891177560866
glory	5.149543484732224	5.029791827054215	5.1837783989918105
lay	4.992127418172923	4.923432933708154	4.956865056601026
occasion	5.067020525193383	5.071442282527472	5.2013150709226235
guard	4.908416338318631	5.128676106178939	5.082534216901566
whole	5.061658639511389	4.9726286526008785	5.141528591123201
mouth	4.969905593147614	4.900535915238065	4.849156277835889
receive	5.136520778632535	4.9980437366509705	5.216017668502362
take	5.007039304135233	4.997637208038653	5.054896343256356
simple	5.164031902570196	4.9167633000714845	5.142391937016985
error	4.976593154484885	5.112477400417398	5.246932348048319
wisdom	5.098437912725837	5.0950048474742875	5.2680162010695675
rock	4.964860154500328	4.9120048229436595	4.9014731996278
decide	5.059799466799036	5.086340708903646	5.2875905240870145
exclaim	4.912436737256686	5.0824640625635755	4.901339078225642
assure	5.066563298795657	5.083074710521214	5.155851346562158
sign	5.0377134631692	4.996735206685017	5.113636482425744
preserve	5.116228938377386	4.9471951964236425	5.161414532400096
commerce	5.123167543294199	4.984541381357727	5.266019152542356
plant	5.107639761760828	4.815924932869864	4.997433054263478
walk	5.125529764239413	4.8842029962320614	4.919171491348434
difference	5.077902862504335	4.970196629540347	5.195701852626502
hang	4.949947229801595	4.9124346927358395	4.831543392684862
following	5.237170013264414	4.886561585177963	5.224443595548472
employ	5.1262556629575915	4.941567238552739	5.1926809736360084
