deal	5.0077691584202295	5.02272133506929	5.103874634189242
study	5.237025500996813	4.918369550961184	5.234656139411332
afford	5.151453168164501	4.95707883003816	5.214041553111557
service	5.154133657918134	5.035144945169301	5.282862131756346
height	5.045290960775514	4.879456633017986	5.034457167992175
prospect	5.131925922643319	4.998355158211194	5.161331898895157
pleasant	5.202503025555652	4.8382531668740585	4.964905884002499
shade	5.099169955449716	4.84472987708033	4.9392116389369205
listen	4.98222497477982	5.072418324053302	5.021009487649042
mighty	4.977311458582052	5.041559815133631	5.075508870277272
country	5.094114022001234	5.031735977041839	5.270547148741599
title	5.187527598037873	4.989944309778697	5.3376721212849905
choose	5.113829885948429	4.966415613585055	5.20037411515103
village	5.125946994326805	4.911397420254345	5.0687834855008065
acquire	5.1830009359210605	4.987738290237877	5.293022058286481
rank	5.098845273365956	5.076467219637501	5.265984796808572
bow	5.017269347732711	4.970331315048409	4.974058335642395
doctor	4.9669473170158875	4.996244368280918	4.997337477586036
talent	5.204394398714659	5.034532614452577	5.311805420936075
source	5.142121493892517	4.983349564653137	5.249293882796034
lead	5.025563166672368	5.041005312991277	5.1442392449387775
question	5.022787260227755	5.061928372627737	5.258826503679931
publish	5.203865867192209	4.95753888411689	5.328508962687756
interest	5.117026238646377	5.054041860238252	5.289905716850422
serve	5.024416262853641	4.980286697133696	5.092126823988366
divine	5.096729205415929	5.02976601482609	5.239511643515086
put	4.9251285458965794	4.942855397420032	4.945919139934577
shadow	5.019159490767634	4.924771157367194	4.9799086870263665
practical	5.144722365202268	4.995672909065255	5.321287849112193
surface	5.040719890258156	4.808445232436327	4.952312656869937
account	5.067199142741746	5.001270173372603	5.197668265786961
loss	4.91898898733	5.111913922319159	5.132856796581318
indian	4.9519661250839	5.049810957267011	5.119152590481257
vine	5.113237552985231	4.794041815618966	5.002951232048988
certain	5.014018885535957	5.043574210436127	5.202909466766579
sin	4.834831571465388	5.143662397495891	5.0894058315728445
necessity	4.978048258821388	5.0975540319617005	5.256280796306751
lose	4.953476858250604	5.068230196711445	5.0555163736626225
private	5.071877986969447	5.076344389139122	5.277998432155722
gentleman	5.109587264952574	4.9720078093060724	5.108223227393941
daughter	5.011740408600569	5.062261643733715	5.0685138396474665
drive	4.8198661430131216	5.105322143054587	4.963673555648123
strange	4.925638630452409	5.052153708473063	4.9593050343337755
journey	5.119021662043516	4.942916938136882	5.0476957528581385
uncle	5.076015299015687	4.946572303856091	5.008300454248028
species	5.023778887342287	4.955295678209748	5.134506168276317
think	4.995419482822264	5.039962182635867	5.063376992246373
bed	4.970887060173572	4.8398818876623695	4.810536700145048
wind	4.918241922529613	4.957757888988313	4.885527235106375
bless	5.051851296292871	4.972174219506299	5.010081449785121
destroy	4.859740335863943	5.11602507767426	5.1178244985768915
author	5.173697499067646	5.003498854107122	5.281987597615416
sustain	5.014327716743325	5.0736736195075425	5.250576981476135
black	4.924693976539518	4.8757509754183035	4.84436301808929
event	5.052724141756514	5.100160294742267	5.263929809344278
liberty	5.045250527892545	5.130228331797107	5.316389882893874
negro	4.916035931226221	4.98131870057132	4.978810833428058
little	5.069928130023945	4.908003030522158	4.995173071068073
fortune	5.055285586193948	5.090602720857026	5.1662569414318265
touch	5.00816831609112	4.981985555048145	5.002645760707842
kill	4.755490033898865	5.1055465291310345	4.907779466370462
feature	5.064732016039765	4.957287087094283	5.076977978082012
happiness	5.090156404472364	5.081915071817891	5.222723532133647
assume	5.039609597864203	5.046095168195108	5.1993884076680805
notion	5.033623542145357	5.0036272708776295	5.148116987514899
purchase	5.143860857322249	4.8982679307136845	5.156310330100561
faithful	5.100734965357411	5.078105172895292	5.226884375759186
soldier	4.891567927806759	5.174333660367267	5.0908204230377105
father	4.958110705538721	5.074055927607026	5.05809129364641
narrow	4.982503353639776	4.909444596019702	4.997852476141529
great	5.084114404692126	5.025243343909566	5.234200976034734
tear	4.877369426152593	5.015899065098594	4.881623672568718
honorable	5.101131843501131	5.136411310249441	5.353748414430705
previous	5.071718992450109	4.986375697386097	5.193901049478039
good	5.060088230983567	5.009491823117095	5.118825657129961
domestic	5.119444064849196	4.972171715167355	5.188097782009085
glory	5.130576364842431	5.022757138916308	5.180210180295241
lay	4.970213799032372	4.9181216134224295	4.954344061348541
occasion	5.039692129225658	5.071401545152452	5.201259849019957
guard	4.889129856630722	5.129192371049432	5.08528775431123
whole	5.0390955522252625	4.972045945081679	5.141861001501413
mouth	4.943008132626331	4.88771568749384	4.844924619512244
receive	5.112419179795819	5.000814344959456	5.216983849574416
take	4.981176166551059	4.99473037775186	5.056956083531998
simple	5.129440305122628	4.912503454358838	5.134566295088174
error	4.945562702493069	5.119614634894795	5.253021065278645
wisdom	5.067839863225515	5.097271880577703	5.265727670501702
rock	4.950443214735034	4.9002825810427995	4.900212376805524
decide	5.0330014740704305	5.092868656749071	5.291084929793345
exclaim	4.876421189669487	5.069080127480705	4.89659803063549
assure	5.036401258030633	5.080123142754704	5.155637330480558
sign	5.007229235093298	4.995782356433863	5.108296112339387
preserve	5.094656660742983	4.94681292993897	5.163219894053367
commerce	5.113622165232671	4.99046512996771	5.2771052596388985
plant	5.088140280765391	4.808636227754942	4.9986725737867985
walk	5.0945213289363975	4.865220118825169	4.906951297488299
difference	5.049964830723507	4.972940475284179	5.201874234653893
hang	4.923202757836839	4.900920505852336	4.825640407556422
following	5.210812511303571	4.8859063391521405	5.225405248955889
employ	5.1012950956503404	4.943608072042011	5.192521451674415
