deal	5.038347280106627	5.019376685613748	5.115263465295293
study	5.271014776679971	4.913629804645298	5.255946989714937
afford	5.176313293164519	4.947634094547948	5.224616450630234
service	5.176544553183845	5.021006276408029	5.292247677915141
height	5.06931721436329	4.876170903078875	5.048744324474178
prospect	5.148381843314241	4.999999219695377	5.175051105696034
pleasant	5.23235799655589	4.855979513690386	4.986029136460656
shade	5.121375125806966	4.8572525276709735	4.958425161631049
listen	5.006087971154679	5.086196994179807	5.046819007505657
mighty	4.993411069770636	5.048063660212149	5.090200431936421
country	5.113589274730945	5.018021916551419	5.277324169084612
title	5.213094017677562	4.967105574266456	5.350167027258563
choose	5.140029754920274	4.9558705952583715	5.2123802006462405
village	5.14308908755662	4.913682098043879	5.082446223446648
acquire	5.212645230736371	4.9731208321767	5.30613266435064
rank	5.124700658054445	5.059976012363118	5.279849145074797
bow	5.043136119038179	4.977366820997176	4.992905966752456
doctor	4.998541601289559	5.002649627793418	5.012063563317895
talent	5.239522691923372	5.021248261917967	5.330000190743375
source	5.165331768755761	4.975965452133854	5.2623475885836415
lead	5.047964546989486	5.038040954558257	5.160174228969448
question	5.050332531288545	5.0471885506687935	5.271855781717876
publish	5.230603742918559	4.9422378928554735	5.342247231423218
interest	5.141651589471298	5.040299084786664	5.30357692025476
serve	5.0522595791116185	4.975403846842836	5.101579384691455
divine	5.119677954627344	5.025618457488797	5.25821356088607
put	4.959339369370891	4.942997750419416	4.955257635214015
shadow	5.0366042664779815	4.935245746847311	4.999527371783403
practical	5.177008373707981	4.97857927234822	5.333980221756515
surface	5.066127506751821	4.811569209850157	4.962672282382055
account	5.092617164171414	4.988613427214498	5.205245568689289
loss	4.934147593554527	5.101032751950186	5.13575154451436
indian	4.968553442530948	5.038077301035413	5.124826667476581
vine	5.1344086737619925	4.792237897580578	5.007505822695322
certain	5.03911983421611	5.030091051169832	5.212724192825063
sin	4.850406167531839	5.1430652873139895	5.100334616306263
necessity	4.999227114276416	5.080504572205946	5.262069680791409
lose	4.969871197434499	5.070414592422361	5.066916892173588
private	5.095205172150955	5.0628859752514135	5.292084807708996
gentleman	5.1469236333981785	4.967377467689835	5.127283080982082
daughter	5.0278112955642875	5.066016450765884	5.08471135388239
drive	4.832407791611161	5.108865013490614	4.970204692074537
strange	4.944444668888908	5.064922555622031	4.978374833364899
journey	5.132596309112458	4.950657770979873	5.061129008799992
uncle	5.103277966684406	4.953987849314666	5.022168063919222
species	5.048838193077038	4.941459355960302	5.140082420824645
think	5.021469094801888	5.044513949386312	5.077905844272952
bed	4.989640572519598	4.859066490895039	4.823622933513128
wind	4.931277664731672	4.971614451846989	4.894552724866732
bless	5.070585656263625	4.984962208078648	5.024202987393137
destroy	4.871721757585756	5.1067199769545955	5.119348629406804
author	5.204641556100689	4.992339032532622	5.3004792637792795
sustain	5.035254111258126	5.058833049703117	5.259032069487206
black	4.95451046420326	4.879760101099377	4.85638358746585
event	5.066894738022873	5.092600598218687	5.2765976217628685
liberty	5.064302330861763	5.117609185755387	5.326852268673522
negro	4.944396857400157	4.976374613292846	4.987485439081207
little	5.100813082724063	4.912455161887461	5.009467783591102
fortune	5.072051854710512	5.084768779793038	5.1768871629246185
touch	5.036960184000578	4.990361421021555	5.023749366582171
kill	4.769416707887549	5.1061435859920845	4.907462476591049
feature	5.093776037817101	4.957790566058765	5.101635157443467
happiness	5.108248801682353	5.079572540907612	5.237133988021948
assume	5.068415650376369	5.033820757348473	5.215882650261697
notion	5.0709513588994195	4.995126404125287	5.161617417544436
purchase	5.16450222858512	4.886724992843894	5.162289789905791
faithful	5.120203087992027	5.0753042982445615	5.245332733085066
soldier	4.906513797992961	5.171696852954101	5.101795127389367
father	4.97170776783439	5.079558674388741	5.071364096773714
narrow	5.00465785821422	4.911122438435482	5.013288557326482
great	5.109334439991081	5.01390645081169	5.244236027939406
tear	4.892367919141899	5.033960375943908	4.894360508518883
honorable	5.125944195302056	5.116925618016158	5.365877205897427
previous	5.092839124315294	4.977257731699357	5.2051276225303775
good	5.090024575920872	5.007382547455732	5.129377067569523
domestic	5.145814524088982	4.964856587956921	5.198117917670577
glory	5.145936084699843	5.025597178089299	5.196484023889296
lay	4.989533671356033	4.9242347309768	4.967693094089263
occasion	5.064879489836042	5.0633875700206605	5.214054802958691
guard	4.898836617901101	5.126682077860163	5.095653214345284
whole	5.064693279889064	4.964925498760104	5.1531071546830995
mouth	4.97426280448049	4.8981466876530355	4.861659222871203
receive	5.136751083129505	4.989020734909027	5.225931924101125
take	5.006449734349599	4.99220738803301	5.06647674544833
simple	5.1633694691114105	4.9095591638441345	5.154898226317625
error	4.968932214939053	5.104319706073667	5.263196892082616
wisdom	5.091839224650342	5.088926560031247	5.281829123955311
rock	4.963087075169395	4.911423557324705	4.911933115894973
decide	5.0596856988685	5.076162525685583	5.305373060666958
exclaim	4.900129278200905	5.083051583852313	4.9141717050133105
assure	5.060376101679003	5.077472197396123	5.16954345340923
sign	5.030854343300211	4.992862800858526	5.124280206483222
preserve	5.119227166256294	4.939031574196415	5.170272405414461
commerce	5.132154992998802	4.972390634947545	5.279410558083926
plant	5.112511842309059	4.8076738663573	5.005767072878192
walk	5.1226822856842205	4.881299239198055	4.929812365514466
difference	5.084461019145339	4.955608465296798	5.210303038513588
hang	4.94305621092641	4.91278023646129	4.839049948385439
following	5.2380621076384495	4.877629376573992	5.239517048863001
employ	5.130232957510181	4.929071978620733	5.201919629465909
