deal	5.030905196649657	5.023179620013209	5.099927591190165
study	5.262685717719575	4.924506215830152	5.238246949772123
afford	5.167951675154444	4.9567108890609015	5.207836324859444
service	5.1716661984015255	5.027133313106513	5.276240745731866
height	5.071282160508523	4.888373919810089	5.034903935387999
prospect	5.144275594993518	5.004130957786131	5.153303345636092
pleasant	5.227596614838922	4.853968372359199	4.964256528000089
shade	5.124762851835434	4.861820180373328	4.943468606219383
listen	5.008934658440748	5.0864496875146115	5.02793957466199
mighty	5.000860957701115	5.0456589217187116	5.074150074128198
country	5.108729157048756	5.027984347593796	5.260614667322772
title	5.210785161655606	4.982245741451974	5.33705732989305
choose	5.1305240504136895	4.961659416986743	5.19175299952733
village	5.137994873422442	4.916651125230022	5.06237977077599
acquire	5.204353699312016	4.985800708475037	5.289982078521364
rank	5.127296489905313	5.073140062186463	5.268060179597274
bow	5.051998495497272	4.980016311745262	4.9822562241313895
doctor	4.990800484992005	5.002857002027807	4.995197570814646
talent	5.231016455739395	5.0360306408819975	5.3151015362033
source	5.157145458778746	4.98538663945142	5.2427311736856534
lead	5.043919299946095	5.043678289588951	5.141152756574742
question	5.041654993722928	5.05852469715337	5.252627547884139
publish	5.218375771646643	4.958068307892254	5.325045337896402
interest	5.13410441806659	5.0522027585955565	5.285363588452907
serve	5.046852980730326	4.978938869215862	5.086928519989737
divine	5.123941542087914	5.029870893431325	5.241225676733926
put	4.948726830549692	4.942755406879464	4.940360074091479
shadow	5.041343695439968	4.93887383663267	4.981657105498821
practical	5.164534076749233	4.993187079654587	5.315280994721577
surface	5.0612431180871695	4.82167255612419	4.94936695148966
account	5.081328690867082	4.999842439366829	5.188963150089111
loss	4.928710565800617	5.105994364091162	5.119538874397909
indian	4.964425592202387	5.045262488562962	5.1108057009397925
vine	5.125744495201892	4.803914011077297	4.994203162091679
certain	5.035835516580974	5.039261661247741	5.197712777111889
sin	4.852440146543676	5.14162576743162	5.08215074938943
necessity	4.993276400878367	5.088925670923762	5.245283052093116
lose	4.969959232806331	5.071179567954801	5.048860852015436
private	5.087285990763637	5.069976381244153	5.272605349680908
gentleman	5.137195908349042	4.9758224822191925	5.110021114282549
daughter	5.032255386848241	5.0680563316073455	5.067370129333948
drive	4.833007053520843	5.107157147822819	4.9532586137929835
strange	4.951415456556525	5.0644421365780055	4.961467329422165
journey	5.125450346382118	4.950584966554624	5.0384780642315725
uncle	5.0919798158543665	4.953190457971717	5.002140149514831
species	5.0404140890861715	4.951506005804162	5.126295036521561
think	5.0173770199834475	5.045958447763025	5.059910741739393
bed	4.986841893911662	4.851747797806759	4.80398475326042
wind	4.932613441326198	4.970803331305202	4.877372045149934
bless	5.072680302536877	4.977373535913438	5.004046151398677
destroy	4.872351275616061	5.109576475838608	5.105003515836452
author	5.196236156717178	5.008895528773284	5.284700514705024
sustain	5.032195175546847	5.069404246429887	5.243330994403264
black	4.956454951086886	4.885580867785699	4.846614176609112
event	5.0646193533469175	5.104368599493792	5.258997569816874
liberty	5.063098041243889	5.126245021530159	5.309118644819547
negro	4.932441056093709	4.978416160543071	4.969571033042281
little	5.096643119763981	4.914576571906386	4.994924539070897
fortune	5.071599053890286	5.089224309185155	5.160768612575663
touch	5.038677403751303	4.994697289433426	5.009582284008781
kill	4.762342550196261	5.105788270952545	4.892401933198027
feature	5.102326553834862	4.971483292139716	5.091015140417876
happiness	5.108518686953135	5.084523169213854	5.218258153729584
assume	5.0687428925869655	5.04690575663746	5.202079670463422
notion	5.062815286030336	5.005883048746731	5.14678040704084
purchase	5.152093791368187	4.887465848101897	5.141337486637004
faithful	5.11993835303611	5.078443988211146	5.227130041037047
soldier	4.9105714291545075	5.173913760239508	5.088500498089036
father	4.974867712739153	5.077475999090608	5.053487420150956
narrow	5.0045015469800385	4.9158701339806985	4.996370093667625
great	5.106640449213083	5.023363594866481	5.230075233670525
tear	4.895874117596181	5.029114900276557	4.878273009596409
honorable	5.119415877624864	5.128463273412251	5.348690098345864
previous	5.082032640778201	4.988445259711241	5.185125616450095
good	5.082914311086876	5.008185557608331	5.112421352693216
domestic	5.140026721221669	4.9716192718912255	5.181579067411406
glory	5.155314361517192	5.026933367237305	5.180769099864346
lay	4.991276765303869	4.924340384194954	4.952439025938234
occasion	5.056378585592957	5.072573091984286	5.196390416761028
guard	4.902039216464086	5.129089593590146	5.080156187430161
whole	5.0623428630054095	4.972377309020349	5.138153901626436
mouth	4.971105589374355	4.90044037375398	4.848131703063817
receive	5.129358345316346	4.995579365447559	5.209469310812874
take	4.99854797489477	4.994696362369638	5.04967987162138
simple	5.162239561882362	4.917541547946362	5.140472123390786
error	4.960860726856287	5.118017592916554	5.2453302545235685
wisdom	5.093419156394869	5.094479103710773	5.26529753451727
rock	4.9644454754918215	4.912200599306879	4.8946311907677105
decide	5.049462430212868	5.089785053181369	5.285773681624284
exclaim	4.902660948187923	5.081423255294583	4.898486878180655
assure	5.056173660392044	5.082936500869378	5.152332048121834
sign	5.0335337641714935	4.995884124228818	5.109566224330943
preserve	5.11795495570515	4.948595807753072	5.15992165996653
commerce	5.1245448959228765	4.983376438258232	5.261821704809883
plant	5.104612081428629	4.817361414482621	4.992420184577878
walk	5.121093595736327	4.878147555245717	4.90953106088391
difference	5.074969164804827	4.968843750747986	5.194542325704014
hang	4.949616502951562	4.911947679732282	4.826656557607063
following	5.225190243782209	4.889874914698091	5.220632406059314
employ	5.120834770391605	4.938337562452545	5.18664505716983
