deal	5.045896606080644	5.00463207669658	5.1033004059499545
study	5.2742576993375705	4.913372229399863	5.242791706307451
afford	5.179813764955244	4.946529104419522	5.217503407863388
service	5.188414094647607	5.0205331699657565	5.2889331724347315
height	5.060714841313978	4.877137289110117	5.041279948939638
prospect	5.154556898209782	4.996193295639675	5.165236899092606
pleasant	5.229874068682212	4.854503046911519	4.9770633167717895
shade	5.116247642849983	4.860641546798528	4.951666537570292
listen	5.022489809806035	5.076301390191884	5.034887450461864
mighty	4.997330378249628	5.03453135386746	5.079082049979333
country	5.1214779745532715	5.013078646745681	5.269506527178608
title	5.226937490124217	4.966119486359459	5.340679943566041
choose	5.151219078507469	4.951602748810025	5.207117369923926
village	5.144081818607376	4.9140785592975735	5.077096640447082
acquire	5.2154210897032485	4.97277631283649	5.296874494769637
rank	5.131147804631651	5.0611458198698065	5.272268883576236
bow	5.050447424012427	4.974461560947631	4.988925835489823
doctor	5.013544028567192	4.989535766084682	5.005309388937392
talent	5.239643570724502	5.020393399475056	5.31652757657845
source	5.167270612772105	4.972761698105826	5.249003266908936
lead	5.05694610820362	5.034354774917507	5.150906546143077
question	5.068153750359019	5.038129957692217	5.262601531137983
publish	5.242516972333258	4.938169845609151	5.3317689096757945
interest	5.153011317501871	5.03503761343192	5.290065892960408
serve	5.058471550160681	4.971063586842985	5.098636710641901
divine	5.1295650367933305	5.021672335196014	5.245283217834904
put	4.9661226608976055	4.931270467473415	4.954285503347427
shadow	5.038400626008916	4.933120455189518	4.990072761465576
practical	5.18247951310762	4.974811266117778	5.3239815386216724
surface	5.054383455083528	4.810655738723924	4.9584081529737505
account	5.102089106522282	4.983346579745087	5.196569633560246
loss	4.946469410081926	5.093583526041955	5.127945217837
indian	4.975546233614489	5.039330836496576	5.1252026215736555
vine	5.1290817744653685	4.795490870776972	5.007271391708934
certain	5.049463857405392	5.027063691166731	5.20543663533658
sin	4.866752395905443	5.130119611022447	5.0880907701238165
necessity	5.011873161220615	5.075788250915542	5.257186233372997
lose	4.979810812001968	5.062050174651486	5.056975217023294
private	5.111182155413701	5.054939017030949	5.281393505677297
gentleman	5.15652773731519	4.962380257866682	5.119246072335936
daughter	5.048342265488132	5.062196983185091	5.074775389592125
drive	4.844262273974755	5.097949506322229	4.967353162961498
strange	4.957000981517959	5.057360127850746	4.966796778818103
journey	5.138428935420136	4.949114677288778	5.055157153903178
uncle	5.117805538217605	4.943251968755553	5.013634155004543
species	5.047385492612798	4.938927092712226	5.132220837743982
think	5.034394085266299	5.0330226759582315	5.066670684380813
bed	4.994936936985096	4.850604528733607	4.823335549882621
wind	4.932562069029903	4.965819890191432	4.89353285102866
bless	5.083736932502079	4.975571777005804	5.015484052864543
destroy	4.881603405958222	5.099503415189787	5.115535195500253
author	5.211773479353696	4.99013137485499	5.284976607295467
sustain	5.045033572699281	5.053476931301932	5.251840046951153
black	4.9526328713305405	4.879974558515825	4.857816617535228
event	5.082110133071073	5.089738364921725	5.26609018210729
liberty	5.081937702331939	5.109291068658241	5.317244239151299
negro	4.946387877653153	4.969803438613181	4.984459231718112
little	5.10524730781929	4.906298113108175	5.002688635261109
fortune	5.084039365787657	5.078012610235006	5.165087749469677
touch	5.045053161608429	4.98491629367292	5.013623304088239
kill	4.782176992184103	5.097554690498401	4.910167487473359
feature	5.0970625940603	4.960554239562993	5.090631054692788
happiness	5.121633257240001	5.075819750236825	5.222875700706475
assume	5.078368124118277	5.033206064803867	5.208443295808429
notion	5.077053257432373	4.984603797390439	5.148323433548002
purchase	5.170590116529563	4.880447891679463	5.155340485969691
faithful	5.137909864974743	5.070699076008849	5.234786559833385
soldier	4.920723411647877	5.166700423514158	5.100608529111154
father	4.994058492655671	5.070706852095531	5.063925054936033
narrow	5.002097843305531	4.905935271204143	5.006501620715424
great	5.115129252892564	5.007995346493366	5.234724739933935
tear	4.90547233978655	5.022867925413298	4.888728886771217
honorable	5.1418448015868625	5.114252992116159	5.357715806829695
previous	5.1042869014086225	4.976241830662486	5.200124928106713
good	5.099773017764359	4.997663928046957	5.1218175085920485
domestic	5.154181750809834	4.961349202980643	5.189336301628132
glory	5.149075878523891	5.019991215323106	5.183257491222884
lay	4.99713917623746	4.916159626484894	4.964711799020546
occasion	5.076981015533989	5.0587237014555235	5.206283100411673
guard	4.917733809475598	5.121974140575177	5.094686886351723
whole	5.069095449477762	4.958780733679639	5.146581576548996
mouth	4.9705179484566235	4.8930792924540985	4.861231562938331
receive	5.149785939834055	4.98794239568204	5.22158192082762
take	5.020077398970033	4.984119952834265	5.063139814580333
simple	5.165567645120063	4.907483278104122	5.1432991063935924
error	4.9816830335047815	5.096002635990505	5.250186011652259
wisdom	5.101194066477095	5.083983967173041	5.2696402456997955
rock	4.9581724118974275	4.906629464539441	4.908719564175462
decide	5.076376768398214	5.070110960889265	5.296964202451797
exclaim	4.915288758032136	5.071561292989154	4.908344114988325
assure	5.075423003056007	5.071358331135636	5.161156280596436
sign	5.045228532486566	4.988021421256642	5.118991674440433
preserve	5.123702932880477	4.939654596382982	5.1674854931158425
commerce	5.137098912221203	4.969289758813408	5.274668713289948
plant	5.105858675071445	4.809733496044289	5.0041587230968565
walk	5.124617315618263	4.877036378890136	4.92340279110301
difference	5.088355396143695	4.951545072373238	5.199762991657244
hang	4.948211781590456	4.907371967044843	4.837928398283658
following	5.250305554488032	4.878459127380738	5.2339237075131955
employ	5.12957529062229	4.92690608480719	5.196043674328873
