deal	5.026915417813886	5.016541281873274	5.107658749363348
study	5.253790179517963	4.919307839544327	5.244235714015633
afford	5.153287748454333	4.956993232577471	5.211893768818428
service	5.157582054274983	5.0342769080150225	5.285987840521874
height	5.060979098503702	4.883486464342196	5.035343973419929
prospect	5.138891042888852	5.001419269995694	5.160310085064578
pleasant	5.22345685692473	4.851191640080867	4.975967765770769
shade	5.122182702999525	4.855635293073148	4.949314442092805
listen	5.0131812396307085	5.074362762735253	5.040069857049614
mighty	4.996085700470606	5.040411188320099	5.0781570500862285
country	5.0948164903885615	5.029783803965169	5.264632246467459
title	5.197312615217427	4.985581534449789	5.343441588663757
choose	5.118083732798074	4.970184169411768	5.204950038483101
village	5.126945829207967	4.920922224233998	5.072219447189765
acquire	5.190685866616362	4.985358772801495	5.29367860816261
rank	5.1125346358939465	5.074337367762596	5.269654569471679
bow	5.049429346356079	4.97305974528403	4.989831868444837
doctor	4.988587967573039	4.993286874340811	5.008478853461546
talent	5.220065751760247	5.03067692226304	5.316533759448315
source	5.148245797899613	4.980975978185384	5.246778454892138
lead	5.035850733728149	5.041508560811074	5.147804919570991
question	5.031736312641211	5.053233514694273	5.261700253372616
publish	5.207846921968216	4.95463124305761	5.333213762927736
interest	5.125538179587227	5.049119849250841	5.289759830388019
serve	5.037238002867915	4.980997373912644	5.096853896356296
divine	5.116777946445681	5.026610463103646	5.247445320558043
put	4.946549074124762	4.939949325965507	4.953749619770682
shadow	5.04311147321689	4.929809588515997	4.990488346838559
practical	5.151490120156588	4.9891633763706	5.321066527958304
surface	5.05711850273181	4.811982653857155	4.953412058490937
account	5.071931400701211	4.996863717905644	5.1968854601634975
loss	4.926256139811022	5.1066799995597085	5.130677036339008
indian	4.951839623086534	5.050220024922195	5.121135058241787
vine	5.1217398761796	4.802307123906997	5.002240976416523
certain	5.021505575118929	5.0386537811079934	5.203194017878054
sin	4.857219099127644	5.137543756202282	5.097250066586614
necessity	4.97867314723868	5.089064124321344	5.252123636347926
lose	4.970014846370535	5.068495500333566	5.058769414530943
private	5.076387117191183	5.071129370405134	5.280509762472592
gentleman	5.128768369705712	4.972042388121023	5.121190417495931
daughter	5.031448023229548	5.067146140261634	5.079707679955303
drive	4.8317335577725755	5.104671504666434	4.96453913276777
strange	4.953075942087769	5.054796859513518	4.9717993346138325
journey	5.124978601247001	4.950687766161392	5.053973783391836
uncle	5.09524084513182	4.949760295608626	5.020031699382912
species	5.029518029670573	4.952441387750239	5.129485467422018
think	5.016459446177832	5.038504484171587	5.071794961745507
bed	4.988973579607145	4.8471469396318	4.820267800679172
wind	4.934663981525513	4.962349793226479	4.88748455548966
bless	5.077769710635619	4.979066678985626	5.022939843441035
destroy	4.861526924007809	5.113249530620605	5.111187832778631
author	5.1893071607287835	5.0009518357407545	5.289801127638384
sustain	5.020857017346627	5.067043728922909	5.246453362309912
black	4.951371917374794	4.8798711737935125	4.855647230597864
event	5.05646909805262	5.098511541230259	5.264552385859034
liberty	5.050653799122618	5.12649887580612	5.314496113189597
negro	4.924008751786924	4.9799802017818555	4.98369964382381
little	5.090931415169191	4.911261141725858	5.004281775865861
fortune	5.069239427656902	5.089380746527857	5.168181288276481
touch	5.038488721268342	4.983798662136309	5.017032703685389
kill	4.768263612517211	5.10810647853322	4.915439649166256
feature	5.093770461222019	4.956891144094459	5.088676500224042
happiness	5.102884239085604	5.082309921975941	5.224194481509792
assume	5.054795589566053	5.0408971567200345	5.204502582555353
notion	5.053151902336609	4.995900621178652	5.152386391424064
purchase	5.143866575322354	4.898872536899994	5.155561795653044
faithful	5.115365361521885	5.078842743511963	5.237175251949681
soldier	4.906363241101459	5.173422211070462	5.0985211705239974
father	4.977161936496123	5.075892714081174	5.069879152967428
narrow	4.995237833288285	4.9102937097916355	4.999773824345818
great	5.093206236276608	5.020770478202747	5.2316956193487485
tear	4.907155704792869	5.020066729540783	4.894196298096655
honorable	5.108937168682458	5.130714414057122	5.357496778359237
previous	5.069688858381803	4.986353496262712	5.194141087755551
good	5.076168771264406	5.0086505540109005	5.124419342426353
domestic	5.123774658349273	4.9728903179761295	5.184276999743787
glory	5.152152910033158	5.025704731328006	5.184799397981239
lay	4.98896251798176	4.9207972983094095	4.961499523776693
occasion	5.046519866639171	5.067753078169205	5.2034908884600135
guard	4.89619169723251	5.128720031737732	5.089270881441572
whole	5.049554738025641	4.9693833370025775	5.14095539923203
mouth	4.973062085606858	4.8891370865433315	4.859689868395315
receive	5.117116432985625	4.9998562570659715	5.219382323156624
take	4.992394845838236	4.993429524554297	5.061554368111433
simple	5.150706524828181	4.912131379203425	5.143381745489693
error	4.95751017132278	5.109892380620337	5.253657999217593
wisdom	5.087118298454204	5.091919540582306	5.271462781651823
rock	4.965113417201278	4.905963904440362	4.904179469184369
decide	5.039698370321412	5.085379285483035	5.294729955552561
exclaim	4.910980247000199	5.068155648442345	4.914577468347374
assure	5.051498562430402	5.077858311155757	5.1630627276797485
sign	5.025879309904837	4.993368676187566	5.119819348920303
preserve	5.10281024905498	4.9482613050989075	5.16275717818016
commerce	5.109479885187732	4.98598147062792	5.265317228167017
plant	5.097149089986411	4.817481115780523	4.999158848251101
walk	5.119447386780767	4.874053782007888	4.92299446957719
difference	5.060723664166239	4.967867753545013	5.200459944279677
hang	4.953599541157261	4.9061159316994	4.839559266115587
following	5.214534001778518	4.888027572966922	5.231378507064704
employ	5.104977847820708	4.939481253694386	5.189835162022956
