deal	5.0399604637708615	5.0287898377476585	5.1026936121305715
study	5.263895784291682	4.934537353448719	5.238848444850683
afford	5.176761120514289	4.962362450326533	5.218747333559658
service	5.174913813525114	5.034938392490312	5.279932488251967
height	5.052880867069782	4.8936741004657796	5.032011746962102
prospect	5.146743096074292	5.009155613014453	5.164197828206261
pleasant	5.225314255253705	4.863701996279817	4.9694454476935945
shade	5.1104905999691805	4.868824198315333	4.942853624530228
listen	4.998523214831517	5.0928381559185825	5.020265581068936
mighty	4.985129872804323	5.060225928394744	5.070402731034324
country	5.114282182210926	5.034680263875425	5.2683163356909475
title	5.211249872862867	4.990330759795206	5.331126127304577
choose	5.129104659095432	4.972855902364463	5.193909630235573
village	5.1396479905794905	4.924519286312013	5.0694810271713715
acquire	5.209840552087068	4.993469556570689	5.295274346716133
rank	5.116362700344152	5.07965546649429	5.263033216199844
bow	5.029644227469488	4.9872699365691195	4.969106072686115
doctor	4.995661822645438	5.008681322444911	4.994535943450022
talent	5.235913716979927	5.0394716619164655	5.314167763247554
source	5.162388538006147	4.9917754464896	5.249201188295154
lead	5.03773112816468	5.0513963320105635	5.142490917118433
question	5.045716423343921	5.063521500728582	5.25481268654827
publish	5.230202458724963	4.961294521668529	5.324104925818293
interest	5.141515251080459	5.053823624977559	5.289788803176734
serve	5.045673205634843	4.9876063220699445	5.088185880159024
divine	5.111534359039692	5.0444021187007975	5.237717881575025
put	4.953170315588473	4.948673238592465	4.941916749582554
shadow	5.024879917883194	4.9477598435958905	4.981321990167712
practical	5.1720086029863594	5.00000236775017	5.322297183513751
surface	5.05584675664731	4.824251696589634	4.9552714319293925
account	5.097706693178015	4.999969488810891	5.196956338011855
loss	4.942542040270345	5.106199683529797	5.130441042724209
indian	4.967051702920306	5.0506551411340235	5.1158862984331845
vine	5.127923351279433	4.807057108317707	5.004001291115003
certain	5.0405968245238215	5.046161370589752	5.204669050782923
sin	4.846645424196903	5.154318917124692	5.082772780759554
necessity	4.999786919660732	5.094550457318066	5.255755079287735
lose	4.9692893444597495	5.078384461346098	5.0532256547169245
private	5.093859398961151	5.0726513819884484	5.2756837860846035
gentleman	5.141678717396599	4.977704083175555	5.108143946846736
daughter	5.022627993098433	5.074627821492911	5.059947415362642
drive	4.829390798417549	5.113567262013361	4.958932738399917
strange	4.9447351267221515	5.072578970244065	4.960950726249596
journey	5.130592433216955	4.95766937423292	5.047615225163836
uncle	5.099395565837015	4.956738038348896	5.000826460077957
species	5.053493827701491	4.954291673971843	5.134327496127066
think	5.019846613781302	5.052689804608796	5.061614089678778
bed	4.9817276687820415	4.861714491601317	4.809695600405348
wind	4.923486080298065	4.976112958137003	4.882705501060154
bless	5.061724386407835	4.992414091908417	5.000916902128786
destroy	4.8755900994394885	5.118852916455356	5.113644922415693
author	5.202162934301262	5.013133737966052	5.280929148130844
sustain	5.033472064670722	5.073821199818712	5.249724082779688
black	4.946099770381377	4.89081362979396	4.843824280430506
event	5.070176082435549	5.105472878717671	5.265072932470729
liberty	5.059002852406228	5.134242002028554	5.308383522291096
negro	4.9400612017178975	4.986294383371168	4.977938859500549
little	5.097076331887352	4.922554735411534	4.997133185236025
fortune	5.07470051316602	5.094049543648732	5.162395502132351
touch	5.028059049103028	4.999456333997966	5.001646825074005
kill	4.766662995280684	5.111566223838062	4.895729511009448
feature	5.087119396073072	4.973718230558529	5.084849247655181
happiness	5.105568409824435	5.090880509900602	5.219922463234971
assume	5.066034331417566	5.050204393481696	5.204066213395006
notion	5.067480110533817	5.012834496584382	5.147573777266931
purchase	5.168915428548809	4.896404383945057	5.153647778055313
faithful	5.111848195230978	5.088306344075479	5.22213983336935
soldier	4.899329320926234	5.179806006709534	5.082186869623602
father	4.968216440284477	5.087405262321015	5.050474034484741
narrow	4.992200815476706	4.924334629444978	5.000376839935999
great	5.1097978123658185	5.029660381068875	5.234222989070858
tear	4.886565031595206	5.035128398658366	4.876293135747394
honorable	5.121783676882775	5.133193570391222	5.350237299665843
previous	5.092614197779128	4.990136308419359	5.197073049050729
good	5.089231225174029	5.0171672866775125	5.117335269831863
domestic	5.147581328554858	4.976970763972372	5.189161316374414
glory	5.138819038856347	5.0409556214691476	5.17455395343699
lay	4.981292234066858	4.933814622160287	4.952902899374381
occasion	5.067157880993324	5.072886331300086	5.203365212119501
guard	4.890313218320342	5.134687491424052	5.077602263020916
whole	5.061943979250271	4.978936398934927	5.1422835552723996
mouth	4.962815669930366	4.902695949265999	4.8429753033907375
receive	5.138973831256421	5.000118846811379	5.216697968721216
take	5.003310362015357	4.999835975084565	5.0539758061217315
simple	5.157730092079582	4.928428826029811	5.139614537649121
error	4.966643995260285	5.121156283607899	5.249605878271066
wisdom	5.085772960832617	5.106908601779593	5.26413231463413
rock	4.949907093747781	4.920144711797705	4.895675755044535
decide	5.052827041318806	5.09257830256922	5.28862174873634
exclaim	4.892997968740019	5.084336701042925	4.890396918442243
assure	5.059945810602999	5.086060890788526	5.154662625051431
sign	5.027107341264561	5.00559063565938	5.107352217412427
preserve	5.117956437027443	4.954457784130177	5.163127009231715
commerce	5.134725220419428	4.986890837655065	5.273499594963171
plant	5.103895886243324	4.824685623426848	4.999972499501998
walk	5.10977861140598	4.889588379546853	4.9089677836954895
difference	5.081355843169138	4.97265065326115	5.199952729221795
hang	4.934775281131841	4.920206929386212	4.8235038733130295
following	5.233953979442963	4.89266871663655	5.224225367659564
employ	5.129498863778937	4.944642829829246	5.193979688720659
