deal	5.050537087728685	5.001608640855979	5.104664300256335
study	5.278579725040021	4.9034329565223045	5.246163550740773
afford	5.183408986844485	4.938350165756129	5.2158228922610865
service	5.183894750401502	5.012738917243214	5.285315532172025
height	5.07054171148321	4.866758464088175	5.030462019387817
prospect	5.156836026544503	4.988664015248708	5.161156767167548
pleasant	5.231678035134556	4.83837730877188	4.965185985821403
shade	5.123204064248224	4.841085963700302	4.935023656761857
listen	5.0218441972880985	5.0603551809664715	5.02744792517414
mighty	5.000226745920575	5.030442445831667	5.07130627281242
country	5.122578715262116	5.013283940839884	5.270244243129942
title	5.215927704456769	4.965619873705407	5.344394576860165
choose	5.1439332256136066	4.947264803852757	5.202963093122459
village	5.140751551240586	4.906709767688194	5.0668345821691245
acquire	5.221181926857552	4.96830227450658	5.300441946584418
rank	5.1287235246416305	5.051167083764302	5.267748528422539
bow	5.052466118220903	4.955155895027273	4.972859832125225
doctor	5.0176016736557685	4.979524818562866	5.001928808946731
talent	5.246481553319447	5.010864641064207	5.320613677726236
source	5.17096900138905	4.969899537214088	5.251399751150638
lead	5.057599418913347	5.024379053391768	5.146437627101715
question	5.068825319212461	5.036287756523846	5.268851498797763
publish	5.24271221900683	4.939616815446987	5.339749899659739
interest	5.154267982207088	5.032633763904078	5.295641836090565
serve	5.060732839028923	4.960657080106587	5.08980563822025
divine	5.128103192282465	5.011990628908081	5.243767667214471
put	4.974058293284116	4.923324088908203	4.944747551895763
shadow	5.0432774164224305	4.917957723635552	4.9777676037948275
practical	5.189811447296466	4.972030030680766	5.330330720355213
surface	5.0729617340187945	4.801424832217288	4.948411822483459
account	5.104474922139872	4.980008624843909	5.198476599710835
loss	4.950327972633722	5.091015913861305	5.127704959595487
indian	4.974626552501941	5.034075109199325	5.115239436637519
vine	5.144464380851792	4.78610549939585	4.999279232544929
certain	5.052502009823528	5.020446827873422	5.205709940557606
sin	4.8644050172617765	5.124172293680458	5.085809985193919
necessity	5.016783682214979	5.0714178982668265	5.259318102301748
lose	4.982792664312401	5.05383828198325	5.051357722445625
private	5.107073929029783	5.051691978739339	5.284550902785174
gentleman	5.153263373489003	4.949976695021193	5.115047148327056
daughter	5.038907641071431	5.048358739204978	5.068770660821657
drive	4.845071806966407	5.090988988009416	4.954876071005875
strange	4.95818334607785	5.042104413323917	4.958405753689966
journey	5.136981608924563	4.940995132602267	5.046170909312287
uncle	5.1141510693100365	4.936037384506143	5.010644337064672
species	5.05688202323605	4.937080897734799	5.131141121390822
think	5.0369508409465364	5.022886666636701	5.065477598722314
bed	4.998989480244178	4.836714095129132	4.8061194598618675
wind	4.944780751026448	4.953039977613283	4.877277715248555
bless	5.076921544978568	4.965960806851	5.005473798689699
destroy	4.886867075521521	5.095598453626927	5.1103613714646094
author	5.213178885236038	4.983533869919095	5.290906266608148
sustain	5.052590454981421	5.049462587464572	5.252700556618976
black	4.958918769223713	4.863472417559588	4.836419827874923
event	5.085860987367259	5.084607745687625	5.269771760725224
liberty	5.078956271599393	5.108902973590698	5.320557568394328
negro	4.94767865978378	4.964806382555287	4.975621069675677
little	5.108484785201471	4.894746793234262	4.995508706324759
fortune	5.081828287355775	5.072347181568107	5.164587489985116
touch	5.050120025697871	4.967470791861255	5.0047250050563505
kill	4.781798096238964	5.09032367467681	4.896312457604681
feature	5.105504093685988	4.940428006288798	5.08239202216633
happiness	5.121259045847241	5.066102322407169	5.224312735436777
assume	5.082029740867119	5.0208979938625475	5.204841208936691
notion	5.082245400224751	4.979204531740925	5.152305389654416
purchase	5.164061981862985	4.884386577121861	5.154340191032766
faithful	5.131295964433938	5.060526678145351	5.232143706184314
soldier	4.920613719291782	5.153950875211078	5.088302027773396
father	4.985359825629533	5.060932708689381	5.0578919147160315
narrow	5.009158453146531	4.896722269742512	4.995990339382316
great	5.118332912773734	5.004727583233409	5.234802304683864
tear	4.910159324984479	5.010184584895698	4.875743473270322
honorable	5.1372126139903225	5.108086494443148	5.360588384571602
previous	5.108455072150353	4.969581310269412	5.198823078114628
good	5.098932309270302	4.990443630453045	5.118828199301964
domestic	5.156931027683212	4.954147213399417	5.188247117074179
glory	5.148020100422115	5.014132810769623	5.176212368543958
lay	5.000409217275807	4.906513999787639	4.9512485590063475
occasion	5.080476882425903	5.049680310387341	5.20527990221687
guard	4.91573935809872	5.109613686242783	5.083479090723972
whole	5.075292540417424	4.9536764855130775	5.142262252023387
mouth	4.981686910550083	4.8791657875731875	4.8431321895555755
receive	5.147626251159506	4.980501939758143	5.219410906220413
take	5.020561481367713	4.976759242254544	5.056714211368137
simple	5.170733649152575	4.893609921139822	5.139685976128564
error	4.987864301458554	5.094086886601104	5.258512367197474
wisdom	5.101983487909403	5.07534750260352	5.269755129480543
rock	4.967545717456922	4.8971349572257035	4.892489115983259
decide	5.078308912221192	5.066113302507221	5.302931583026645
exclaim	4.9161068389527145	5.055559295603398	4.896160094176623
assure	5.0760385383093665	5.059988944793647	5.159933148419266
sign	5.044614003933943	4.97807752933601	5.113372323332141
preserve	5.130322840180086	4.928665115790264	5.160183585509528
commerce	5.143517518870839	4.973531181929987	5.276206032109704
plant	5.117975267281493	4.799832656941776	4.994287132203009
walk	5.123676704022088	4.85949835935037	4.908218852644911
difference	5.092399689097324	4.948967429547981	5.203111565899168
hang	4.95255302174757	4.8897114200528975	4.818514730670424
following	5.249700231919859	4.870535697374195	5.232207606195929
employ	5.138392508665015	4.922167904206902	5.194728830994848
