deal	5.044460260400254	5.005993233738276	5.099781842611053
study	5.2793567116831674	4.898770682508369	5.240898082139152
afford	5.184947410883555	4.93620898732739	5.215847139975245
service	5.177052140873257	5.0184619661133185	5.275647032607126
height	5.081867558653569	4.865882763220959	5.045623100150281
prospect	5.161067568232884	4.986908148387421	5.164747703780441
pleasant	5.250982688266325	4.835778622715755	4.9791288973929655
shade	5.14555397317004	4.838320096512025	4.958862865590869
listen	5.026474847023784	5.07011369568684	5.032886566807928
mighty	5.006035485716363	5.033966935868733	5.079577840716281
country	5.114782409885531	5.0125820636471925	5.2639964889113555
title	5.211196285671696	4.9671207863942595	5.334062349695197
choose	5.139601424840247	4.949748807283084	5.194390339552632
village	5.1641524228264	4.896976999512847	5.076682030905486
acquire	5.214509425826193	4.967922196255191	5.294958096893397
rank	5.12577217085256	5.061994601583722	5.269297806214763
bow	5.056973026472178	4.96877962194054	4.984561739896612
doctor	5.012717406808776	4.982976644951849	4.996244201334641
talent	5.237652983836294	5.019582210742565	5.316614807985859
source	5.171067874295894	4.965058226149373	5.2524115086539735
lead	5.0595486112538905	5.026602132889967	5.148345969994378
question	5.049039471664847	5.039431279878962	5.25207885159187
publish	5.233424101017539	4.933196964036435	5.322105593025879
interest	5.144574446649666	5.0353477016674555	5.288368484631013
serve	5.058504701742632	4.96404792724799	5.089202938787811
divine	5.12364224185928	5.015848065568051	5.244028474910411
put	4.969867956368245	4.925706412743272	4.944598470345082
shadow	5.059041299780388	4.917136569614195	4.996021376397255
practical	5.1735648601345785	4.971253609150487	5.3190406606313925
surface	5.083648886660863	4.793600153113699	4.964811073332402
account	5.100436236868752	4.976942010579531	5.191088968089995
loss	4.945468443720382	5.09184271793614	5.124011375139428
indian	4.982243516524811	5.029454400222954	5.118967322897096
vine	5.150012428473693	4.775702292338551	5.0060985112291
certain	5.045940550212326	5.021238935245331	5.201949336428668
sin	4.85976357655351	5.128827486985255	5.084149381179271
necessity	5.0006388180155055	5.073676285156034	5.249049256359238
lose	4.986298639651159	5.056734870311793	5.0568232980708325
private	5.0980295995390685	5.056104456745053	5.2731164350019055
gentleman	5.153328568342824	4.958560767631666	5.111510733802679
daughter	5.044076863472165	5.056137584322666	5.0692563779475055
drive	4.853723909838014	5.092647038076373	4.963428625683367
strange	4.9718885603165806	5.044770427337312	4.970759869998172
journey	5.158493153644799	4.930110117202509	5.051883658393904
uncle	5.115202542416483	4.938251115311121	5.004878601478127
species	5.056830461953565	4.931626567443666	5.133967614663524
think	5.032011953966608	5.029396804509146	5.061882094716331
bed	5.020417165641671	4.830346896188162	4.8218187583729
wind	4.957220269879625	4.950663433202184	4.89410575183351
bless	5.08107266639874	4.970463097076801	5.0091377740050005
destroy	4.882445939044576	5.096141052357073	5.110826962891646
author	5.20889136859756	4.983903534047718	5.284127540676067
sustain	5.036502525191434	5.054108314557107	5.24617086836947
black	4.975838613956307	4.863115733410374	4.855923438820059
event	5.080111709994978	5.082494455086191	5.262973188634757
liberty	5.058280865678639	5.116928284883951	5.307223129901576
negro	4.961481922031005	4.959950708487047	4.981639380304301
little	5.116687512876701	4.895220108047319	5.001583568342849
fortune	5.084182226473309	5.076554868252733	5.163730760072298
touch	5.052905481138374	4.97693236971942	5.014913760361785
kill	4.790818125677793	5.089857799497523	4.899130802008704
feature	5.1107535826981225	4.947158770074294	5.096653301886931
happiness	5.114483268495789	5.071175429973553	5.221990707278367
assume	5.073488350516873	5.029177477844836	5.204978946908692
notion	5.070112658387974	4.984587317152409	5.1452883644357525
purchase	5.172471866128201	4.874787320633818	5.149118239509254
faithful	5.127802786145638	5.068021545362815	5.227090068653041
soldier	4.91929671052026	5.1660755516925025	5.0895142461223095
father	4.986332721197409	5.067084431870735	5.055015298896869
narrow	5.02452852102263	4.893267733420113	5.011757713973325
great	5.113356020258658	5.0067259474282695	5.23251501705997
tear	4.916062833659314	5.013661953165671	4.88687411030113
honorable	5.119694547719146	5.120033231970015	5.34654361379234
previous	5.104980639150131	4.96332836274336	5.192247726420177
good	5.093851342207783	4.995414850731	5.114305231200296
domestic	5.1505834714832845	4.9544477051330205	5.185852406112598
glory	5.153665405018032	5.017409239696836	5.183904726943258
lay	5.010902580194942	4.904125776007845	4.961814516737091
occasion	5.0732641574826465	5.0529744688465446	5.199655296813686
guard	4.916372666369687	5.116890075589124	5.085061018099631
whole	5.0743228300574215	4.952075338486503	5.143689993829995
mouth	4.995672577065878	4.880215479345303	4.860955366098128
receive	5.141779249122559	4.981770888268304	5.2113666327495745
take	5.018981755610897	4.977015586301726	5.054164194729054
simple	5.172211879886415	4.8953008050174756	5.144863952302816
error	4.970137110454695	5.0958891080001685	5.2466039635276855
wisdom	5.092840713047431	5.082721521964989	5.266683415495975
rock	4.988884080187076	4.891530921439219	4.912670200831933
decide	5.058064332054841	5.071625822996541	5.286761230616724
exclaim	4.9221457636261885	5.067635384101484	4.905142092252575
assure	5.067585984653009	5.069398780925798	5.153120642733061
sign	5.043728668774433	4.980063853155551	5.112062392424836
preserve	5.126446238482927	4.928721048453757	5.161837360061867
commerce	5.1327360737455745	4.967336650643904	5.268955921491736
plant	5.127210520566894	4.790848221283712	5.004571015198852
walk	5.146885581116679	4.859778819100831	4.923994475595641
difference	5.080554237187625	4.949789928561566	5.196852346809429
hang	4.971038259688605	4.892605467200305	4.83838398448381
following	5.245597443025142	4.86362745006058	5.222843849587268
employ	5.138433825094692	4.91784149298702	5.192911609007471
