deal	5.038132273040582	5.0110775967464365	5.112805385068979
study	5.265247717144175	4.9116677333599545	5.249846696704084
afford	5.175995456271872	4.9517439672609775	5.226352728492505
service	5.179693634963665	5.024698510078875	5.295848347986968
height	5.063613681392836	4.879278550356553	5.045753198060557
prospect	5.152053990594903	5.001419849788072	5.174761044830751
pleasant	5.228484371711848	4.84151875068541	4.976825322143936
shade	5.113929416118577	4.8524170907375135	4.949313896778357
listen	5.003334764117441	5.072699910420387	5.033334957072201
mighty	4.994602324359048	5.04579538357714	5.087058835592052
country	5.115164539123064	5.027751080781449	5.280171844276163
title	5.214323712700639	4.981482272677099	5.354987564184725
choose	5.1376092839467145	4.956778445950818	5.212800323741595
village	5.147798701000324	4.909123381285733	5.081467751084087
acquire	5.208845831938593	4.9816454280478055	5.306550962001505
rank	5.120682870256195	5.073209722871183	5.282582277378063
bow	5.037421694871633	4.9707473232358215	4.984676794981667
doctor	4.998233631672323	4.981180003123852	5.000863103049026
talent	5.232272074500901	5.030700906761058	5.32993189760307
source	5.162992655801457	4.985006261100784	5.2611726096169384
lead	5.044857598453484	5.036321134175781	5.156009891243377
question	5.047250873976156	5.0498232650883805	5.269281280701188
publish	5.231029582053071	4.94822093976481	5.342810793528791
interest	5.143085375216115	5.048961881786243	5.304893354035942
serve	5.048383959826966	4.970445430363504	5.100409263794737
divine	5.114256329069493	5.032908482398567	5.253702374287785
put	4.9551676196246115	4.926836720857161	4.951206966889488
shadow	5.031666119156897	4.930246269728695	4.990274575558697
practical	5.169371828922807	4.986608685928755	5.332760272366901
surface	5.057751994676149	4.8089639637231105	4.957136829227683
account	5.096949474986371	4.988292657073551	5.2073868149171005
loss	4.945250878499548	5.098687372846634	5.139507164771649
indian	4.972316177930224	5.039446836184802	5.127523525616608
vine	5.12987793432645	4.787508397322003	5.004530086096549
certain	5.039842104822346	5.034703756008287	5.215398325506642
sin	4.851897061826014	5.136361827895793	5.094088807244174
necessity	4.999934673312778	5.086631898789421	5.264854206871739
lose	4.97538538375519	5.0642311658388675	5.0659851316359
private	5.098194467104092	5.066078335274429	5.2935327008450805
gentleman	5.1434621382381485	4.95890852044489	5.122048201894746
daughter	5.035010716695799	5.05657365623869	5.078336913474696
drive	4.839417244213377	5.097598595115096	4.9696047343243075
strange	4.9478178572639715	5.051748580831418	4.970706464382894
journey	5.14090896418941	4.937984839015762	5.057922068276459
uncle	5.110570811824781	4.9333129680695915	5.015507851599712
species	5.050183843930342	4.946765340200943	5.14288817576837
think	5.0225682707895	5.031460323704495	5.072372484869187
bed	4.9911459137520415	4.83351678250326	4.811648370803266
wind	4.931125473554232	4.958809602432975	4.888100006263697
bless	5.073045431812128	4.971645570364689	5.017040341485939
destroy	4.877557558744725	5.107884199597915	5.121856942471061
author	5.201411164597807	4.99788887558357	5.297852455547634
sustain	5.033790375036867	5.068808673164888	5.259534817961945
black	4.949219685410197	4.868926722181413	4.849987948101556
event	5.073840574563217	5.0987260882115475	5.279226946883158
liberty	5.0654124447687945	5.127890898780718	5.327378690602506
negro	4.946470557787447	4.962634525071049	4.983628610949062
little	5.0996178117182795	4.899258289859246	5.004488663297198
fortune	5.081372961789782	5.084781424192727	5.180348478888702
touch	5.030926141694942	4.981441085076255	5.01274586266658
kill	4.779809757317646	5.084801998928245	4.9080218261981186
feature	5.086716866407966	4.96233211147847	5.093583422972489
happiness	5.1124095859942384	5.083985193075757	5.237227709112767
assume	5.063393759549278	5.041801765710405	5.214201417633249
notion	5.064989708687812	4.99233447858595	5.1591569717490655
purchase	5.173541390889518	4.883454174987558	5.165330801031613
faithful	5.120499358320288	5.074180486358517	5.240061865427238
soldier	4.911141969333502	5.164347515838532	5.101672149082861
father	4.977658627406366	5.067615901271519	5.063224922027567
narrow	5.000133699830497	4.907893062104272	5.0078120393251355
great	5.1092440360088505	5.020795008377229	5.246858507372963
tear	4.894472670525692	5.016329194527434	4.883078045121452
honorable	5.1250286992786345	5.127865692420785	5.36825972607608
previous	5.094802926385479	4.977193606210699	5.204041905791534
good	5.0895337629845585	4.998121258990585	5.12756969704786
domestic	5.144853919447318	4.966869659569116	5.196258401067084
glory	5.146173870191283	5.033503762887995	5.197057494291679
lay	4.98830380635991	4.913803109361599	4.959355200043773
occasion	5.064496510812065	5.063867277563405	5.21260537279814
guard	4.903041687422318	5.120605771727303	5.09381852578268
whole	5.0637687417430834	4.967106992471115	5.153086803985589
mouth	4.9675907162996475	4.883048721757117	4.850991767763741
receive	5.139125398097954	4.991080104069072	5.227543242055879
take	5.007762800927455	4.981594767875344	5.063971026764635
simple	5.1551450463726844	4.909268312743434	5.148388867370146
error	4.965697229369079	5.109271014347032	5.2606953603353
wisdom	5.086695061672258	5.095867783315626	5.279560169997316
rock	4.9613275990975705	4.902859625683149	4.904702884019786
decide	5.0565027161303195	5.082333581640268	5.305596117199198
exclaim	4.9010680302921035	5.06264582582119	4.9028290119469125
assure	5.061605158979867	5.072276819112165	5.167223014106163
sign	5.0299969805817115	4.989144706059521	5.120995498012192
preserve	5.116069745289193	4.944698191114751	5.171926836814554
commerce	5.1340313102141515	4.986164261073458	5.284663283217457
plant	5.104987979888155	4.803660393003572	5.000743938617409
walk	5.119182185572536	4.861738380427175	4.918988399425121
difference	5.080458626548431	4.960272422153883	5.211841399712129
hang	4.941943356142851	4.897125774570165	4.832050136838325
following	5.237106739655042	4.875514569223931	5.236018138377003
employ	5.128338811552523	4.931645341339544	5.2031172551461085
