deal	5.045814943926738	5.005804673755878	5.115118415013092
study	5.27695734724725	4.90528597965397	5.248719304297522
afford	5.179443030312268	4.942857127456185	5.226733869878684
service	5.1880779582301555	5.016967626993311	5.303583289485302
height	5.0658352184188455	4.873401541031392	5.05309459600244
prospect	5.154917118289115	4.990827325637655	5.177261509168499
pleasant	5.241880764516467	4.838325414229866	4.988253523965354
shade	5.130852250050737	4.846522848944296	4.962977105852619
listen	5.021954341629598	5.068121910098626	5.044966309546836
mighty	4.998831962372521	5.037773599631216	5.092245351616751
country	5.116207454095143	5.018491829319582	5.281096326241917
title	5.218134208083702	4.973569615150273	5.355007348242536
choose	5.141329444951872	4.952131894416676	5.216418067465837
village	5.145522331968154	4.907072336271978	5.091137301007778
acquire	5.215552108061128	4.973505066822828	5.306688062752786
rank	5.136976847092081	5.060624845994348	5.2897764900654165
bow	5.056326048055229	4.964994876319557	5.002697526201239
doctor	5.011831717349032	4.981357015816993	5.0104610512917125
talent	5.248988534737564	5.020050373294028	5.33079809778914
source	5.162639196838155	4.974557780807858	5.255636061210857
lead	5.051631759163382	5.030573666438045	5.1602502554613565
question	5.051722063607938	5.042283474018966	5.265936727010603
publish	5.230909321333876	4.9430582535559	5.3409016431753535
interest	5.146416422707686	5.03651097004403	5.300758528504729
serve	5.05991421229156	4.966439340622419	5.108906428098788
divine	5.126278968329987	5.02017459152536	5.250672125585725
put	4.9632352393081645	4.926685617758877	4.959667345856305
shadow	5.042366929273644	4.924254752006547	4.998972381779127
practical	5.174931467176812	4.9767557498477855	5.32590401742599
surface	5.060787241652554	4.805138433829999	4.9643261700427495
account	5.096561409415168	4.984266281879177	5.20728404081616
loss	4.943930160834841	5.095355762144476	5.145326071451304
indian	4.971187510706449	5.041248200725003	5.139130070480624
vine	5.1364097412898095	4.787143164455697	5.015143016295262
certain	5.043524411482368	5.027728870120168	5.2140320341307005
sin	4.86067673715634	5.132081759436834	5.097332058201114
necessity	5.0027517701578015	5.077976368309152	5.2644712246221115
lose	4.980265622486064	5.059045878343613	5.071133043780338
private	5.102600268479991	5.053894120875086	5.292194311836806
gentleman	5.159758913057709	4.954270859881272	5.131356283428091
daughter	5.049812285295113	5.053854903398501	5.0941268514302935
drive	4.843196383510921	5.096748575137526	4.984047942284188
strange	4.961766670830282	5.049137430311063	4.9811183274942294
journey	5.137820598202098	4.9401860256945085	5.068445148907334
uncle	5.1140525649577535	4.934625309984726	5.024013105164289
species	5.047175245052958	4.941306855620452	5.142068553211482
think	5.032810825186742	5.029506004319076	5.077759916712666
bed	4.998205399255819	4.836137133047316	4.828673399301162
wind	4.939273311867304	4.956715151889933	4.903935259955066
bless	5.082838196928876	4.969478888514433	5.027488643668995
destroy	4.8804575582764915	5.104632262332255	5.1290455139514695
author	5.211622263854502	4.992306827645844	5.296653515716207
sustain	5.040243890627192	5.057234759115015	5.261942199481497
black	4.963324668101325	4.8711459124787675	4.869658902753419
event	5.075716179136897	5.0893721276584785	5.278737458924965
liberty	5.0718765199848	5.116814785136929	5.329224544704439
negro	4.943778013684028	4.966982876338158	4.994142285341964
little	5.109540071552218	4.8978260394572795	5.01313115200312
fortune	5.088766932317763	5.076985319741518	5.1859316763999095
touch	5.048188515259409	4.976870796788849	5.023936728473704
kill	4.779648014427792	5.09880470648181	4.926738503717969
feature	5.105223467843435	4.951086577779292	5.102474447111869
happiness	5.119545210420273	5.072062322789589	5.2350667261222465
assume	5.079216563992816	5.030251785775039	5.219235851624571
notion	5.073716047063515	4.987317134095047	5.155600669514458
purchase	5.164682972583608	4.881547505675181	5.168658101038398
faithful	5.1332437382354925	5.0671329017504805	5.247859259318038
soldier	4.926002488236508	5.162106777821876	5.120874035859987
father	4.990559461350777	5.06627002763516	5.079524940518805
narrow	5.001834918410033	4.900808351573329	5.013511415663207
great	5.11395163486451	5.011144565521324	5.247112307662793
tear	4.909244264029125	5.015453567784089	4.901847641429284
honorable	5.138154623918403	5.116788703554639	5.372210668871663
previous	5.097076510125113	4.971599693559768	5.2077215116053095
good	5.101364860894141	4.995179486580712	5.13404231760747
domestic	5.1552858460661675	4.957717763019036	5.200338864911517
glory	5.156247578938405	5.021142988364026	5.199933466598717
lay	4.996124313052336	4.911567834399491	4.9738474588312105
occasion	5.075410907516378	5.0561846950452685	5.217658421054833
guard	4.914371400837893	5.1155841139227105	5.108914982140773
whole	5.066540980691489	4.9588610375815385	5.155166677400436
mouth	4.976417820810576	4.883978765951959	4.867668621197147
receive	5.14501207322068	4.984175577046328	5.234251459433851
take	5.013514133345665	4.979703970424316	5.072379949970139
simple	5.1687476664810905	4.900994492593547	5.149155382606991
error	4.97267879369968	5.101771113380436	5.2572885453713525
wisdom	5.101927944021393	5.084378941198135	5.278990011381371
rock	4.9612006630361085	4.902438739324578	4.91857573959978
decide	5.061824734682501	5.0732423299594895	5.302840017297464
exclaim	4.917480742665152	5.062682842024453	4.922253783173739
assure	5.071551570304289	5.068033429438403	5.173691395824965
sign	5.037411847428735	4.983256787556701	5.126164879104116
preserve	5.127214955251644	4.936561427109285	5.177448900869194
commerce	5.129262734752078	4.975148312938877	5.2825277359824945
plant	5.113414191696606	4.803454727948384	5.0114871927704
walk	5.131661453246169	4.860148654228447	4.932038979927611
difference	5.082748422253256	4.953452162782846	5.207950879076616
hang	4.957114346493375	4.895646268020638	4.849923246220565
following	5.241005105211752	4.872035481800076	5.239402953931845
employ	5.129660048393543	4.925005088221998	5.203822900657911
