deal	5.03871773354611	5.018345330781995	5.108376893805882
study	5.272810603314645	4.90769437061689	5.24629565020062
afford	5.174650936925564	4.9549993804735974	5.2188154929178445
service	5.174482282613067	5.030300646923552	5.283878013937351
height	5.062310085077489	4.893054142077426	5.038112200308795
prospect	5.148502288525018	5.003584331376231	5.1630041061623695
pleasant	5.223441057780514	4.851821452093353	4.971543984739254
shade	5.112948433858387	4.863248335905801	4.945871229944338
listen	5.0098891672880255	5.073152900040086	5.026606645311625
mighty	4.9888911583272355	5.048931997595248	5.075847350444153
country	5.1099428197402785	5.031603889212917	5.2706009489087675
title	5.213760581865815	4.981074516497937	5.340953067225846
choose	5.129513234655068	4.965548514091769	5.201661482041864
village	5.132449062159396	4.92649379650222	5.069245697206001
acquire	5.210876123464344	4.980397274639752	5.301423117320065
rank	5.121993185271666	5.0750961327721145	5.268841562705413
bow	5.03931184635302	4.980265637631954	4.977013460569685
doctor	4.99830074027128	4.990361963897015	4.999149313015061
talent	5.24021063467928	5.025791577046118	5.323443387960008
source	5.163640961260508	4.978511314141129	5.2536278398114185
lead	5.043676669371636	5.041556237129125	5.1449173514649145
question	5.050669284484759	5.048418177670902	5.261325639545384
publish	5.23073394383132	4.94689828292727	5.3327306999963
interest	5.1453427286543	5.046150282894371	5.2951582361079925
serve	5.041922414170822	4.981137362732518	5.092831543087601
divine	5.1229667836376365	5.020384006925668	5.245226407532751
put	4.94534023986502	4.945337589060609	4.947691113748051
shadow	5.033649773003765	4.9373102707010705	4.983940535323307
practical	5.176037240510512	4.981313121565974	5.328243721587391
surface	5.052952687529946	4.824032855453849	4.958595785696324
account	5.093513312963982	4.995769685203321	5.200950610886239
loss	4.9382302783596375	5.110382534292823	5.132749117165599
indian	4.953420384520932	5.059519041463328	5.116495855581767
vine	5.12348113892293	4.8077415768492955	5.009344860841642
certain	5.038685134180539	5.037800275339783	5.207359913388899
sin	4.854781238325475	5.136318609789937	5.0891939575689396
necessity	4.9977637165506374	5.088562503783166	5.257436452794374
lose	4.97230752993171	5.071632061308923	5.057236744976752
private	5.098803474947027	5.066643017420044	5.279995053360254
gentleman	5.1448217962584195	4.969762549253825	5.11377267266053
daughter	5.0350406978066	5.065543286106401	5.066931276526639
drive	4.825568551252525	5.117247679899981	4.958145240225504
strange	4.9499623754865185	5.058666751629211	4.962897577518206
journey	5.128901973693346	4.9529832338175295	5.047982185813754
uncle	5.102936675955473	4.947627599057915	5.008854494758864
species	5.042611994473555	4.958000822645916	5.140720177996165
think	5.023958597782201	5.0374761131003645	5.066879392495223
bed	4.981359512350548	4.855555398423733	4.8122925593370605
wind	4.921528354243406	4.975936534182693	4.8836783795777166
bless	5.06905977331187	4.977893259587464	5.010218583787597
destroy	4.865785924311141	5.119839933467362	5.115700411954717
author	5.208302214623462	4.992987220769219	5.291247038189789
sustain	5.033484879053431	5.069183950945438	5.2525579751108955
black	4.938598127604679	4.895925895784795	4.845895933216421
event	5.073634673809708	5.096749907246134	5.267102165969835
liberty	5.062149067759271	5.125620247902132	5.315802562671471
negro	4.930623965611281	4.988535190109302	4.978032097801872
little	5.095684544183467	4.912620752598166	5.0007756803025245
fortune	5.078466252927127	5.0905860896123025	5.168921980747305
touch	5.036008508982258	4.9857710806892825	5.009173492490144
kill	4.759448402766253	5.116841004739537	4.903810311397088
feature	5.0949138925197035	4.963088274848353	5.085451702846315
happiness	5.115310506522651	5.077650142508237	5.2269431122887
assume	5.067589412211739	5.041954233494903	5.204843129002398
notion	5.069282441983337	4.99513658637716	5.154465044143879
purchase	5.159067656589682	4.900274815001855	5.157939258727748
faithful	5.122484767482259	5.072941415812852	5.227653841005359
soldier	4.900368449498803	5.181155558630865	5.086246291139871
father	4.975974045628018	5.075090566299253	5.054953022546279
narrow	4.996279839329299	4.919991325446631	4.999648320474484
great	5.10864848691884	5.02174319855378	5.237926613117134
tear	4.888895110797393	5.027256720510674	4.880701013254534
honorable	5.12758026271785	5.1255423375205496	5.355368456086987
previous	5.090470911310317	4.983586832403049	5.196167969394645
good	5.085616670264168	5.006434127883058	5.121324435105569
domestic	5.142241249740873	4.971008777024264	5.190950097085156
glory	5.1437848824035335	5.029680096403575	5.1830002595188605
lay	4.980069219952829	4.928818662542198	4.955313536982658
occasion	5.063615692539442	5.066823078943808	5.204787648581982
guard	4.895498939245547	5.135026112963546	5.078672338010688
whole	5.0584182129246855	4.97340194918016	5.145038652193
mouth	4.957240639487862	4.903252528946112	4.848052980072328
receive	5.134307939463308	4.996426916806265	5.217716509602472
take	4.999906352901918	4.9946396162334326	5.05617204391633
simple	5.161950549686665	4.9086432689330275	5.145130473413506
error	4.973024379732193	5.1056592347908705	5.256012945464534
wisdom	5.093419086471281	5.086997548062357	5.270766474536724
rock	4.949880664572254	4.921535375263352	4.8992807759100705
decide	5.059316365005608	5.081062948661902	5.294885416865359
exclaim	4.902385975175184	5.074894298027154	4.897211594182167
assure	5.063987323857161	5.076695661724993	5.1587602079265285
sign	5.0294517296064924	4.992476303474168	5.109415955864635
preserve	5.112141286575899	4.948765185742783	5.166903982616896
commerce	5.123886977920105	4.990645527153985	5.274997980580937
plant	5.097717404052588	4.8223808295388135	5.005009087175216
walk	5.117734819025266	4.8766006512330495	4.913189618685486
difference	5.080288661836062	4.96635607541677	5.205407720543887
hang	4.938813948709592	4.9181343395762624	4.828718281927188
following	5.234603044814885	4.880320716429078	5.228949398742764
employ	5.123652860621131	4.940195810120996	5.1976211469088565
