deal	5.061354701886974	5.008723050720133	5.101011139514236
study	5.294930303560162	4.913037944554783	5.243614083896814
afford	5.191788168809938	4.948506283873025	5.212555691871853
service	5.200427713178173	5.01972675059744	5.282683237287632
height	5.0788538492986435	4.882841452317932	5.043916467161003
prospect	5.170356215291244	4.996660050971942	5.164344799697206
pleasant	5.251404695400791	4.843558913151418	4.975177065453759
shade	5.141275243984347	4.851187958890991	4.948864900686903
listen	5.041236185073595	5.076299309929391	5.041209463007946
mighty	5.0165342681375025	5.037456987313437	5.079021886191828
country	5.133038727375547	5.0192837349844535	5.264492682681293
title	5.239631869455695	4.97763353035713	5.343435358961537
choose	5.158542080680275	4.9549011444191065	5.203352305829468
village	5.157250865424345	4.909673598865025	5.072516468365885
acquire	5.233799123633046	4.976227089508025	5.29441843690738
rank	5.151024340963855	5.066865123879034	5.276159708842685
bow	5.070413240745174	4.972151678839046	4.989338101070874
doctor	5.023313201607317	4.986912554006873	4.99747348100905
talent	5.266140532141243	5.025093662941951	5.322576436693616
source	5.184620516658962	4.978024235273026	5.248944120672685
lead	5.0703148815243875	5.036985322796108	5.152533109044743
question	5.074288889094004	5.050423090111572	5.261640145380962
publish	5.251458111610861	4.9480415241398745	5.33111602662675
interest	5.165394166967047	5.045065584077676	5.291714408308461
serve	5.068163163850046	4.969039817111517	5.0889833241039115
divine	5.153039016189189	5.022351831847632	5.24799508269223
put	4.97085161571156	4.930321894094025	4.939810941023441
shadow	5.060721021766149	4.930970735208349	4.991565123065409
practical	5.196810271480889	4.982970018714299	5.3213833648621005
surface	5.070605572216548	4.810125988858521	4.949458154426393
account	5.110554374707283	4.989977479753293	5.1928962233851825
loss	4.955282687268347	5.096386478559623	5.120461120391584
indian	4.984253886432075	5.040045451190528	5.1159617243845785
vine	5.144153514474621	4.788363879860201	4.993488946172953
certain	5.062035486713952	5.031953255175373	5.202610002458834
sin	4.884051118878333	5.127666024270171	5.084386385039009
necessity	5.019074244564052	5.083006274657119	5.250201761066649
lose	4.99592356997465	5.062814642385206	5.055592365911094
private	5.11868011237124	5.063559172702546	5.280324632609094
gentleman	5.169600473829497	4.963196352593525	5.118780876308382
daughter	5.0644527634509275	5.054838739915313	5.075409643274043
drive	4.851042721096778	5.098995664113717	4.959805897910699
strange	4.977191921943296	5.05350039966711	4.969740986300108
journey	5.150863920419934	4.945016057189462	5.052492719554309
uncle	5.129604142692343	4.939148781040143	5.010239270082182
species	5.060143864494131	4.9414279399717955	5.122721133918824
think	5.050611808043525	5.03400522938623	5.067683081232741
bed	5.003178337163708	4.840401495135754	4.80791351518458
wind	4.947593874356246	4.960018261130369	4.884381638540877
bless	5.102164714774972	4.964806881077073	5.009976571780111
destroy	4.892872357102279	5.097257568363097	5.103310876369367
author	5.232844870389451	4.997519449475033	5.291649602006609
sustain	5.0574739770755155	5.059936809908573	5.24719015174846
black	4.968011533500843	4.873986473823247	4.848799759761183
event	5.094715691747184	5.096827455310768	5.266985578262471
liberty	5.093675584342253	5.118275480798649	5.316060458379688
negro	4.954148371981548	4.966163862825433	4.971374249329984
little	5.119453344996973	4.903449411650921	4.998267856271756
fortune	5.101716790004667	5.078669130137669	5.165739700371197
touch	5.06485381469984	4.984767568558724	5.016039540163194
kill	4.787061439516364	5.091258054130349	4.895254470002355
feature	5.122008149570602	4.962531862710533	5.097587475922676
happiness	5.140506895122653	5.075592655611706	5.224057857526738
assume	5.094632126692348	5.039570979629104	5.2095765687911975
notion	5.0946600650098635	4.993452371228457	5.150838849437781
purchase	5.175604447281187	4.878992012949021	5.141986822266144
faithful	5.15346397442729	5.070689424552384	5.236645001223605
soldier	4.934102036656409	5.166909063187755	5.0993517209707235
father	5.007649184603706	5.0635694650894845	5.0594736880822095
narrow	5.014468339371453	4.909055042945276	5.002386851503749
great	5.13015945607758	5.015601594851914	5.23431196747504
tear	4.91987787411477	5.0138671312799055	4.879265795975165
honorable	5.1566971526734235	5.119895515458329	5.359098913961772
previous	5.111124715175325	4.979866031264939	5.192569366944291
good	5.115175613583788	4.995669437300034	5.117278634940333
domestic	5.165947009777271	4.960630136230454	5.180329740737701
glory	5.176656582603645	5.021049943583374	5.188369239348335
lay	5.00632654140687	4.914008346325615	4.953933881334571
occasion	5.088282187235655	5.0634228484102595	5.203358261938199
guard	4.923956270709561	5.123857016818485	5.091241194605205
whole	5.079669343964468	4.964179830134417	5.141604284883976
mouth	4.986582525694916	4.889133294061348	4.854080799218171
receive	5.157593541006926	4.988432662433709	5.215281468807818
take	5.02509097497965	4.985835722762765	5.054416107217757
simple	5.186432170936841	4.907270367105568	5.143220384964503
error	4.996052723124934	5.105513867320212	5.251212074161837
wisdom	5.125136940420774	5.085930839386319	5.273625133675417
rock	4.973199504684965	4.90326995087901	4.901882681637186
decide	5.084722829834174	5.082843716344589	5.298550518414169
exclaim	4.930777286402848	5.068832673412395	4.908543455088686
assure	5.089887599603753	5.0744203573988225	5.164102948139147
sign	5.057132840211997	4.990320454660754	5.117885890461031
preserve	5.138248472511286	4.937751396465297	5.157952896888982
commerce	5.143715737972266	4.976713316253396	5.2646745947649265
plant	5.122102867993395	4.801215902743874	4.9900749481014905
walk	5.1428249319222	4.870720552246656	4.923036591791598
difference	5.100234455308316	4.959261862541284	5.196349096445499
hang	4.964240075661315	4.900440179647277	4.83045256843131
following	5.256795574839937	4.882930740880866	5.229677136395412
employ	5.140335328270671	4.9304677969005395	5.188037249295645
