deal	5.036698702412131	5.0063562905227785	5.103210473892282
study	5.264261322263501	4.905300420082777	5.240636122346728
afford	5.169898326204901	4.937618794284598	5.210371415310317
service	5.172860817616628	5.014527968792316	5.2793480717963694
height	5.056876609712767	4.870859637583836	5.028667852026291
prospect	5.147308822690592	4.980065442026645	5.155417363569356
pleasant	5.229649211145309	4.827761350324723	4.96677496522532
shade	5.1201422832063095	4.837882397361859	4.943217378444672
listen	5.011643525112783	5.0648746249687795	5.032044036148715
mighty	4.994725798817859	5.029193731631692	5.072922450557294
country	5.110193343891563	5.01149472960686	5.260802395032366
title	5.206177844121493	4.972907018906737	5.336779923402828
choose	5.132073495534262	4.948383193757418	5.195270009257635
village	5.1418966940792465	4.898323993410571	5.067179805470901
acquire	5.204526811288659	4.971556846627329	5.293179470275967
rank	5.119761673307456	5.0578644232372625	5.266761695135079
bow	5.041869743869625	4.963238260172104	4.980468081121834
doctor	5.003391696683092	4.983685807623894	5.003309244406369
talent	5.2285294702047835	5.017492345821186	5.316797549526505
source	5.160058171095294	4.967463616791916	5.244148236858562
lead	5.0464384664843225	5.0263411347236335	5.145147413828562
question	5.0453997721975785	5.044313511400411	5.256847041459864
publish	5.220028237020085	4.9434688157330235	5.32688990312213
interest	5.138222009217185	5.034016492656008	5.285373412422287
serve	5.0491715920248605	4.963188243568786	5.089256940162154
divine	5.11990909730089	5.01495435336055	5.241633837872972
put	4.954705450079356	4.929954373775491	4.946035691565547
shadow	5.0372486690453755	4.918543625907176	4.983300417450538
practical	5.16556580753683	4.977137878964884	5.318201525882382
surface	5.056252536791031	4.802491230518962	4.948351914206998
account	5.087811310282071	4.983476444668007	5.1925595654408605
loss	4.938967986121096	5.091817048403189	5.124439753138971
indian	4.966465857659475	5.03742055060886	5.11822101156469
vine	5.127765593878492	4.783387975852436	4.9963877205134075
certain	5.037385482242733	5.027007969836526	5.202166977957295
sin	4.862078137681954	5.128960503865282	5.088742882225626
necessity	4.9977293113258785	5.077290497593846	5.25010058380294
lose	4.975364647158385	5.054692241748607	5.053018368265936
private	5.09560674751566	5.054042920541056	5.275345086369694
gentleman	5.143720428322086	4.955751514083622	5.114853265918989
daughter	5.040328376369847	5.048749670810974	5.071124918301229
drive	4.839495520804547	5.092544937528959	4.959602881882832
strange	4.954951246620462	5.044243011035362	4.966750500161756
journey	5.134128758302042	4.9306010487763	5.046612525585213
uncle	5.105701942252817	4.933383568365677	5.009099411935721
species	5.043199548555626	4.939466173379955	5.125705730297967
think	5.023681744087753	5.027647810300003	5.065532714007551
bed	4.997284419858074	4.8324328333864335	4.813315490042815
wind	4.932233097020341	4.952157306299622	4.8812651450996425
bless	5.079747567211951	4.959747808099124	5.007482716053684
destroy	4.876797170634345	5.0973990979684	5.109660631882551
author	5.196101191988636	4.991384386700139	5.286311466141849
sustain	5.030806040249782	5.053772282236814	5.244566462198076
black	4.9501464712413314	4.870491411412861	4.84897704781125
event	5.068830661080346	5.08584506802492	5.262602397806512
liberty	5.062745330760818	5.112169688525584	5.3093355583332515
negro	4.944739166233163	4.968191795333228	4.98138260017718
little	5.098958956769664	4.894974302989093	4.997818474286241
fortune	5.07832118722692	5.070224231697546	5.163511184597229
touch	5.036131042096148	4.976291804650996	5.010886420987112
kill	4.7777551026358545	5.096796024518993	4.906697943965845
feature	5.089524588628498	4.949977101649836	5.088040134808198
happiness	5.114418878613089	5.063917576183421	5.2190608367630675
assume	5.062507694382761	5.030997429325159	5.202897553237104
notion	5.063543401603919	4.990750082489505	5.150004954095913
purchase	5.164124494397688	4.876805959414337	5.14615438251916
faithful	5.12225955376492	5.062052052760099	5.231034689972514
soldier	4.9109370996859285	5.160343398531938	5.092313610560726
father	4.986321945929317	5.060765545795875	5.061928674260945
narrow	5.002032846922871	4.8992181329168005	4.9978730061348
great	5.103398171119424	5.006955177155711	5.229479342535631
tear	4.9046480972840705	5.009166508240213	4.8831051705148285
honorable	5.121998446331054	5.113738313427692	5.353900198903946
previous	5.088757152258288	4.971386309749361	5.192029874477927
good	5.088780376027003	4.991713812177448	5.117468614404523
domestic	5.144264832852256	4.951541258474765	5.180663641210543
glory	5.145438316234207	5.008113753933116	5.175782403200939
lay	4.990475919156203	4.9081254363859586	4.955110576687595
occasion	5.062789719745968	5.053685093085255	5.200917364124789
guard	4.904568771708018	5.11545273719907	5.084625251440618
whole	5.05879863403484	4.9560564766200015	5.137230720243599
mouth	4.96732712630048	4.8853696166856375	4.852783208329755
receive	5.133846697451521	4.981962237571532	5.213899636959754
take	5.0061315183974235	4.980819813624174	5.056443227182921
simple	5.156334891346579	4.900341236422913	5.139871447968939
error	4.966104224973545	5.103377429289816	5.250346280493724
wisdom	5.089994350524561	5.079507865631415	5.2677218435113975
rock	4.960981554052484	4.895426384416475	4.897698765412736
decide	5.051567402823282	5.0759672184901605	5.291242648785894
exclaim	4.909008218137634	5.06260301331244	4.905942882574293
assure	5.060577013856197	5.06605903337664	5.1580358149264445
sign	5.031598459359868	4.9843668533937855	5.114037575090886
preserve	5.113454520991205	4.93208755677933	5.1593975496856155
commerce	5.125045241154781	4.968773829958134	5.259404111070776
plant	5.105698791308869	4.798445472918613	4.995114977493185
walk	5.123246082400338	4.857034087649284	4.914784653386605
difference	5.076085554332662	4.955173296630036	5.1950418184186065
hang	4.946890049863613	4.894720936867129	4.830057652758372
following	5.225616655916184	4.873162481630698	5.223776307177673
employ	5.120708788081556	4.925958081725406	5.188104437271906
