deal	5.054218268225039	5.013749247162991	5.120398690971745
study	5.2821224124802075	4.906792807396266	5.2564305102606586
afford	5.188016007920126	4.940112232426187	5.227868460670893
service	5.190657282494593	5.021866217223693	5.2953892674126735
height	5.065667525639974	4.858360290163868	5.042461600798517
prospect	5.158817774071049	4.987386376450537	5.1706997434219755
pleasant	5.234702091386936	4.847877260491683	4.982033532670648
shade	5.118371597182257	4.839899592432169	4.948416562640984
listen	5.014094756137296	5.079612470260026	5.039033220704166
mighty	4.99532355379085	5.02768666665685	5.0788638879180565
country	5.12913220015866	5.008828837526904	5.277975533825369
title	5.2316966516551195	4.966275333571855	5.354676199360141
choose	5.145964367403918	4.952595543933403	5.209596243902033
village	5.156657672615528	4.907297210956558	5.082123946729705
acquire	5.222505737147262	4.965811106517419	5.306739587927614
rank	5.134122019514522	5.054533010462574	5.27845683247672
bow	5.041020894552456	4.96685881089015	4.985529019768581
doctor	5.011728097305701	4.999539996513149	5.015206924226629
talent	5.252414751148547	5.016862561677477	5.333215552810929
source	5.173286210839817	4.962793347390788	5.259467551745208
lead	5.054179433432258	5.027345971494983	5.15529466278232
question	5.0667632154743325	5.041850116958517	5.274272123950587
publish	5.254215773864507	4.942627203890224	5.351462095805547
interest	5.1590668075628	5.0358932813001385	5.3059488003375135
serve	5.056998148329303	4.970256568622959	5.101795170254625
divine	5.1236263259525385	5.0114155280588495	5.249646902150142
put	4.963709197996083	4.937667364408087	4.958923841558729
shadow	5.0366755893744735	4.915520898644655	4.987983381507319
practical	5.189154956156129	4.969921079386713	5.337258938464904
surface	5.06236110831096	4.7929646185882575	4.959168517797914
account	5.1148114186992695	4.986645174003141	5.215313581359065
loss	4.953695261144047	5.098919097363626	5.141820404922277
indian	4.983622521893209	5.031845628131243	5.126834715354079
vine	5.1339880876691835	4.77877163158831	5.005418494775086
certain	5.054291050848414	5.022715221607947	5.216629384717843
sin	4.857760489014301	5.131112450171486	5.092285903116476
necessity	5.013069665230064	5.071202454054459	5.264143312054649
lose	4.9792762857756	5.06220309500992	5.064388602879203
private	5.11383484876897	5.06140079043734	5.295340293944822
gentleman	5.162440046560943	4.970987564788327	5.132630914430427
daughter	5.042807553534242	5.064180029453802	5.080217220773512
drive	4.842880423048535	5.095897074297302	4.967693895725006
strange	4.959227941232217	5.0563653942859155	4.976092203901458
journey	5.1448327071681295	4.945795674370815	5.060244629868982
uncle	5.118043774756245	4.95348517522635	5.024516039091899
species	5.061234529121595	4.933412526881586	5.144302345299271
think	5.034274021136115	5.038788232470409	5.078924560633628
bed	4.991542044104344	4.846360217020721	4.819744130790879
wind	4.9319742080024245	4.951934889100464	4.888063217869711
bless	5.071657024697844	4.975055739528135	5.013922528556356
destroy	4.882119410095383	5.093857480518137	5.116327976279957
author	5.223681565442713	4.989379112326962	5.306088560246667
sustain	5.045302099222707	5.047642336907564	5.257586195747167
black	4.959026607390973	4.868966694532509	4.857940462292747
event	5.089972200202354	5.085581375156435	5.279955534334821
liberty	5.075934289199864	5.105997446849833	5.322727292743181
negro	4.96022097252011	4.9717775410057214	4.994104684477859
little	5.1089213198468055	4.9063069915875	5.0123449142339425
fortune	5.088431377507086	5.081397502752163	5.176980905128574
touch	5.039146663440008	4.980776048468138	5.018449551797561
kill	4.782439117445121	5.10258460811251	4.910813865932617
feature	5.10188234603611	4.94471229744496	5.097336250805359
happiness	5.119006975916063	5.069593441037973	5.231487959830616
assume	5.081405482389128	5.027371956391018	5.216892754664939
notion	5.08637463720934	4.987012526126012	5.1674233850377105
purchase	5.179829806593245	4.887091851756859	5.165009492434179
faithful	5.12974349217016	5.071339544896638	5.23963919710599
soldier	4.916487501919868	5.1655947972777145	5.098655691233366
father	4.985093108658447	5.074368893012842	5.065933019121793
narrow	5.0041320596744185	4.892221162775183	5.005733964169367
great	5.12196302088632	5.005393062062175	5.247171310501083
tear	4.894308535273795	5.019729142249284	4.885162452355452
honorable	5.1414469077281	5.117068953995874	5.36749331046186
previous	5.110838515797763	4.972385962148391	5.209676974865449
good	5.1005455550993775	5.003052294362721	5.132132447310503
domestic	5.159100221781078	4.958069585914471	5.199511419388801
glory	5.147541606447738	5.008829999732459	5.183476476759498
lay	4.990656778691498	4.910166847359503	4.960742794168405
occasion	5.082928000410434	5.060106066852502	5.21860637920409
guard	4.908833122302108	5.118520530842344	5.0907659609035365
whole	5.074193005203963	4.953838429677158	5.153704095525762
mouth	4.973136977430043	4.886719748421624	4.859792109718834
receive	5.152606589265471	4.98997932551437	5.232051541830283
take	5.017113999816349	4.987996197968948	5.06942701132943
simple	5.169303560629715	4.899264375963986	5.1531582135344145
error	4.984850918001838	5.0955810128466865	5.265759073557658
wisdom	5.09735546813999	5.077539143541735	5.2753757304740425
rock	4.959521002218265	4.890799946748963	4.901897855449661
decide	5.075392812391924	5.07066305247342	5.307423949576606
exclaim	4.908666094141888	5.077619043085004	4.912375905058543
assure	5.075242653902927	5.074835207753611	5.1719902433762925
sign	5.041729032436558	4.986700866890894	5.124465205522849
preserve	5.124313834031778	4.929566995558863	5.170567921625108
commerce	5.145094440477668	4.963300624232983	5.278784162300232
plant	5.109611064637	4.792739413778581	5.001356515734215
walk	5.124117042012361	4.871911694913984	4.924247285237133
difference	5.098983908386937	4.9484602907979935	5.217032355215379
hang	4.945243148016308	4.8995741868415905	4.834837314537046
following	5.253690630590864	4.874640607607516	5.245285778704297
employ	5.141932861204727	4.9238487990894475	5.2064344622525915
