deal	5.048305996663208	5.012725771787305	5.107603986526743
study	5.278176335492501	4.9179267510039875	5.251605350053158
afford	5.181831722155853	4.951442586828658	5.22044298043825
service	5.182416949661935	5.025232317904498	5.288664269276407
height	5.06762857588028	4.886581513416934	5.041805394752506
prospect	5.15794244985154	5.001875753784651	5.168934357751468
pleasant	5.23484076794519	4.855697166627082	4.979533967566545
shade	5.129261366790451	4.865091924886752	4.957580008043787
listen	5.0239122090902075	5.083175745584793	5.042599425842365
mighty	5.004099819982363	5.046118403859618	5.086838802822317
country	5.1215722394208125	5.022660487061574	5.274027311331521
title	5.220932374910148	4.976058493782581	5.345446101417118
choose	5.13994055614583	4.955403560615813	5.202733070772727
village	5.144067282106752	4.9176928126709525	5.076017460769105
acquire	5.218186682161855	4.980398360769665	5.301764291838182
rank	5.133501372433865	5.072154623497637	5.280439166994119
bow	5.052608235821179	4.982956002558599	4.990117867970434
doctor	5.012013384412058	4.99188128724102	5.001737270666718
talent	5.247171158962378	5.030372908333657	5.327754096643386
source	5.173266191572268	4.9797974292589045	5.2573809210936195
lead	5.0568095680087435	5.03993598542637	5.1545799376413
question	5.062431859419725	5.043052981740172	5.262515704263053
publish	5.236182983711197	4.944930432234228	5.335459511277844
interest	5.151818433540325	5.045444436745921	5.297669640580905
serve	5.057351807303295	4.9751896352932485	5.095733538670253
divine	5.1345553504869175	5.027324711674278	5.257911985496408
put	4.9628447591725795	4.934060894079974	4.94193431153058
shadow	5.047820086533441	4.938440305011934	4.995776495168852
practical	5.183403354505236	4.980219812440062	5.328297043071433
surface	5.065946435290533	4.81552633138979	4.955644247152479
account	5.100577127047597	4.987072787445624	5.19692793783751
loss	4.947857584087412	5.101396949483856	5.130117369199324
indian	4.974575550300754	5.041719201338514	5.1195874211470995
vine	5.136223554369658	4.7974127213388265	5.003297351005178
certain	5.049442293999118	5.031767129674996	5.207895908751928
sin	4.871468866086489	5.137720086145789	5.099488306091404
necessity	5.010397640902333	5.081378781328132	5.25773351096709
lose	4.984023765169012	5.0701333224776155	5.061050099514143
private	5.105797846033845	5.064552277438629	5.285416100597659
gentleman	5.153025557718189	4.966808824644456	5.117770363220913
daughter	5.047885350481414	5.069895159078095	5.081747490131775
drive	4.843342372694302	5.10538484570839	4.96357769531456
strange	4.963902340709558	5.0633026551426275	4.974980800549751
journey	5.137301772918171	4.949816648225508	5.052075509970609
uncle	5.113668356259239	4.946585957839763	5.010113038434419
species	5.052172681299472	4.945243637804794	5.132444920566798
think	5.035625524511762	5.038054024266851	5.071020386688102
bed	4.996475230989373	4.851712822208779	4.815201913267448
wind	4.940196601961075	4.9678488262636815	4.88857631957117
bless	5.084443897801506	4.980227068427578	5.020846709529117
destroy	4.886582920528498	5.106367308717448	5.118294724584212
author	5.215229409985145	4.997899402872927	5.297018648764797
sustain	5.045174995998587	5.063092109079858	5.256006174774146
black	4.956910276191695	4.883370964033473	4.849161673130311
event	5.082433119434182	5.096435364749197	5.273811730142848
liberty	5.077944424246354	5.121273294586068	5.325779345765503
negro	4.945701775314096	4.972506000034905	4.97529408190088
little	5.106950469491704	4.911089022918237	5.002564500698334
fortune	5.087944977814478	5.088612199458517	5.172622897784772
touch	5.049140663064448	4.991347953916677	5.0190220196781565
kill	4.7804445232336	5.0991547843624385	4.901979565086975
feature	5.105931965110507	4.969563156836352	5.100396564883626
happiness	5.126941073773388	5.08473148018684	5.236580420166379
assume	5.0786663680128274	5.039934287943785	5.211212095291987
notion	5.0797409255096895	4.990808408550115	5.152846945199828
purchase	5.164602171882248	4.886329340503848	5.149025006720155
faithful	5.1345295197254925	5.077737418023748	5.242944433883703
soldier	4.919614570706776	5.175458666502994	5.100390893269013
father	4.99167397117788	5.07680347544358	5.068093419056876
narrow	5.006857575115932	4.914574999996595	5.005830042316564
great	5.116415416695915	5.015926731636222	5.239961441136353
tear	4.910245920325702	5.031220806088267	4.8922631234414595
honorable	5.139688859733296	5.1225191944151245	5.364318897313436
previous	5.099070466591828	4.977515018572299	5.1960411778864
good	5.099128778345638	5.001157735411255	5.122743681780911
domestic	5.155368420019493	4.968306144208205	5.193570283264176
glory	5.158482192475927	5.030895145856479	5.196504024498561
lay	4.996644504254656	4.922805466389145	4.9603757106769315
occasion	5.075259939821827	5.062676945182781	5.208128069153283
guard	4.912509562052243	5.128502248392468	5.0918197390540465
whole	5.069611545298074	4.9662819721919975	5.146197128313232
mouth	4.975859364085975	4.89647595159116	4.850824230163753
receive	5.1425685906422185	4.9907292640871255	5.219454382139981
take	5.014207091245229	4.987103188027502	5.057043148201685
simple	5.170693897809321	4.913289756544574	5.150933807230241
error	4.985035371412446	5.104005765134664	5.259506263335979
wisdom	5.106756389463074	5.091343805314399	5.28162176159907
rock	4.966844254480127	4.911647599752465	4.9053363472568705
decide	5.070072826978682	5.075781310102908	5.297087320925252
exclaim	4.9173495684674435	5.079059234382149	4.908574815938317
assure	5.073929593750808	5.075772113513562	5.164194607250134
sign	5.040948367984122	4.991170450703362	5.117674272984599
preserve	5.127006577149289	4.943867865281375	5.169462239748933
commerce	5.1369488860265795	4.976611919859581	5.271801641512085
plant	5.113669059012189	4.81178242785708	5.002093251326142
walk	5.126437514413866	4.879943110386535	4.921716674167314
difference	5.089306437785271	4.957103167419869	5.20226363430228
hang	4.953372530423784	4.912564532185437	4.834174889244434
following	5.240937580714126	4.87708698708005	5.230264050649632
employ	5.130983791968798	4.932210948458876	5.19312540667151
