deal	5.034289590255205	5.0064149681166645	5.119290398018198
study	5.265051864410563	4.901296247546911	5.259155463102584
afford	5.164850522626532	4.941694274042279	5.231807940193574
service	5.173016811639988	5.019503087130779	5.298379049375047
height	5.064082502315213	4.882074827205343	5.057506764488362
prospect	5.145115368142266	4.9921548156904025	5.180789596627248
pleasant	5.22668576813922	4.841412970447564	4.986906945941624
shade	5.119405046876309	4.851137324204462	4.964551596924065
listen	5.010257289843899	5.07675490746098	5.050153778830162
mighty	4.9940879196806724	5.04169609871065	5.096907878958991
country	5.106074367090211	5.013617473872949	5.2848934731489825
title	5.2086086368786715	4.971293050278476	5.358048647851375
choose	5.136199652687687	4.956468502922806	5.219809933889403
village	5.141037765475675	4.910583188097357	5.089526802285519
acquire	5.201693893501048	4.9673226549274885	5.311106962059093
rank	5.122834044673793	5.062549697839447	5.287254485990244
bow	5.045506505988566	4.977007416365004	4.997581034328428
doctor	4.9978894188611225	4.987991339682983	5.014523990900452
talent	5.232674793120931	5.013839667214094	5.334306156820279
source	5.157066092512173	4.9680299134064585	5.271000069696178
lead	5.0414276390504185	5.0349010179873765	5.165699733132801
question	5.042560930210485	5.043431317816215	5.2776910519901215
publish	5.224503407716807	4.939580306832862	5.349940230292504
interest	5.137555867577019	5.032933599437712	5.311290015865253
serve	5.045406923281753	4.9711491140277015	5.107021741279132
divine	5.1205235128700375	5.018116298272011	5.267156275380063
put	4.95236830714588	4.9385036539446725	4.960949074827174
shadow	5.037661960859642	4.930806264180084	5.006251817585325
practical	5.163608344332652	4.9709983390435974	5.33903674407544
surface	5.053984358181446	4.810200377341418	4.970732634806291
account	5.086665920086065	4.981735532080371	5.212892342816582
loss	4.936250732952554	5.096785387362023	5.146863123946907
indian	4.963945643843151	5.042454851149684	5.133819561056207
vine	5.12478282602297	4.792635484082128	5.017417221626092
certain	5.032877442425208	5.0255427229734275	5.221000798872092
sin	4.856056515995929	5.135364704210442	5.110063768309708
necessity	4.99107910395098	5.077948993902578	5.272011414369669
lose	4.973437064736153	5.0637061159921215	5.074631486443768
private	5.091401437189843	5.0581933988839625	5.30014464134707
gentleman	5.1409085109393455	4.96067348504372	5.128138721663828
daughter	5.03683999653123	5.0620346212720095	5.089010452058847
drive	4.834194606932264	5.106115098750506	4.977995392096185
strange	4.94933409048098	5.053494414218921	4.98206740732853
journey	5.134186224682519	4.944371725328036	5.068713346165525
uncle	5.104376871294277	4.9428652116781215	5.024404571959048
species	5.040521350314092	4.938707092445503	5.150807403314141
think	5.02155157521753	5.032048552623405	5.081161290357907
bed	4.992478602121391	4.84955777920797	4.831965265307997
wind	4.929461516458167	4.967388665084579	4.9008876157939145
bless	5.075408775995979	4.976483151591527	5.030373580268584
destroy	4.868816204182809	5.104356800478928	5.1295032101577975
author	5.201070962863673	4.985132695374882	5.306614686111698
sustain	5.029723390132856	5.057099472073242	5.268939795464134
black	4.952312266807245	4.879635342682558	4.862623801557722
event	5.068476472341298	5.087085474694373	5.286584166517635
liberty	5.062171079538815	5.116589279145706	5.335834812766643
negro	4.937117221638963	4.972503066267023	4.992561837670098
little	5.096057517290142	4.901674037210259	5.013045908662556
fortune	5.075845170715873	5.078394456237077	5.182892740842164
touch	5.03560010762901	4.98361337567597	5.02771586594668
kill	4.775208438501402	5.107337209195029	4.9176451733862905
feature	5.0921952553632694	4.952245594345392	5.104518688045996
happiness	5.109115081201655	5.070867825335372	5.24468998018753
assume	5.063392665928536	5.03056656920394	5.221241190156255
notion	5.062445332248535	4.983264480662966	5.163316342003713
purchase	5.156963879655141	4.8841107040830245	5.170299579878902
faithful	5.121692512910914	5.0707787190611135	5.250615352065753
soldier	4.909957648732311	5.175809093519418	5.107797111482608
father	4.978540292306449	5.074263377001892	5.076888640823913
narrow	4.994885986388892	4.909690678185914	5.019563133247277
great	5.104344415822311	5.007705797848634	5.252515596585541
tear	4.898638242669609	5.0250382911855285	4.901211209289493
honorable	5.119703580868507	5.117951216636627	5.372882664040335
previous	5.088499180914189	4.973408413771726	5.214059074936114
good	5.083331523576144	4.996099133191648	5.1314883501308195
domestic	5.136499063887717	4.953256184731206	5.202195846246157
glory	5.152951889268514	5.01966910653787	5.204934102826656
lay	4.988272685088352	4.921028961080532	4.974921777754945
occasion	5.061403149460262	5.055339375401216	5.220648690703322
guard	4.900098690697513	5.131722988900506	5.10290838298637
whole	5.0578790267176	4.960085903784771	5.160066809357961
mouth	4.968597723230233	4.8966271398077845	4.865877177627692
receive	5.130708083780202	4.9862820239080365	5.233992796944338
take	5.0029391283241305	4.98745041412413	5.073214148953892
simple	5.155198622938559	4.899669351621325	5.158118145431752
error	4.963278902601918	5.099456416426414	5.27207915722388
wisdom	5.08990152545388	5.081786754823169	5.288116817021042
rock	4.9599032744908955	4.91351016806909	4.9206586122816
decide	5.0520168499192115	5.076761406826977	5.312071116679293
exclaim	4.904802492401586	5.077560064711413	4.9175475950003
assure	5.056844584648261	5.072304474604325	5.174693035526286
sign	5.030991273037109	4.9904864500055695	5.131790633491344
preserve	5.111751094729954	4.934717654948986	5.1787186145979565
commerce	5.118988154976631	4.970619740026545	5.2868437542599525
plant	5.101165233481169	4.806989323411608	5.014864683683659
walk	5.123647244211924	4.871937619697538	4.934193787693082
difference	5.072549383865656	4.951370891485184	5.2164536084307835
hang	4.947350946836097	4.909628238491829	4.845975842677136
following	5.229582109240559	4.875301315703428	5.246478090173953
employ	5.1189448144202725	4.924690227039858	5.208261504887584
