deal	5.030128892689963	5.008159314922541	5.095949920781554
study	5.261770486852585	4.902560122894459	5.232966679006706
afford	5.164235569444562	4.935809213864101	5.204928743407276
service	5.169712661916484	5.014177892403607	5.277119187598462
height	5.062434412294651	4.8612258610473615	5.033551592762672
prospect	5.143507175773715	4.984688472606645	5.154308341439264
pleasant	5.220744571965687	4.832049569997236	4.957721907334958
shade	5.112645983393633	4.832150271744854	4.932854539389558
listen	5.005353711394163	5.06881401932824	5.022569009993774
mighty	4.98832083477457	5.033401689094065	5.071585913922622
country	5.103786301400915	5.012677703211053	5.259589272557766
title	5.210119992434633	4.96754099371888	5.334916366077063
choose	5.12813599182804	4.948143667270088	5.192560483073374
village	5.130016299465459	4.8999784284161265	5.061039476151905
acquire	5.203072758116933	4.966067860356712	5.288727170925261
rank	5.1178488739420525	5.054524243739002	5.265049854152782
bow	5.039320222191634	4.955124833426491	4.973037256579831
doctor	4.990040735802446	4.986524156978445	4.9919353033670015
talent	5.234976114212703	5.016492516155193	5.315260736455728
source	5.155019959660059	4.96948274977811	5.2414196128515425
lead	5.036927930274306	5.024485096120943	5.137157354625472
question	5.039407616469237	5.047178084700262	5.252608496935165
publish	5.227697304577732	4.943480210485965	5.327885010354245
interest	5.134027816112241	5.036318654956409	5.285578914207325
serve	5.040551731725128	4.96254116009781	5.081975131900001
divine	5.1114375511001375	5.017351947003512	5.234950102184787
put	4.947805201339975	4.9241092966073445	4.93501401125488
shadow	5.032391241416036	4.914483624709448	4.975862089119481
practical	5.16405341263518	4.9767846096757005	5.316804935449174
surface	5.052804142076447	4.791902642851505	4.941813386330686
account	5.084295580103081	4.985106398953324	5.189286718820396
loss	4.931438357788525	5.094806686520808	5.123213512797253
indian	4.956749752268573	5.035243290588444	5.107518382417803
vine	5.122568265114441	4.771178011336243	4.986054725938631
certain	5.028058726098586	5.025649172803879	5.194426796006027
sin	4.842214738450314	5.133635513674387	5.078443664335417
necessity	4.985990642898757	5.076938079238959	5.245716304824758
lose	4.967081665576766	5.056942994137945	5.047638332758688
private	5.088241689432595	5.055160924738095	5.275225146823174
gentleman	5.136930628266806	4.953862083351489	5.106340662245911
daughter	5.028017117831958	5.048640082512373	5.062653676002836
drive	4.827757572914986	5.090511392042482	4.953656280664407
strange	4.945508658189597	5.047939862454739	4.9562020159681985
journey	5.130254519882281	4.933684652007365	5.042166215227586
uncle	5.099868879484809	4.9367645263945565	5.002277097701138
species	5.036185273788506	4.9318893323602095	5.119661570861256
think	5.016913561502173	5.032662739171438	5.056915684821641
bed	4.9792026631771895	4.829583805587025	4.80219981739229
wind	4.927314792378155	4.948263244183479	4.876397452678649
bless	5.064557551258683	4.965210183700979	4.99798012884529
destroy	4.861144434934166	5.097586124467682	5.101070514243585
author	5.200933183715592	4.991982455641713	5.282396054935783
sustain	5.026309010516914	5.0514348107947145	5.243146090077529
black	4.947389874556686	4.860929951680192	4.839958782551275
event	5.065564429181363	5.09309192189962	5.263752160683185
liberty	5.054690796941311	5.116985840384985	5.308760564710702
negro	4.924392134672716	4.9638171277139085	4.966413453759559
little	5.090393351082813	4.893215986640317	4.987133618247001
fortune	5.072757091910675	5.071032170606799	5.16054561801606
touch	5.0320052681728225	4.973079130177602	5.000191935395746
kill	4.766225317005647	5.097582669509747	4.8969608943972
feature	5.091050468878325	4.942506642853026	5.080518543672016
happiness	5.100399348902447	5.071297010713375	5.213679598878052
assume	5.061172709715702	5.026994001625845	5.197148841137403
notion	5.056754760490157	4.990824379752649	5.139800467434644
purchase	5.153037959782772	4.868946776834735	5.137642388692551
faithful	5.116162181262132	5.064042311117841	5.223832226495356
soldier	4.909262809291593	5.159537112340998	5.090348209003658
father	4.970490697863374	5.062268947449541	5.050531123943207
narrow	4.990307580802472	4.889261154614297	4.99075843536308
great	5.102728780029074	5.008150371283648	5.22933847172276
tear	4.891759624188706	5.0086015625549365	4.8729362158741525
honorable	5.121715031376362	5.114844340112649	5.351950055412326
previous	5.083502337541957	4.9710695701419505	5.1878860326849825
good	5.08027579100167	4.994351179225084	5.108189457071137
domestic	5.130635636143556	4.9518231965358215	5.171703660431991
glory	5.14783518270447	5.012773993772922	5.177369983833106
lay	4.980743862351121	4.900030099530442	4.944159451129289
occasion	5.0564558457161795	5.057193029485436	5.196287951271488
guard	4.896747872114601	5.1099016063138425	5.078297172330574
whole	5.053545835219781	4.95557517586007	5.134517122137466
mouth	4.968308291854767	4.877652409523706	4.84589647389057
receive	5.12914650231517	4.979265643503041	5.207571756979143
take	4.9962340790281745	4.97809993023707	5.045985032635969
simple	5.150620821534301	4.896126293116611	5.128878000031179
error	4.961450083809278	5.104543843166833	5.247838443868624
wisdom	5.087296221703697	5.082288376534966	5.263801754603953
rock	4.956016003176924	4.889536849630978	4.893695720331821
decide	5.051326659021504	5.076563013349002	5.289455373435768
exclaim	4.9017626624819055	5.062120139207654	4.897766642174031
assure	5.056804084351392	5.06801974711704	5.150509235206854
sign	5.027678960013472	4.981715359706271	5.106727786733197
preserve	5.108587046123238	4.927931721411284	5.151311422114336
commerce	5.1207754944510295	4.965113774971062	5.259120725913249
plant	5.095276154233601	4.786772031249832	4.980734564461235
walk	5.112910029939907	4.854431198448955	4.90581663357242
difference	5.068605804410182	4.953277759834293	5.191008391069759
hang	4.942246395800335	4.885762957633297	4.822304875687479
following	5.230172633085285	4.872372964821765	5.2200943484506555
employ	5.116522818039864	4.9176748912007175	5.18255718148651
