deal	5.043935759512018	5.018470147310477	5.108713886901332
study	5.276751652199393	4.918556153234015	5.2528462026222
afford	5.179958631659547	4.952637125314037	5.22063234978809
service	5.186396086840527	5.020794683412029	5.283995443721003
height	5.07009371987909	4.883025661754032	5.040168545988833
prospect	5.1586002456659665	5.000714136326066	5.167179087603123
pleasant	5.23346678726767	4.848087740677177	4.977354449930759
shade	5.125728896650656	4.860585446968923	4.953883314314737
listen	5.017243849127708	5.088815821388045	5.043441791949938
mighty	5.008223449324609	5.045277150575344	5.084424991512712
country	5.124856999248462	5.022583565556671	5.270193754899805
title	5.2250665222587305	4.985317723181133	5.3488625947967865
choose	5.14491143687414	4.955817091773688	5.200097021336556
village	5.150677803987155	4.908142197023265	5.075415648576461
acquire	5.2199987636856005	4.980404060014019	5.301810362678541
rank	5.133011032023389	5.071096367167463	5.274680216602875
bow	5.047681209678283	4.9807373611751515	4.988258505375468
doctor	5.000435605367377	4.9956890279454775	5.004691095741878
talent	5.245431929605082	5.031928500835744	5.3274100523817
source	5.173395253039151	4.986785020043364	5.25931390196926
lead	5.055191967543549	5.043702076407449	5.156282830977367
question	5.059194802279506	5.057969484036661	5.266997272316191
publish	5.242589842019601	4.953834064764331	5.341403379966173
interest	5.150524890537083	5.050945852162503	5.29572645333268
serve	5.0555949654665815	4.975833276995319	5.095781822373489
divine	5.1330813941840985	5.036721910388059	5.25595247323915
put	4.958572832026514	4.937473554579788	4.947343087933211
shadow	5.046114806171649	4.942430463860656	4.995660544167909
practical	5.18376542645781	4.989127593899869	5.3307467971142275
surface	5.065918527585358	4.814739776130761	4.95608637335289
account	5.097426910479321	4.9971831102844435	5.201287357635148
loss	4.945995750501328	5.102167221369502	5.12595236315667
indian	4.979833946699784	5.044170093870677	5.123539935644961
vine	5.138629629932283	4.790551149356753	5.000412809285599
certain	5.047528882626716	5.040455035361768	5.2094505273424545
sin	4.8668905931547535	5.145633141578122	5.093065028516244
necessity	5.009345812966401	5.08882788313721	5.25746538123914
lose	4.981009548166735	5.071188288230683	5.059183409191391
private	5.105852062336058	5.067761846425128	5.284512704948719
gentleman	5.145388646987252	4.969175859002267	5.1207151885284565
daughter	5.039251551537643	5.064738875576063	5.073582206865615
drive	4.8424778720645145	5.1040470196453525	4.962013491066644
strange	4.956976346798983	5.068193183745109	4.97459614066059
journey	5.145350716913581	4.945670322246558	5.059656764407974
uncle	5.10601884170884	4.948055350714157	5.0136667389754495
species	5.054491493429437	4.946683519216471	5.131656286131596
think	5.028108636237386	5.045325455973767	5.070894730898482
bed	4.993081891902859	4.845161776204224	4.815318049056563
wind	4.940025479673226	4.96602538403661	4.886575545348359
bless	5.082548468162734	4.976213561801822	5.012350660230369
destroy	4.884206496178999	5.107791395351544	5.11155830140848
author	5.213936141483408	5.009909300182496	5.303049297208177
sustain	5.045934536825323	5.066674811094818	5.2526039587087245
black	4.952262201616892	4.882938973911169	4.850579344164897
event	5.084411605852593	5.105157440892033	5.276448275331653
liberty	5.0794937954564	5.124921383950461	5.318505070182916
negro	4.945586345686471	4.9694446024367736	4.979475409470648
little	5.099833854564356	4.909912992035178	5.0027506627254645
fortune	5.085597744132052	5.085560095252346	5.170208087097557
touch	5.040340446280489	4.9989815545048355	5.0204396314299675
kill	4.7822091104417925	5.097892206460443	4.901667673116361
feature	5.097225627809329	4.9761312293805355	5.099847117735317
happiness	5.122318464666442	5.086055830460502	5.228800964708223
assume	5.073280769467636	5.049298679720959	5.211575368276629
notion	5.071845008494466	5.005082297657216	5.156161758990577
purchase	5.1719009410890475	4.879145529456437	5.149824469065016
faithful	5.133600157149827	5.079453490502425	5.240560045029555
soldier	4.923527160400206	5.168874904809067	5.098157310299247
father	4.98603405758334	5.075674047340977	5.063619335648736
narrow	5.008071979739358	4.913233311900426	5.008047708851106
great	5.116843015925586	5.021012923235387	5.2399149114389925
tear	4.9034889601048235	5.027778205613769	4.885369881314482
honorable	5.137937806971815	5.127284174103886	5.360724561295718
previous	5.099747659241787	4.9832527314021675	5.199603337671801
good	5.09340053283486	5.0045291906179585	5.121832378243167
domestic	5.14977985156274	4.965945899024445	5.186797678652278
glory	5.164774022701332	5.028513520271425	5.190924504858102
lay	4.995714236338763	4.9216566523485525	4.961618000937808
occasion	5.07298285069391	5.069399813700581	5.210179467826456
guard	4.913032109825069	5.127473587777804	5.090326186360919
whole	5.069671927029836	4.9692727896900974	5.146777334615884
mouth	4.972636868100768	4.8983259396367425	4.858979683360836
receive	5.141629419948399	4.992509133024131	5.218142538135696
take	5.009577061967321	4.991665615292381	5.059424100467587
simple	5.165696234244439	4.919039480683651	5.151626108261342
error	4.979893126690472	5.120731648456122	5.26103527150483
wisdom	5.105424462703261	5.099239091389242	5.280089798452966
rock	4.971369411515959	4.908369440764472	4.906753493154975
decide	5.070371392078627	5.089075091585985	5.3018676937433495
exclaim	4.906237224612773	5.080999635186485	4.909858589211874
assure	5.067852051593276	5.083593751175811	5.1655227334849805
sign	5.040944053303277	4.999394530808448	5.123061462496481
preserve	5.123149791459106	4.947480099530851	5.167236579242734
commerce	5.144593581855418	4.9763032420052715	5.2710600398316485
plant	5.113977541230365	4.806018199943295	4.99871279652465
walk	5.124769002015782	4.874116458558182	4.924491223531583
difference	5.085100706484971	4.965779155485699	5.200673313131274
hang	4.949024478652049	4.910672312429133	4.8340602655035525
following	5.241783054721931	4.888988956806751	5.237919139336696
employ	5.133698283282196	4.930383135526505	5.195597636272613
