deal	5.034339303313441	5.0090967627564345	5.113253232527306
study	5.264491998790507	4.899935292860082	5.249560765188504
afford	5.167080962974057	4.9429547301651375	5.223499231969491
service	5.166312908160697	5.01338821751738	5.287850010389739
height	5.05980574532925	4.876381510791086	5.048876851057258
prospect	5.140770779564342	4.990286450693894	5.170491671055285
pleasant	5.216904015383424	4.837368227227491	4.979392800072645
shade	5.109598169546683	4.846443700854496	4.953015968921392
listen	5.003314989280531	5.066727856930766	5.039233017211665
mighty	4.99031713430582	5.035952099729386	5.0857095957037
country	5.108470026291535	5.01573403832209	5.2749189286269464
title	5.21252889797436	4.967054541234743	5.346907902928725
choose	5.130764151681567	4.94847765669326	5.206776521135673
village	5.134655913821681	4.903116078630092	5.081383170882265
acquire	5.2036073740768485	4.970178433284631	5.303244475951045
rank	5.114143978782407	5.063184731138311	5.278658883442586
bow	5.031762663819967	4.967159024343537	4.989430119762512
doctor	4.991384247747194	4.984277437085016	5.007935688905613
talent	5.228689786081839	5.018407807012377	5.327235557407901
source	5.160709235487936	4.968932883622483	5.257171644189076
lead	5.040845115450636	5.029153559215552	5.15491099131956
question	5.04803910140353	5.040350370707977	5.266061726810309
publish	5.232954273875151	4.931758256279316	5.338933085646462
interest	5.135995249203621	5.03629032498276	5.29779807338863
serve	5.039940672243083	4.967499443193719	5.096860231205284
divine	5.117625673551711	5.012624725833387	5.247086247878417
put	4.94844354219432	4.932177026811612	4.9523458841329315
shadow	5.03177897293713	4.923225974670293	4.993102767875758
practical	5.169871091130622	4.973801783700843	5.329117014270392
surface	5.05570753758469	4.808154565332198	4.964521457396634
account	5.091119083878705	4.982488142517321	5.205089824821727
loss	4.93187916186997	5.09611306677124	5.134211842094061
indian	4.960927933787824	5.036386578850816	5.125489095834587
vine	5.126974505376746	4.78780968907493	5.00999824579848
certain	5.03535371814792	5.026670457728022	5.209454011303278
sin	4.852926623593605	5.128485474902197	5.089928707847095
necessity	4.9930474058786585	5.07752777553151	5.258454626463934
lose	4.96749633697165	5.059779304880627	5.062111052464374
private	5.088750776361555	5.056392402645738	5.285645301233709
gentleman	5.13292680519224	4.960377663965575	5.125138765624263
daughter	5.023497982814595	5.052230017566046	5.074609950767119
drive	4.826381180029885	5.101304367658916	4.968872253597841
strange	4.945404953151661	5.048301309020665	4.9717709714066824
journey	5.129795108770394	4.9324859898092095	5.060205415023889
uncle	5.09827388908994	4.9352433505407	5.018409950421963
species	5.043861695184435	4.942534579591458	5.139374461855891
think	5.018631469424814	5.02885208334007	5.072396675182892
bed	4.981012112173897	4.838405735796564	4.819748865848957
wind	4.9242460488892155	4.958750172120281	4.893193767798487
bless	5.066785451158201	4.9642654343379675	5.013480099824188
destroy	4.868312809060146	5.103573057731168	5.116214307096647
author	5.203822007491843	4.983696198587121	5.29509549935295
sustain	5.0290781530159085	5.05627169559036	5.255629460330801
black	4.94190177000305	4.874774824171883	4.856680804631432
event	5.068944919314593	5.083529896655884	5.272237440223612
liberty	5.058469298826253	5.113183498070905	5.31892007633902
negro	4.931833642149706	4.970160155612797	4.987545021656991
little	5.0909253569819235	4.900392069910458	5.007585269648419
fortune	5.06872436458618	5.078430313505337	5.173682814687253
touch	5.029048960102831	4.97819756705724	5.0174335343369485
kill	4.767845521525628	5.097362173303676	4.909090776771982
feature	5.085225341506354	4.953238454288805	5.09697479847756
happiness	5.103576306104302	5.069331176276444	5.226393282447534
assume	5.058313791614577	5.032406992022741	5.211063621369379
notion	5.065458108948689	4.988912761875183	5.158241730770608
purchase	5.158815917860768	4.879595130641807	5.159068106981312
faithful	5.114963727185292	5.060325698042091	5.23588660230882
soldier	4.898056034307267	5.165320213547506	5.099933487937495
father	4.969304540826601	5.063257096775623	5.062673275595156
narrow	4.994172319466803	4.905353420371372	5.010668211504708
great	5.104215806440135	5.009740028656963	5.242516583226841
tear	4.8878976631240425	5.014853427286648	4.886566356795035
honorable	5.117356643023556	5.11565523070012	5.361878618371771
previous	5.086976764935792	4.968456617425241	5.201251072662156
good	5.080436668696908	4.996252014219032	5.125305409157496
domestic	5.132866613971158	4.958342728640728	5.189995584444752
glory	5.144011397436546	5.015065134301566	5.1897740026752155
lay	4.9819775752790365	4.912472807269375	4.963601987930998
occasion	5.056857999614906	5.056009852551306	5.210792805472141
guard	4.892663212050859	5.118401262161912	5.091313844277113
whole	5.057186480051314	4.96029479706062	5.150560030510266
mouth	4.962256579861263	4.888352892700448	4.863478015434796
receive	5.129210161050696	4.982070987389437	5.223209586362122
take	4.999585195195972	4.981203908191989	5.063237156266245
simple	5.153819386206775	4.899650936159003	5.146961975412014
error	4.971566311632968	5.099079603884406	5.257967427539118
wisdom	5.087756700884141	5.080213329536136	5.274314577473817
rock	4.9567285992927586	4.9009843619956825	4.912193152310236
decide	5.055416872024045	5.0717003684794975	5.300470701802608
exclaim	4.895530808678652	5.067468221575276	4.911988245824456
assure	5.056731576370089	5.06689534742992	5.167220891055996
sign	5.028955809651061	4.981116381942515	5.1202881969488105
preserve	5.110035926247701	4.933856901082977	5.167272324060581
commerce	5.125774059480758	4.973634467112178	5.278508668740838
plant	5.10206010648013	4.803411051418096	5.006102811727916
walk	5.111502877126784	4.862657622521682	4.9250093382153945
difference	5.076248774528868	4.9566641937299245	5.206186292876761
hang	4.937731964137358	4.90086000360779	4.837343320920483
following	5.233310991477359	4.864350244511009	5.234472616322579
employ	5.122394222589917	4.92523781820853	5.202017056856798
