deal	5.067396650233405	5.014283328012924	5.115443904268269
study	5.293957017477709	4.915285607916312	5.253713514260761
afford	5.20010451188693	4.949930264174716	5.227938695922407
service	5.206384548705115	5.021071973684993	5.2986467349794335
height	5.1040557931829245	4.876735227125394	5.0509099622506595
prospect	5.1865293783829225	4.995444970835076	5.182159827100335
pleasant	5.269996200008066	4.848077376589048	4.9935289850481475
shade	5.164102944022109	4.855362467190778	4.966774663477531
listen	5.047979278462958	5.078205108248945	5.051967924490015
mighty	5.0382354151066915	5.042728250162378	5.096337059757054
country	5.143182463352851	5.019417531765113	5.277767298540438
title	5.2362972366701115	4.979388863808156	5.351132876680222
choose	5.164800879646939	4.957907381494185	5.21557953924399
village	5.182312184093966	4.905914052351954	5.091500634992451
acquire	5.234041059913891	4.978707042151105	5.3047871670282944
rank	5.157453850317322	5.0633200959245706	5.280857868242772
bow	5.082492233380608	4.975132750047198	4.9992406621078045
doctor	5.030446559413708	4.98903382949294	5.014597505255475
talent	5.26456464259994	5.026747775507532	5.3289214549228126
source	5.190109564109253	4.980510188777738	5.262117259187479
lead	5.076329724326965	5.037351837279066	5.161518717001122
question	5.068750142478045	5.047078277955173	5.265404550771955
publish	5.252153504293599	4.947761799004383	5.341142244608829
interest	5.168566448736289	5.042727283335352	5.300503697191276
serve	5.080203315890855	4.977020226662129	5.106624756466887
divine	5.1516422190723885	5.029588297765507	5.2589975200688945
put	4.982240586300837	4.939272582982768	4.958340516687434
shadow	5.078242562075648	4.933050070612902	5.005870438177236
practical	5.191630137717523	4.981991109499327	5.326267639859098
surface	5.0941591750987705	4.809508400637201	4.96331346487412
account	5.11666827924519	4.989441052394015	5.205428179114004
loss	4.973589397023418	5.098488875144364	5.144254729820682
indian	4.998548131423293	5.038158481034799	5.1307008753389445
vine	5.164316395536353	4.793277065569764	5.014275616472998
certain	5.0641384389539015	5.032469679958398	5.212421201699439
sin	4.8922912892128	5.139166304161926	5.106736311200013
necessity	5.020752682363291	5.081597935458288	5.2615000705607615
lose	5.0113911544960965	5.067224989211206	5.074139092128731
private	5.123197134108077	5.0628954062818625	5.2934757054018915
gentleman	5.173069417094222	4.962223089814733	5.128637890689924
daughter	5.079070374934852	5.059542365300126	5.097117731733837
drive	4.8742378092094665	5.098790426458319	4.978824426335553
strange	4.993034413625334	5.05660161746657	4.985653374868769
journey	5.171829859304671	4.946062386073754	5.0758586010559394
uncle	5.140198281052284	4.946372426195065	5.03432838065008
species	5.07251355987493	4.946058519215251	5.1392792757734735
think	5.056782683464331	5.038932874988111	5.082862203062072
bed	5.03073073617993	4.8462441070924065	4.836178352207382
wind	4.971912573722776	4.960589997959821	4.901414041653783
bless	5.116961888054408	4.979389620564294	5.0361205800072355
destroy	4.909522626266792	5.106798754801696	5.12727408118714
author	5.228693546244044	4.9990689701130995	5.297229401336831
sustain	5.064273837910715	5.06143075179505	5.260146341505321
black	4.992533940600062	4.873686299082181	4.862734090063899
event	5.1051592244913335	5.091875438001113	5.279448479081547
liberty	5.097110582737545	5.11872466186996	5.3249603320204235
negro	4.9731689750076224	4.9645336477378175	4.992117436101643
little	5.1321207013639345	4.90774519080683	5.01425962809988
fortune	5.1153783690365495	5.084685096384628	5.187364172890558
touch	5.07214833144931	4.988506030608727	5.025601443090931
kill	4.814524177584266	5.097947341505112	4.923907124207944
feature	5.132635831270156	4.9577735671234	5.102397871799408
happiness	5.147658575784125	5.080036929292595	5.241028522778795
assume	5.095688580363995	5.035701013744485	5.214016647155947
notion	5.089307284414795	4.994279025079542	5.152902961174829
purchase	5.189182845582704	4.88983718075029	5.171602071361844
faithful	5.155981941802187	5.074475249649411	5.250827682247961
soldier	4.952558506694665	5.1640466750608836	5.112706807183686
father	5.020020266133282	5.07149204147942	5.083647821434305
narrow	5.0340464190849525	4.907162844924977	5.015420603492968
great	5.137784740753898	5.01671546759976	5.244598352709467
tear	4.943329059240419	5.023364757658211	4.906022383451555
honorable	5.154215072795699	5.12089057483671	5.36874694353502
previous	5.118741987722519	4.974892643748094	5.2063165664972475
good	5.11859269784972	5.003119152575295	5.132719435166474
domestic	5.17322374114429	4.963767804284396	5.196688022897547
glory	5.194501539123792	5.029308900863588	5.2056755928559255
lay	5.023886105553462	4.9206727639613375	4.9732602160170964
occasion	5.092168381558254	5.060029891131192	5.2137383388876195
guard	4.935950445574973	5.120816208764242	5.103415444545616
whole	5.094746657159631	4.963291121331277	5.1534562365035
mouth	5.0068854458736505	4.890496232565343	4.867041969175917
receive	5.161045180367273	4.990234790566973	5.229331214435291
take	5.03330024007242	4.988128166854899	5.070395761954039
simple	5.188426820523461	4.912393839712774	5.151768945664435
error	4.993202261609724	5.107171274304329	5.259043939901088
wisdom	5.123280734409373	5.093316999651098	5.2832708561531465
rock	5.002941218290203	4.9047441277292405	4.920066072921295
decide	5.079274441542256	5.077138770757955	5.30160735147373
exclaim	4.945822435476785	5.069935628593393	4.923465095142532
assure	5.090287983142728	5.076499436700687	5.174235102197247
sign	5.061282814240067	4.991069751856594	5.1271652528805
preserve	5.14800850331227	4.945530590940573	5.1743160078453645
commerce	5.152542092565938	4.975827724650113	5.277457920116089
plant	5.141102561352282	4.8086868598556745	5.010548772905277
walk	5.16030981978942	4.873451799711722	4.940071565591278
difference	5.102845943536123	4.957597373041685	5.201834164541198
hang	4.987238616085022	4.907427387498982	4.850748618776956
following	5.25756426858035	4.879340266391847	5.237884337626285
employ	5.148481262765256	4.930833293316692	5.201304866487018
