deal	5.052044380058997	5.000622657898069	5.101413790659692
study	5.286921859382187	4.906163433522757	5.249025113374725
afford	5.188598474177769	4.938427656663806	5.21538751217335
service	5.193942319253648	5.011996506256132	5.285182138992959
height	5.083959146460809	4.854905634446353	5.030875296205278
prospect	5.170374463066332	4.979911303902553	5.160762299497511
pleasant	5.256444629419096	4.834426921022879	4.973623572487291
shade	5.148741881204057	4.836838615681376	4.947808329469989
listen	5.042696972396215	5.0602227946610725	5.0357204536328055
mighty	5.016347304327724	5.017940442415609	5.070995379910644
country	5.127754515291626	5.005541312107714	5.264775884093664
title	5.229106218299465	4.964970107206473	5.339188699949108
choose	5.154767555132211	4.939836576296032	5.200764634715047
village	5.16557163987544	4.8970967627118895	5.0662373010344615
acquire	5.2216799996213075	4.967624104427177	5.298428799069282
rank	5.144211920232879	5.048988641592803	5.269045472651609
bow	5.070864707828217	4.955657924229554	4.981893940630851
doctor	5.0171786252881345	4.982615730408544	5.0003048816977875
talent	5.252831130347921	5.014817772728421	5.3227312420225665
source	5.179083918046652	4.965790930105086	5.2516071021665764
lead	5.06838018637486	5.019497757298857	5.1473854258522564
question	5.064472112722115	5.036546799262717	5.259763900939078
publish	5.24900002608955	4.935320976631179	5.332832122646763
interest	5.157875149106605	5.031367342538938	5.29236687183974
serve	5.066652605500574	4.958916621841519	5.092932002194403
divine	5.143198773204926	5.009408467672447	5.249401038020115
put	4.967442377352323	4.920547294603243	4.941018199516433
shadow	5.0648478141409115	4.910737653096458	4.985657308945665
practical	5.184393932106268	4.972289342350257	5.325420495904227
surface	5.075148247058062	4.793206673899879	4.948181705058771
account	5.107896929412618	4.97880356081896	5.194358162828211
loss	4.951284907747375	5.084309282368496	5.1246310882004416
indian	4.987256053083581	5.0272510697984405	5.112067662912268
vine	5.145150801404121	4.776799203835962	4.998119982354888
certain	5.054457454830964	5.019499562961008	5.20320029558655
sin	4.873821356467338	5.116994124513381	5.08860432291083
necessity	5.010063027936131	5.071447957353688	5.25370026743352
lose	4.9944288762201134	5.046502123477592	5.053822835148704
private	5.111866247032898	5.052144870365492	5.281801857333933
gentleman	5.16334651271466	4.956201872814752	5.115947954223204
daughter	5.062581097393506	5.043874773670079	5.073223511186569
drive	4.856648831183966	5.079301277589691	4.952751424556305
strange	4.981816305279571	5.037138347656636	4.964782152754745
journey	5.160488302108945	4.930278288641141	5.049407054432642
uncle	5.123986516003701	4.933132619973101	5.009422555397153
species	5.05672001977578	4.931192463813961	5.127295809845137
think	5.04466815938181	5.022010122176364	5.066497192240365
bed	5.013321304072502	4.83206272934903	4.8107253579214335
wind	4.958155278824326	4.939935346006675	4.877494650870428
bless	5.096891229999717	4.957915591968427	5.0118396166951005
destroy	4.889898838192561	5.084283858531374	5.106755017985175
author	5.226086220796168	4.984920562737563	5.291963838773107
sustain	5.050071738285835	5.043564680531494	5.249273953006464
black	4.975858959049307	4.858040719664664	4.8417298018224635
event	5.095000258873109	5.078365414163502	5.266825932099364
liberty	5.082545965333594	5.102934407184698	5.314194185286123
negro	4.952655160026409	4.960157707753724	4.968334237001281
little	5.117679134937391	4.8943611083748575	4.997696606548838
fortune	5.095406742657581	5.065922542356901	5.164658081501608
touch	5.063813961701798	4.969935137405766	5.0135912658688495
kill	4.790728163139352	5.079124896806701	4.8940078602083865
feature	5.122780025278221	4.942247181818733	5.090747125073149
happiness	5.1312465807998295	5.0653518069361825	5.226786337860444
assume	5.088595377916298	5.0227569359289115	5.206175496023869
notion	5.080107581406532	4.9828181119577675	5.14732253884354
purchase	5.170804785949081	4.877939062580055	5.149255442341008
faithful	5.148726417507706	5.057305327934056	5.235827735078064
soldier	4.936286216210084	5.147845162162394	5.089726080796358
father	5.002516616543328	5.055613251508634	5.060570179069004
narrow	5.018321118301469	4.890706903782424	4.99618540758713
great	5.124754071265701	5.000203012797652	5.233224653865004
tear	4.924337877763378	5.0022061780493035	4.883419650478289
honorable	5.142620640613619	5.1081406580971676	5.358309484856758
previous	5.11179728798986	4.96544480120635	5.1954318120109555
good	5.104116005844827	4.98981982268657	5.11910401869185
domestic	5.160390423803907	4.955602800642575	5.187778940696336
glory	5.174369471247839	5.000174774767315	5.18301936584856
lay	5.010531926743007	4.900210416959088	4.953264041050267
occasion	5.085336160001148	5.052042220542569	5.205605084054837
guard	4.929162147418544	5.103097136826171	5.082114691443604
whole	5.079149962883056	4.94759326924504	5.138396793233694
mouth	4.992448424038883	4.874602913885571	4.846068144440969
receive	5.153415965013633	4.9787826108731466	5.218217570330691
take	5.022679715680534	4.974244147324719	5.054688284816567
simple	5.180071036499624	4.897652919997142	5.1449076813936685
error	4.984535602087398	5.089432561762748	5.253116853323054
wisdom	5.112103708191261	5.071854363746779	5.273010586917518
rock	4.985248577066901	4.882602038889016	4.893186058215461
decide	5.074665502681028	5.065657622541872	5.2946719994117535
exclaim	4.93159837014889	5.054932650198073	4.900610628987936
assure	5.0828515547833	5.062181791783774	5.160778890923784
sign	5.054670131583135	4.97529865740591	5.113925494757604
preserve	5.135093086431766	4.9265479380782455	5.164591503917255
commerce	5.141477202598844	4.964587289679563	5.2667076393077625
plant	5.122008532768056	4.792189621683464	4.995451442113663
walk	5.147687462334278	4.858052401760106	4.9169710198065735
difference	5.087994183665009	4.948325425953182	5.196614436904083
hang	4.971750899262554	4.884096877993176	4.825847422907454
following	5.2584644824941895	4.868184785037355	5.230014353204621
employ	5.139215586279218	4.920575811045192	5.191599814026519
