deal	5.033866608073607	5.035180030194021	5.124533438027874
study	5.2690729225205715	4.938624540403449	5.273318384131507
afford	5.167413105925358	4.9727614322505	5.238915622408548
service	5.180370129118977	5.042270043289146	5.305817112156114
height	5.06164093148131	4.896092454566824	5.060519075983764
prospect	5.145581667460869	5.018686185915662	5.186903633417998
pleasant	5.226252338574866	4.8633000300027325	4.995379799539295
shade	5.117048951676412	4.86833889249604	4.9693098284479
listen	5.018479918314097	5.0932293758291225	5.058936215827738
mighty	4.9950029143442345	5.057114871036643	5.100595542460595
country	5.104752249460176	5.047401238976501	5.2890246634009195
title	5.213065912475953	4.999482299002529	5.363799246029842
choose	5.136835096744094	4.976322628505687	5.2261980411843725
village	5.134424500217219	4.931202868902723	5.092454301853561
acquire	5.2058377349762575	5.0044120195076705	5.3213868816580225
rank	5.127805085061919	5.085894158105589	5.294946228659823
bow	5.051626100458887	4.9830788803570405	5.003783152569766
doctor	4.999371098222319	5.011199055704562	5.02010487309082
talent	5.238122460992005	5.052139072236828	5.348154485321321
source	5.156642974662453	5.0069622502384155	5.275921490344267
lead	5.044042261638769	5.057373543055456	5.170383846666628
question	5.04627922397113	5.074662339468047	5.282444442596452
publish	5.225353772058987	4.979030843585724	5.3605840410113865
interest	5.138104134953416	5.072428597010069	5.316739607189277
serve	5.048023785886652	4.9912808155436394	5.112910511880429
divine	5.127674854625045	5.044516179106497	5.273023312862297
put	4.948901713066452	4.9540409019764615	4.9619077414921
shadow	5.03862145866954	4.945432687069466	5.0107298775660825
practical	5.167556775598406	5.011963091479616	5.3494126688910955
surface	5.049588771616126	4.830509483352373	4.972643004939509
account	5.085467002098987	5.0180127093191	5.218665466433624
loss	4.935003085931399	5.126287469612531	5.147692589890249
indian	4.957902910606675	5.065876911458371	5.132067839320598
vine	5.119388262472252	4.812132542277749	5.020392690652142
certain	5.034096655247533	5.057358413156604	5.224936164837432
sin	4.862044281695543	5.153904143243456	5.110740155583818
necessity	4.994223961275224	5.108783922164583	5.274031631307556
lose	4.973004002674982	5.084818005989918	5.077568995778035
private	5.0963147420995	5.088059518848285	5.304344450187603
gentleman	5.145019626808465	4.983285222199554	5.1367961902297825
daughter	5.04019022391182	5.0740663055324955	5.091568281616984
drive	4.831059985794969	5.118119122263987	4.975924712367609
strange	4.951941065057663	5.073224707044259	4.987524523763402
journey	5.131442015039809	4.966402124808645	5.074008871597043
uncle	5.10383542945902	4.963871380752498	5.030348897556062
species	5.033641122036365	4.9731777326856745	5.1502482260569575
think	5.025112418415687	5.056000290111924	5.088405188277707
bed	4.986669648105685	4.85738854108484	4.830300136303472
wind	4.926811318743345	4.978992008030658	4.901772880935438
bless	5.078940130985506	4.986997345371278	5.033105079426938
destroy	4.865196106095779	5.127273361346996	5.127778785098122
author	5.2032595824182035	5.025131713563401	5.317012513301554
sustain	5.0317264982746135	5.086156060898406	5.272295388627678
black	4.945653411298464	4.888842986542374	4.8605128012046
event	5.069398663149401	5.124298366425262	5.2936146679348255
liberty	5.064104455943975	5.144030754474177	5.336581438143985
negro	4.929119523940231	4.991738245263631	4.988787186272597
little	5.095072232615677	4.923837233778467	5.019345627010057
fortune	5.076596546004134	5.1035538068795265	5.188342987244431
touch	5.040588830370507	5.0033690320751765	5.034352675782613
kill	4.76993933988649	5.118403510367193	4.9162058297877955
feature	5.095011880250469	4.97749291522752	5.111985580105377
happiness	5.111915929997074	5.10165179529946	5.248404496765172
assume	5.068269597893583	5.058250873588605	5.22746409211513
notion	5.063374552759605	5.017142777176726	5.171399445900334
purchase	5.1542766418446515	4.907188177306375	5.16927823531761
faithful	5.12967017626885	5.091496655880275	5.25703000095171
soldier	4.915993253079827	5.182953553145367	5.111406671656558
father	4.984466762997473	5.084800359172279	5.079090182361005
narrow	4.993259799922888	4.923981034670659	5.019021474397516
great	5.105299021029821	5.0398647348844765	5.259045477010709
tear	4.898948727568508	5.037816959986538	4.9023619572109425
honorable	5.130702067439172	5.143958693068011	5.379508172362553
previous	5.086609430063168	5.006068639691988	5.219261509218651
good	5.087467809849671	5.020647529429604	5.138562805017289
domestic	5.134327024533988	4.989325678845761	5.205208732021177
glory	5.1544098310718525	5.041191644993172	5.212585028419108
lay	4.984813555557878	4.931762769383686	4.974628076649421
occasion	5.063395951640835	5.089349737899392	5.227708085102392
guard	4.905242821590561	5.137653063824251	5.103051438770454
whole	5.055059900714354	4.987038136661856	5.164036825642837
mouth	4.964806479801728	4.908452050340375	4.866636187955519
receive	5.135626233815376	5.014031489551487	5.240177435864472
take	5.001483356425038	5.008404940662104	5.075430505649977
simple	5.158968262030318	4.928548178241254	5.166684952594268
error	4.967795846145952	5.135390217994742	5.277594353535368
wisdom	5.098294797500611	5.109390819935141	5.296794073146941
rock	4.955397835738982	4.920529827398288	4.919492225567921
decide	5.057862442350663	5.105303348900538	5.318710122952576
exclaim	4.910890453665599	5.08506920683449	4.922426528089926
assure	5.065589730389994	5.094163106548157	5.181710163756787
sign	5.036524091018582	5.009953127359529	5.138150545678947
preserve	5.113062020409778	4.963131270194377	5.184953992682201
commerce	5.115163629831976	5.006718333639606	5.288121732297362
plant	5.094971717965883	4.826590605762281	5.016376897442464
walk	5.123392394561648	4.882914110764789	4.94072742404516
difference	5.072272021863902	4.9878298924086	5.220972145799732
hang	4.947066078045307	4.913045924760468	4.849014776502401
following	5.232225261164479	4.907247947328827	5.2557407697839365
employ	5.118179775959168	4.956932380697467	5.214583163667308
