deal	5.047426069080183	5.025963526234511	5.116163630055963
study	5.285808355287644	4.924497509816056	5.260526142687629
afford	5.180933294542801	4.965392473798251	5.231068886647957
service	5.177842300542841	5.037231649110136	5.300310331432244
height	5.0727399531625945	4.884191636744514	5.046048567474202
prospect	5.157191636141734	5.008142007676707	5.174845343783007
pleasant	5.246135399524099	4.853507339915006	4.978415597142913
shade	5.135445991321373	4.853251724343594	4.947445143631793
listen	5.030039879490985	5.0787251237224496	5.037470074940072
mighty	5.003432693978657	5.045056150750629	5.082642583084779
country	5.117364639837807	5.03907439436943	5.283755711072307
title	5.215766815207061	4.996935829760815	5.354798571995929
choose	5.137714119087194	4.96593447829231	5.212319453876155
village	5.144625928009218	4.9200871270177435	5.079012646090264
acquire	5.222480707421626	4.994401736180365	5.317343323841098
rank	5.1293554806727615	5.078799282779463	5.284742085177473
bow	5.056039274336982	4.972679940627796	4.9846195916072915
doctor	5.012647819376689	4.99697293267208	5.010400604559919
talent	5.25198115125279	5.042646582310714	5.340819254486988
source	5.173851145443453	4.995523059537424	5.265121737258866
lead	5.053719920395704	5.04610086230044	5.156286833359618
question	5.057087943793573	5.061865916942561	5.274281635467763
publish	5.23783318510483	4.965884479267477	5.349726909641391
interest	5.14937954278329	5.060887097463247	5.311506987027387
serve	5.056335219538935	4.980983703333399	5.09900842131865
divine	5.132588666072462	5.032007821729148	5.253928903560861
put	4.961938650422146	4.940209529115631	4.950130045091506
shadow	5.0503688336696335	4.92951185330852	4.986392343544725
practical	5.184460602425888	5.000502102902042	5.3441609251867455
surface	5.073917806115794	4.813662883747899	4.959891067365565
account	5.098077655296976	5.007546720965655	5.210280697442598
loss	4.940895408332794	5.111511841274946	5.140284521359313
indian	4.969500843022055	5.052289409576961	5.122333552552442
vine	5.139982911717554	4.794945147612476	5.0087479149203435
certain	5.045760512982237	5.045945611834659	5.216417522951705
sin	4.861888442944623	5.138170452165904	5.0909620930294155
necessity	5.003670191446891	5.096949733850064	5.2701896155026065
lose	4.980267135555789	5.071609002886061	5.061412866526357
private	5.095785483276977	5.080298272827883	5.297806605066753
gentleman	5.151175092740595	4.977914426038236	5.127654757715035
daughter	5.038708056987806	5.064944015150467	5.075460234537454
drive	4.837113312445294	5.1064343341720715	4.963353636381446
strange	4.965677403266221	5.058892393382854	4.965809895881625
journey	5.141579427725135	4.952470820656523	5.056706739398252
uncle	5.110333554917826	4.9530527173394665	5.018424775222161
species	5.051835956473484	4.96141434460753	5.145808293348267
think	5.035917925008623	5.043934228976391	5.073858088789169
bed	4.999522886037599	4.84059892242808	4.813643896241627
wind	4.944409032448311	4.961741606940045	4.885495713372811
bless	5.079430705692415	4.975620951472109	5.010068004393024
destroy	4.875955922204191	5.113484969786356	5.117939999763679
author	5.2193573263041895	5.014884160564929	5.304355731117004
sustain	5.0424661055005355	5.072592707765564	5.266559550275192
black	4.960911767835745	4.877315437656911	4.845028743787289
event	5.081384631356159	5.106759036397424	5.281608846197452
liberty	5.0701474526841075	5.135272089589979	5.330701925281108
negro	4.940824077051902	4.982723764922717	4.985553825327402
little	5.111770468207411	4.91364199969195	5.006866543527326
fortune	5.080191955698736	5.094494178191906	5.177474574044294
touch	5.055933321688951	4.989570159838678	5.015766586495717
kill	4.773412701777641	5.098331867796521	4.897789714171179
feature	5.114742024971739	4.964263457771225	5.098719392245286
happiness	5.11965668928054	5.088274310111389	5.23518745900831
assume	5.080575684894039	5.048498240790499	5.219345596135315
notion	5.080108877693279	5.008661237499979	5.1624072386756135
purchase	5.156283985552179	4.903110478708052	5.164408130754637
faithful	5.130289270868489	5.081928145951846	5.242818712081348
soldier	4.913673251399592	5.173387551519388	5.099624853268401
father	4.983888268410635	5.073487547800257	5.061906058091389
narrow	5.0072495608931415	4.914010785683153	5.007953980638675
great	5.1176605421896	5.030300681793629	5.2497073990535705
tear	4.911367793870821	5.017184551974501	4.882055563707357
honorable	5.129301668278938	5.139101933917937	5.373461314342548
previous	5.100267155858943	4.989717429671294	5.209758292673343
good	5.097019000979604	5.013791444908794	5.128657734112398
domestic	5.151951309334903	4.980497835009054	5.201402225948487
glory	5.159249059871118	5.029133317474818	5.189444287957195
lay	4.997857617768845	4.916754140716637	4.957798074370032
occasion	5.075693782252625	5.076294565709254	5.219187250712431
guard	4.901472770582975	5.12778827005387	5.090267481913452
whole	5.070677055417899	4.975136911449165	5.154942677089283
mouth	4.984394618095228	4.8930855573820855	4.852473894672195
receive	5.141460932447041	5.005511604158893	5.231560877717309
take	5.010976244083658	4.995339020111182	5.063534684552571
simple	5.177036324841257	4.919119798618532	5.153680051346213
error	4.979735038505624	5.120765715682972	5.266956714613134
wisdom	5.1052289140082	5.099329263894117	5.282256721615653
rock	4.969247554891684	4.903332598156002	4.899591824181914
decide	5.065831218289317	5.09286393280046	5.311191568282532
exclaim	4.9165983001875535	5.071855897644814	4.903250207046701
assure	5.071840674182684	5.0861042646571955	5.16911668409082
sign	5.040679569792759	4.995825969047683	5.120018494935063
preserve	5.127996258871333	4.950632392100151	5.171764969564105
commerce	5.130381682952837	4.997005062154224	5.28717049178206
plant	5.117398490462129	4.810544684771536	5.003901542367037
walk	5.132602463157042	4.871747885627339	4.920300806055719
difference	5.085814339731007	4.977396635068494	5.213128742129492
hang	4.95351283287186	4.899130830573524	4.825665609060136
following	5.246271021860478	4.894954186439951	5.242634414421563
employ	5.132268708631578	4.946644379817854	5.21130621672444
