deal	5.0437767430266645	5.0168401123092705	5.108256866231541
study	5.267572696649412	4.913874668043386	5.245329902894283
afford	5.173304373600222	4.949418996029329	5.213693970501207
service	5.176346128115622	5.017567072720418	5.28022683713834
height	5.070598629826089	4.875931727713993	5.0315834146215375
prospect	5.157939726483299	4.995406109638599	5.165793713978099
pleasant	5.237136895597375	4.845850597613859	4.976375301298502
shade	5.131061602120105	4.847894564942222	4.945472044727747
listen	5.027813789776934	5.074748248434709	5.033845390439915
mighty	5.001652610650903	5.0388832776111645	5.0742224123087745
country	5.110724243143995	5.022236634030644	5.264631219714832
title	5.216397773758806	4.971235518262739	5.337708081130276
choose	5.140661948487744	4.954636955376463	5.201071870540866
village	5.147778409031263	4.905354461853056	5.068359692812269
acquire	5.20405805186517	4.978217569199017	5.293018978687767
rank	5.125118077336981	5.0601250057228375	5.263610305050866
bow	5.056659814007079	4.965985136445961	4.974919301715992
doctor	5.009441856488737	4.994619472102416	5.006272513489112
talent	5.2354871059889545	5.026291805927534	5.31929293052829
source	5.1639394790944495	4.981800258315815	5.252679114255274
lead	5.0529833059758955	5.0325192004081725	5.144106900918964
question	5.056803915259619	5.050516175727243	5.263589376089221
publish	5.230866426887384	4.950887537520655	5.336125086168863
interest	5.144446598155157	5.049700737876639	5.295275364928996
serve	5.050097154444942	4.970749420871281	5.089483588889384
divine	5.127645258440484	5.022991712826812	5.247067930891202
put	4.960178804059005	4.9372197775878215	4.945614495411958
shadow	5.054637990013496	4.9244952087452445	4.9873367164861975
practical	5.167984351302437	4.987346821944363	5.325019712071032
surface	5.0650870991882915	4.811719825647603	4.953335097356182
account	5.095629762948183	4.99407619058036	5.198851152237692
loss	4.9450134644833685	5.104346697718648	5.12936482908896
indian	4.971222323229657	5.032250720290379	5.107799559599013
vine	5.131740351777354	4.792241529817847	5.000629528618817
certain	5.042168388108481	5.034360124558923	5.20259208657293
sin	4.868710288678287	5.134445434714076	5.092327947489586
necessity	4.999185033527191	5.084456289718745	5.251794590969504
lose	4.983362493549721	5.065485269141657	5.054820378590432
private	5.099462807682309	5.066232660282435	5.283195123879686
gentleman	5.152631125068508	4.962705975351504	5.118174613087643
daughter	5.052062829377154	5.0521704723436205	5.071503175339699
drive	4.845007428353996	5.09716125709584	4.953806270883407
strange	4.968460529708616	5.053484494755207	4.966361629441228
journey	5.144641538816951	4.937815730084712	5.050372739838566
uncle	5.121132345761838	4.944846735245121	5.019134719372613
species	5.041446599000656	4.95345386321715	5.129179589956922
think	5.037691997308172	5.0371335162477076	5.07116633778526
bed	5.00416476274609	4.841337017155622	4.8148119006221615
wind	4.942711247851028	4.95987624773786	4.881563469293163
bless	5.086000197171568	4.971455497943934	5.014854674547102
destroy	4.874756638957469	5.104524553054377	5.105462654418724
author	5.207133868737488	4.997787635789044	5.29087070450172
sustain	5.036881070915298	5.06447228267945	5.248224423108981
black	4.963724585250855	4.868715906244895	4.840140975131259
event	5.078751079541539	5.097577812955508	5.26943328353181
liberty	5.0653586509181565	5.121259360546905	5.312778558382448
negro	4.945828743793188	4.967699349638332	4.973414490237091
little	5.10645174046287	4.905706799958463	4.9996319738415265
fortune	5.083756728650063	5.079461338690389	5.166262085439482
touch	5.050763049709191	4.985312924729674	5.011683950589246
kill	4.782294370423709	5.091757488765227	4.895421156615007
feature	5.111141982967457	4.955398580698525	5.089072855855739
happiness	5.117886095114257	5.079854496541581	5.227488501343606
assume	5.075957047213204	5.036498780889233	5.204131785512573
notion	5.073711441779869	4.99733432663883	5.153688324267702
purchase	5.1621679025427305	4.883627058397506	5.150966000926275
faithful	5.131912743619395	5.065831681603991	5.231248397684399
soldier	4.916576214875341	5.1589417823298085	5.082536135527401
father	4.995392021629647	5.063870440829689	5.060126094701579
narrow	5.007905480801991	4.903184028271357	4.996496762276401
great	5.108926821963281	5.017932021880602	5.233725742856855
tear	4.913237657145285	5.02104136810561	4.884587204381668
honorable	5.130838561315614	5.116860670313853	5.35554060006959
previous	5.097175940893435	4.981064411009142	5.197415721764178
good	5.093189760444592	5.00008435763166	5.121311704086489
domestic	5.140431269153847	4.968920504635213	5.186073050431855
glory	5.155347455593122	5.018791882243083	5.182561095744674
lay	4.998310250063221	4.9123471970999315	4.952346682650961
occasion	5.069294591972372	5.065866515757689	5.206087026545515
guard	4.911711491078013	5.113619505294495	5.077042987678516
whole	5.064334138886398	4.967567980091867	5.141595362889747
mouth	4.9833550805415765	4.887254887521057	4.849134045254513
receive	5.1392768926478425	4.991585134971259	5.216461345059515
take	5.013517758234527	4.987508024991003	5.057192432406459
simple	5.1631990834897135	4.909736296174345	5.142034742353032
error	4.97610157947332	5.111277220958885	5.257140794041441
wisdom	5.096729978435779	5.085673483814417	5.2698188058182565
rock	4.9720685818723585	4.898142143956166	4.895606486982352
decide	5.066902595269413	5.079864534042309	5.2969916426185435
exclaim	4.924829312520687	5.068015626722894	4.902289216958162
assure	5.074350440470982	5.071905222833805	5.159429392894353
sign	5.0433456803845536	4.987878012867584	5.113311941010814
preserve	5.115675272647268	4.941292269399736	5.160171706945298
commerce	5.122195638417841	4.980268542469885	5.267382306063208
plant	5.105977643206056	4.806020870462542	4.994773784545317
walk	5.135522598229521	4.865259611958874	4.917441522890285
difference	5.07908205662435	4.966675001097954	5.201397689576401
hang	4.962730960076046	4.896909706873176	4.826422832226641
following	5.238910096827179	4.882823276200456	5.232663429933687
employ	5.1199856873268486	4.9330922231351275	5.187691307081423
