deal	5.048606670008918	4.990529931372489	5.114195334636603
study	5.278134030803431	4.8942711712008675	5.253910898427449
afford	5.181584920846729	4.926797008852554	5.222989894101653
service	5.193010052285082	5.000797750425555	5.296923532614944
height	5.068963181360003	4.8542497453499305	5.042364215634598
prospect	5.163809640840481	4.978086962001544	5.1755021859134995
pleasant	5.235546082694893	4.832889460972786	4.9838646129462365
shade	5.129507119208651	4.838211905733748	4.95930048016956
listen	5.030430283493795	5.055324598668814	5.044717136019213
mighty	5.004981079761847	5.022599717411497	5.08793235066594
country	5.123407391559907	5.001806436424799	5.276798399571182
title	5.229769696780175	4.950808166504211	5.347615273374597
choose	5.146323927999055	4.9344142918398095	5.211334913769175
village	5.147190386349705	4.895336052062821	5.0786872644075665
acquire	5.219570960026838	4.958081071332693	5.307851809736377
rank	5.143167682840922	5.044088247628863	5.2829470753356365
bow	5.057287162051755	4.952023374736465	4.995252335586598
doctor	5.016991790881673	4.968089908492782	5.015984823832674
talent	5.252936833013987	5.003665505486612	5.332447632278646
source	5.173255677087453	4.958000165724687	5.259546208534479
lead	5.058480458947611	5.01476266932669	5.155901015744825
question	5.063945729234412	5.022469064659492	5.267758561680241
publish	5.239198442272256	4.921970870631367	5.334057707663933
interest	5.157323802090384	5.020069817083519	5.302642089299181
serve	5.06027693387014	4.951387899675246	5.104030493391585
divine	5.138028994364165	5.0046091543930284	5.260184200963141
put	4.960162680518758	4.91175792945945	4.954901247202904
shadow	5.0495835848489214	4.9122566851692095	4.997275781233718
practical	5.1800114381567095	4.959896411047465	5.328853009414008
surface	5.057668749416546	4.7930122913054145	4.959775313655808
account	5.1025331700100045	4.963931534023307	5.201094456351443
loss	4.961040387866994	5.073209620310918	5.143906744041413
indian	4.97816713715372	5.022190762910699	5.124228360176915
vine	5.13012052150525	4.776424249984912	5.009691981611117
certain	5.051500581297853	5.008287776873025	5.212790666069183
sin	4.879758924931201	5.114792656618152	5.107552796965375
necessity	5.014331767306395	5.058085834220018	5.2649477407807
lose	4.991794447239895	5.042497380201955	5.071301231126129
private	5.114139618524407	5.037341553354665	5.291790239698404
gentleman	5.160126506751604	4.941194260192101	5.12724378579476
daughter	5.067257550476257	5.038509208153671	5.095332417335885
drive	4.8503851644578155	5.080075209641813	4.971931234689002
strange	4.970862750514866	5.034602470156335	4.97774032355958
journey	5.144373407374308	4.926052808283301	5.058117414371237
uncle	5.120786466088091	4.922521121793447	5.024856695431148
species	5.04953728519745	4.923079813735372	5.138810474436008
think	5.041605633022466	5.013602033239051	5.079900975539317
bed	4.997617237938703	4.826793808919613	4.825979863353124
wind	4.938984864581216	4.945593061101594	4.892903277517976
bless	5.091030158535454	4.957839663272529	5.029859570572542
destroy	4.891527180765583	5.083706933732282	5.12603690470342
author	5.2192532945163865	4.972268000867741	5.29555952139325
sustain	5.05025612767002	5.037780556719005	5.262225637873716
black	4.958844055575133	4.856085240633941	4.8553169879823805
event	5.091025787305671	5.070353521579527	5.275724512742528
liberty	5.084564662361549	5.100052291515198	5.330644248597325
negro	4.948726982240564	4.951005498049512	4.986252316616247
little	5.107280782957566	4.885468842203663	5.00928542530519
fortune	5.101820202089525	5.06081645277478	5.18520504375192
touch	5.052481850119093	4.962478268079672	5.023130703138705
kill	4.7888994849863815	5.0778529950841405	4.9129559307929505
feature	5.1127954526823105	4.937444265701762	5.102645770110972
happiness	5.135764010026728	5.05864225795449	5.245365788881575
assume	5.08497249054213	5.0131315692872676	5.216977370622641
notion	5.076150323514188	4.971217208321682	5.1576294218403085
purchase	5.169439132130968	4.865682123496803	5.164145365044937
faithful	5.146736414990106	5.052036830474356	5.2484780693445385
soldier	4.933113968580206	5.147037789397983	5.106550115117081
father	5.005216305261271	5.05057279785376	5.080562883426339
narrow	5.004826490296233	4.887752317994729	5.008064674004689
great	5.118174761742495	4.99205398457128	5.242053783749407
tear	4.917812466070183	5.004593684610699	4.902849264234146
honorable	5.1516047335014195	5.097411896823888	5.371692314680641
previous	5.104289191796301	4.953976431911446	5.20252493161229
good	5.102561892913459	4.980784807829088	5.132458210543863
domestic	5.15592648263642	4.946069441637969	5.201572094117414
glory	5.166354817394913	5.0080405584092675	5.20016576845373
lay	4.995732284149353	4.897792150033704	4.966459788225526
occasion	5.080928263699059	5.039365650133675	5.214078435037982
guard	4.922363660823328	5.100054592061182	5.096532568866601
whole	5.069047918178434	4.941886940386981	5.149388094812094
mouth	4.973797859515468	4.87129631228171	4.857308569905564
receive	5.148919023710011	4.966226262250324	5.2275150770464895
take	5.016776509750087	4.963853656221012	5.066298122224954
simple	5.167893499357491	4.887096399310757	5.151900578889959
error	4.989459199726084	5.07932579442326	5.2614040990085265
wisdom	5.1124659802498105	5.068116689241931	5.284906104966327
rock	4.963583238923728	4.887718715276802	4.906440545372064
decide	5.0752739121221095	5.052490437970359	5.302316909451753
exclaim	4.924510429768469	5.048180789125672	4.915668077607124
assure	5.079952160172202	5.050266202592289	5.170865042091535
sign	5.044291723794919	4.966129742800225	5.122502350366424
preserve	5.126649568072432	4.920803249387234	5.174633077150098
commerce	5.134016058881528	4.960290185115514	5.277695871887495
plant	5.1060348952142345	4.79192126323663	5.006525909551616
walk	5.12862016307581	4.852244800887374	4.926159359315272
difference	5.08666597164408	4.935698420872127	5.206079024619975
hang	4.955840925061425	4.88285696648924	4.839633479326233
following	5.239422706959473	4.855300630043627	5.22850028028675
employ	5.128539491994161	4.90899406428361	5.198063136791004
