deal	5.023558449996313	5.0078912268357	5.099043147050551
study	5.250795336556441	4.91272362481044	5.241747455468328
afford	5.160551355099606	4.940238070942404	5.212855244984431
service	5.163883174534962	5.015518387654072	5.283665288794847
height	5.055770301730743	4.864857500547015	5.034042471739331
prospect	5.139596224417772	4.984955138441107	5.158932619868027
pleasant	5.216738713936576	4.843750344677583	4.964048142747063
shade	5.10929366910406	4.847796833063001	4.94141407500566
listen	4.98933845236229	5.079381056541364	5.025643035137526
mighty	4.98647936682186	5.028577600924592	5.07327803433068
country	5.104323936493365	5.00674395796459	5.268037052402499
title	5.197208509787736	4.968684806611932	5.344700327573468
choose	5.126392131706842	4.949441409366292	5.202910616089924
village	5.139412719392667	4.896441453062659	5.066969082904184
acquire	5.197281919523265	4.969687520768897	5.297797404775503
rank	5.107544764782598	5.058479942548675	5.271953754038985
bow	5.028415534102985	4.968106168857612	4.975371444662772
doctor	4.985146749241273	4.9952348255287	4.99544689898774
talent	5.2163836591219575	5.022205893749996	5.320227933997351
source	5.150329476733828	4.968214015049015	5.250945572522334
lead	5.034080491381419	5.028953577047233	5.145891769215244
question	5.0343884259193015	5.04370076757909	5.260579215638648
publish	5.217080499478454	4.938371336325742	5.332474924252728
interest	5.125592774677392	5.034345505131418	5.290700079719274
serve	5.039197559345997	4.968755021551565	5.0898825032141195
divine	5.102282711332893	5.023405011579076	5.247026243550943
put	4.9486935579512945	4.92908203391774	4.939877712821804
shadow	5.026465806590149	4.924531470498975	4.982014869506973
practical	5.157530561845638	4.9768551539432195	5.325387280873436
surface	5.056978978430017	4.796291805915701	4.947640612290759
account	5.08007891307682	4.980658776581462	5.192679455663882
loss	4.93044567943207	5.08884761590689	5.125438639677164
indian	4.968535405239267	5.0242202791298665	5.116155189528654
vine	5.130820169845025	4.778468980082371	4.998137842114067
certain	5.026179446618821	5.026660595152167	5.204112681826592
sin	4.842356722189943	5.134792012009663	5.090489182433816
necessity	4.987370957988942	5.074240679680544	5.254816108533609
lose	4.962444512366262	5.05881719063501	5.052111130096711
private	5.07870110275482	5.058013072547251	5.280645926322438
gentleman	5.124478197207861	4.965534561416049	5.1110404665498805
daughter	5.020900409169935	5.061282700578533	5.07285017069206
drive	4.830927131194392	5.08788794051088	4.955163554956622
strange	4.935293399683773	5.057973105582311	4.960969116270911
journey	5.130215970840456	4.931821986348159	5.042430862090783
uncle	5.095114206350545	4.942471061880755	5.006131716534139
species	5.03931788136228	4.930798487617114	5.130128769505473
think	5.007309648481511	5.037196705719896	5.061741062312707
bed	4.985997424001887	4.840053072055672	4.804656086737338
wind	4.929514257086299	4.949512502512496	4.878108878434757
bless	5.062678633377598	4.972273763186616	5.00875417403555
destroy	4.871740058178383	5.093049611054298	5.113829619154536
author	5.183852074234785	4.993842428813687	5.288815470343095
sustain	5.024122028931625	5.049605715337713	5.2497281890002085
black	4.945423747700647	4.8678031142875	4.840236030408568
event	5.060814449356396	5.085447428216036	5.265170084836522
liberty	5.053021942840513	5.1083306062049685	5.317943393823982
negro	4.936128693184313	4.960956839983166	4.972873517134594
little	5.086451054010851	4.902750254941178	4.992600877065761
fortune	5.064888647028878	5.074510652130592	5.1655169477796825
touch	5.018943197343271	4.985927694428049	5.005954165052899
kill	4.776964332336307	5.088609074995294	4.899866714266054
feature	5.074968232858706	4.957623285299296	5.084620865080728
happiness	5.095784380910437	5.074274842367309	5.225042574217833
assume	5.050605020919915	5.033278668677967	5.203484402682855
notion	5.0502448693229605	4.991929033265853	5.147630835729154
purchase	5.15820392808633	4.870860052721233	5.149551462393063
faithful	5.106520031919621	5.070181093785271	5.2327237470099774
soldier	4.902073159214901	5.159421595992961	5.090683037036377
father	4.9690609253845865	5.070704228945697	5.0602605585967035
narrow	4.99236218472338	4.896536537568103	4.996613858400486
great	5.095725423284978	5.005226426125923	5.232397480251155
tear	4.889984633982559	5.017765425836665	4.878576560935195
honorable	5.108296072957782	5.117397828276821	5.36058132651827
previous	5.084178985136537	4.969249232314851	5.192744240251915
good	5.074941540094144	4.999404262356001	5.116988161040035
domestic	5.131856664301721	4.958168840770194	5.185979871326908
glory	5.136730249618397	5.012299780650598	5.181841682100824
lay	4.984572995341616	4.906199695620356	4.950221314451195
occasion	5.049791500419097	5.057042944402432	5.200442880930341
guard	4.895043960481299	5.113399875160074	5.084400076905363
whole	5.053191320904995	4.953068865984689	5.138588278525666
mouth	4.9646084770471	4.881636252638321	4.843020698209685
receive	5.123654214426004	4.983213266208735	5.215725454623282
take	4.996367907649514	4.981114573961378	5.051978023172439
simple	5.14166094735252	4.90868008220961	5.140108586178857
error	4.95327468689056	5.102330568962721	5.255464354511849
wisdom	5.074654338226553	5.086594636356511	5.272983288126605
rock	4.962087125668546	4.888238740622105	4.895483409342577
decide	5.043217456067764	5.073744575002704	5.295922550290914
exclaim	4.890047471199222	5.072245191836686	4.895511520822706
assure	5.044807611687065	5.071635565899179	5.154307922371762
sign	5.020338923989717	4.988196717040076	5.112357033520245
preserve	5.108482061797068	4.9330342113713685	5.161445025591534
commerce	5.126203126338091	4.9571278353623285	5.2700719290624445
plant	5.106225132866039	4.795127207661337	4.996459840841503
walk	5.106743105990384	4.869300167381977	4.90751095370724
difference	5.066225992510159	4.953410568677871	5.200499342916995
hang	4.936996789447752	4.8995356001842945	4.823657999549187
following	5.224191536436083	4.871678548501579	5.226310672080315
employ	5.1159069177234295	4.92034406415462	5.189902988074522
