deal	5.068012086484189	5.018072509255522	5.123951457266468
study	5.298738964625635	4.9299360838737885	5.26753839147484
afford	5.19932425092699	4.959485568014949	5.234292587895957
service	5.20869546195004	5.024277065546344	5.3063452009937055
height	5.088125265702579	4.891341935220488	5.057982135272689
prospect	5.177854822202947	5.006036465400026	5.179443756677522
pleasant	5.2554005502811885	4.857418373574446	4.9884094259444405
shade	5.147804148226927	4.864761137513082	4.967128972270454
listen	5.051371451339857	5.083423216633082	5.055045566789804
mighty	5.025585012406666	5.046183700816037	5.097672433275463
country	5.143977288609517	5.0257312327647785	5.287044450590307
title	5.249050441075194	4.9838254706267096	5.364619170984238
choose	5.169080340785146	4.96132882035349	5.22358160520128
village	5.169898648057477	4.919604226624296	5.088150025869213
acquire	5.236074748841357	4.987995116456689	5.3193669018488325
rank	5.158763234609812	5.070146466245421	5.297072318846124
bow	5.073458262815163	4.976609695422358	5.003093954399584
doctor	5.030922637766476	4.998179246444109	5.021490790624458
talent	5.269777970133697	5.036231300171775	5.345225055495888
source	5.194566421474974	4.9877806795671935	5.271322519303975
lead	5.078978462678538	5.043027903120372	5.16800868841403
question	5.088416051825998	5.056741855018513	5.283705920991382
publish	5.269368978954783	4.960293571653897	5.3547286715902676
interest	5.176165492314066	5.0503751932929015	5.3140118024233205
serve	5.079129158513716	4.97349197189407	5.112620566259673
divine	5.159086426389047	5.032306193262037	5.273511671959435
put	4.981501914845605	4.936841371358292	4.964026639372018
shadow	5.068523215379516	4.943455373762401	5.00769051644856
practical	5.205206742053788	4.994969972247068	5.3477109509643155
surface	5.0808536227590615	4.822333144499321	4.970582290008583
account	5.124936354651146	4.996336296100319	5.21458574318417
loss	4.968091792273446	5.098633666332088	5.144742343295696
indian	5.00292544919686	5.039915042327042	5.136132976579035
vine	5.150588805648293	4.801630266878442	5.017372825053479
certain	5.07136915119835	5.039969035165948	5.227117872632334
sin	4.892765407712812	5.136604451026546	5.113137576111934
necessity	5.03198095835989	5.088356368894354	5.277212915401674
lose	5.001674102874508	5.068730635994196	5.073127681625997
private	5.130904247417385	5.069182017773102	5.303514238013008
gentleman	5.175339759256013	4.971619210203515	5.137180689602752
daughter	5.068057795292427	5.062602497755136	5.093257903494089
drive	4.863203145313575	5.102046547276246	4.975996339353744
strange	4.985831798369629	5.064493319205976	4.986041016738796
journey	5.163081229654392	4.9529375842160315	5.062307100700268
uncle	5.133825229242502	4.948743970933328	5.026153796933836
species	5.072547948803527	4.949663663743018	5.152419893188935
think	5.0570263100235335	5.042497856276434	5.085878273311462
bed	5.012982970493081	4.853444002251834	4.827830360902408
wind	4.957680190409224	4.970502589862634	4.899279609548314
bless	5.105278122743324	4.972573060541777	5.031072900058619
destroy	4.903609719482206	5.1044971756448545	5.13143558811779
author	5.243993693859764	5.0082796759978	5.312546942881104
sustain	5.067532085324103	5.0669296733924405	5.273372711930758
black	4.978291888564208	4.882077654876131	4.867661463227137
event	5.111570538309117	5.103279438635901	5.287923304903875
liberty	5.105836551476147	5.121444060860589	5.33950191561043
negro	4.964353408725614	4.975354008911148	4.994955847342999
little	5.1242923852669096	4.913408601458216	5.016244315070898
fortune	5.1045872895588715	5.08498242546924	5.183847666587007
touch	5.072245630596583	4.991403857149756	5.0330654812398254
kill	4.8039228679778585	5.091698095954775	4.915354584554708
feature	5.12854662313773	4.974535226827415	5.1155906904768
happiness	5.145813067087011	5.082714098251846	5.2459859891643195
assume	5.102940850097734	5.046341691482953	5.231558493334973
notion	5.099333744544373	5.004715530981366	5.173030301671611
purchase	5.18165889326121	4.89038697161839	5.168060669932338
faithful	5.160727590759965	5.075321856106959	5.254898643262964
soldier	4.9485487474512135	5.165312270016234	5.11508905946404
father	5.012815723438175	5.070303556943032	5.079798142565186
narrow	5.022075100269686	4.92131797942815	5.020199449063549
great	5.140094818610502	5.021052925840637	5.255693477875669
tear	4.930044198829031	5.0216943355936605	4.9011531251285545
honorable	5.164232626590138	5.123319505190507	5.380312990672334
previous	5.125739967647771	4.988849040871782	5.215197846690551
good	5.118141294737201	5.0026340402837866	5.138180099149244
domestic	5.172758629447582	4.970147477723314	5.206961465738064
glory	5.18436220101206	5.02803272075436	5.20714101861882
lay	5.015028856060791	4.92258309185919	4.973267303948144
occasion	5.103523924589221	5.068101518024769	5.225894465264027
guard	4.93780315147264	5.125690624799656	5.1078746594701405
whole	5.092272126031479	4.97153016413817	5.163456961157729
mouth	4.997620266880241	4.896693030779384	4.8686759642043
receive	5.167322267945279	4.992779042424977	5.237495573303747
take	5.035843404863547	4.99061693000401	5.0751326743727265
simple	5.190603654212379	4.920754047017047	5.167321079561392
error	5.008962613155388	5.114931529228645	5.277457771091486
wisdom	5.129836543567976	5.093328230662701	5.296627595555138
rock	4.98576386408732	4.913356667759907	4.915795107728808
decide	5.0980121585896425	5.090089369845407	5.319565567802565
exclaim	4.938574125445409	5.073020894931253	4.921697914452407
assure	5.096763113596041	5.077477323287255	5.178340939410866
sign	5.067819751365707	4.997649145188767	5.138106557339765
preserve	5.146647953941735	4.944870686985345	5.184071843331917
commerce	5.157749018496625	4.983757941484626	5.290176813590153
plant	5.1284202336313625	4.814360851034677	5.015628188432154
walk	5.146378227759259	4.884016832818964	4.935266039117602
difference	5.110685199724992	4.965770224594605	5.221886948720475
hang	4.969319204825909	4.912372645191087	4.848036741098005
following	5.2735765450106715	4.890278799763288	5.2487551116515085
employ	5.15080830352388	4.941860136462654	5.214992662067377
