deal	5.045411454944292	4.999082192963825	5.0996156031435245
study	5.278700045389085	4.899684555395314	5.245037744681996
afford	5.17994822064624	4.936063355338843	5.2144041785410975
service	5.178897949850426	5.0133004467069195	5.28238710257778
height	5.070361586724194	4.8724431657889	5.040677194406271
prospect	5.157006481747166	4.986319540509312	5.16357044998097
pleasant	5.229341528104596	4.837101443123477	4.969241671528509
shade	5.124709417769285	4.84852880037452	4.949954030784302
listen	5.013915075872441	5.073054845618225	5.037998578521359
mighty	5.003471058608371	5.033377591375348	5.079280798541383
country	5.1228752330721035	5.006624256868659	5.266307878058769
title	5.224672933648614	4.963774603857161	5.346895737415229
choose	5.1422210834956745	4.944497705624046	5.201177942713834
village	5.140298823622476	4.904200939565218	5.068142164142338
acquire	5.22196914621004	4.962173908468288	5.296063966468024
rank	5.131953192961031	5.059211897048411	5.276130751955875
bow	5.041936620140578	4.971792222860924	4.983635354410118
doctor	5.002567647851082	4.979602031136642	4.994316424184192
talent	5.248446228166487	5.013370661086454	5.3231517452098736
source	5.175807385101677	4.961841694813171	5.251689338968394
lead	5.051640039494349	5.029415581401826	5.150241792377468
question	5.0614554557371445	5.034077312977134	5.263096384056973
publish	5.239459829329838	4.931194969863053	5.335899770265493
interest	5.153231734522937	5.027473180089415	5.292279004258748
serve	5.052662031126744	4.963177622991124	5.090273933741571
divine	5.134634417891026	5.013952576457047	5.252457257057506
put	4.957218438961083	4.923077049776278	4.937547748230635
shadow	5.045911201973655	4.926261939442802	4.9929011845432
practical	5.1861155993463655	4.963580723706267	5.323455908365356
surface	5.066848374362174	4.799435614727709	4.950755577842787
account	5.099118049165622	4.974351827969856	5.193225345407545
loss	4.946137690269338	5.088831708981469	5.12480110077654
indian	4.969806339210775	5.035196422596162	5.116345121158048
vine	5.134352265324741	4.7816990341688195	4.995182978744499
certain	5.050332609429588	5.018933435709846	5.204000738649821
sin	4.867673831805901	5.129202979084397	5.091525639475733
necessity	5.0090389195485665	5.06960931579886	5.2534920049582565
lose	4.980872781918149	5.0566061399127715	5.0550562865186865
private	5.103606222420409	5.050164685481041	5.280913708610336
gentleman	5.145392168923835	4.955653938337892	5.113867538893413
daughter	5.039049973005338	5.0603403124598545	5.076352790965792
drive	4.836262701587615	5.096180856176088	4.955633429984974
strange	4.959515758364933	5.051642534835132	4.971074317385429
journey	5.132565062371986	4.939015013625321	5.048287959465776
uncle	5.104593780511422	4.934319701216835	5.003238169402644
species	5.054569592228929	4.927659627936606	5.124100945790058
think	5.031702609099146	5.026791191311408	5.066583947861085
bed	4.9896634376473585	4.838307279611677	4.807680666658127
wind	4.934258020707943	4.954910148271581	4.880752368851539
bless	5.0757985453641	4.96731056155394	5.007153654777066
destroy	4.885113240205988	5.09551634125768	5.110797501278432
author	5.216318437005316	4.983056676154507	5.2950978853688175
sustain	5.047275323015681	5.049028775992303	5.252731974081063
black	4.9516917612955424	4.872985204282531	4.845449177040772
event	5.083822071248922	5.083998724852712	5.2727570886670705
liberty	5.0772552429538536	5.107332127606988	5.318812426721745
negro	4.940170497053334	4.9625444741493405	4.967401482473955
little	5.102534015770707	4.895981632439642	4.996060313394093
fortune	5.086457910984236	5.07427419411916	5.167362537257777
touch	5.042075190808483	4.978547763191564	5.014146550683905
kill	4.771796601431144	5.097705034499061	4.8959854294691105
feature	5.107175758109439	4.954269121991779	5.100088286045039
happiness	5.124167014752575	5.067534521918193	5.227846566746262
assume	5.079625049282433	5.026455118165794	5.210609029447501
notion	5.079889054288469	4.9763671705886106	5.147099254132245
purchase	5.166250979669786	4.871395300940665	5.142552568135474
faithful	5.128865574958785	5.067035285395941	5.238873563299257
soldier	4.907837352339863	5.16973576430248	5.094073178969136
father	4.981905958551498	5.0694764225312055	5.061251835387205
narrow	5.007628579488788	4.900338797433789	5.002506842721117
great	5.1181784465876845	5.002557122455148	5.235719403841113
tear	4.901110469266781	5.017039203217816	4.881042001923817
honorable	5.136479290792607	5.11359758300745	5.362693204591414
previous	5.100422548386204	4.964482168350349	5.1957309985979405
good	5.094492428667721	4.988244691941048	5.113940668772414
domestic	5.152550823386385	4.947193756405253	5.182138047846388
glory	5.1603291719647215	5.01522018017402	5.189325281455147
lay	4.9938735987584355	4.90927041874921	4.955822239471903
occasion	5.07123810218961	5.050147805814992	5.203581144122077
guard	4.901030538858175	5.121580785237766	5.087031083055442
whole	5.071362245809654	4.95074809173338	5.141958577807157
mouth	4.969550154727089	4.885125493091926	4.847320742388147
receive	5.139011998631621	4.978571957514319	5.2149847738819215
take	5.008039960937622	4.976470929026612	5.051788753849091
simple	5.170649706408906	4.895795968457805	5.145347583312287
error	4.987345244692857	5.091839472858008	5.2581263751542755
wisdom	5.107725422465141	5.078451565317905	5.277304124947206
rock	4.96278351703293	4.9015466379628805	4.9007185232922925
decide	5.070339735509029	5.067805188517177	5.299888403161068
exclaim	4.90191040137607	5.0717750993572555	4.901534877291394
assure	5.06583663778824	5.068118570326561	5.160926927782242
sign	5.037099181464093	4.982408669732576	5.116434362777101
preserve	5.126401749777262	4.9281659352542535	5.163314080223356
commerce	5.137620519685375	4.958395056648792	5.263604943285453
plant	5.112148853404232	4.796924976414304	4.993466370646646
walk	5.119203634853386	4.866217223614537	4.915186514116298
difference	5.091410654682775	4.942144090653187	5.196791457635447
hang	4.947546465373467	4.901259031742479	4.830156036420386
following	5.237985206424421	4.864188444295019	5.228832396966809
employ	5.131934621987662	4.914995881920967	5.187033547143899
