deal	5.036554666004525	5.003732534687174	5.09810167723928
study	5.273161164653556	4.897761646237389	5.242898783406029
afford	5.174259168184602	4.930464522313868	5.208849613317359
service	5.189682839304526	5.002605856827082	5.278730828204423
height	5.063879279244896	4.866190942738096	5.029747889479284
prospect	5.149514685349876	4.977018267744508	5.155816553517402
pleasant	5.225864071534854	4.833472410719898	4.965271403607337
shade	5.120950450296672	4.842578015997049	4.943471736983983
listen	5.017295142315038	5.068935932474306	5.0333459781512335
mighty	4.995126045124523	5.028790800015937	5.073461604131886
country	5.114410242190239	5.0054976519941	5.262744209179279
title	5.221896143983139	4.961765785507185	5.338965506569209
choose	5.142692681724356	4.940025106968293	5.192973038000848
village	5.141694403679064	4.896330521360772	5.061747638753885
acquire	5.210438835017153	4.96160842654411	5.2936622120320775
rank	5.132683225764794	5.051579412639979	5.266178060639654
bow	5.051679558734594	4.962979478167371	4.978874940486696
doctor	5.003050828380197	4.981748435731969	4.994587451905023
talent	5.24091027488376	5.012750497810847	5.318844994311053
source	5.163849821950435	4.963180786700886	5.251305321913541
lead	5.049546485380836	5.021679912833862	5.143284574831528
question	5.051669831264307	5.037039599004373	5.257163112846499
publish	5.237926170257453	4.933744848606249	5.333612107223049
interest	5.149539753212283	5.02851248696725	5.2911594515633915
serve	5.053801853519332	4.95856440234772	5.085458582218912
divine	5.131115075390817	5.009681051622266	5.249259425250308
put	4.953532376410528	4.925845699478178	4.935146193733075
shadow	5.038997048534595	4.91919872172073	4.983641046568504
practical	5.174955601818606	4.967622239261864	5.323531743016733
surface	5.0530616429372905	4.800301871889513	4.946565512139899
account	5.0953616861930575	4.9762812071802305	5.19230886062865
loss	4.946130333384737	5.084379012712247	5.123478006469985
indian	4.970314148942968	5.0302795078680616	5.112304552962756
vine	5.129339872922433	4.77746081940807	4.992941868465496
certain	5.041007075035649	5.019253047402425	5.199888827526614
sin	4.866786765599855	5.123517412421095	5.090201611319859
necessity	5.003792607977914	5.067533450094239	5.25039558655915
lose	4.976563044384254	5.050926311840542	5.0505704304499766
private	5.1050297614882	5.047563213963972	5.275827184432725
gentleman	5.146834085550248	4.952794727171551	5.105672835862514
daughter	5.048713488378317	5.045039312667241	5.066987685161976
drive	4.837087200086976	5.0888471350146816	4.95145711467331
strange	4.952957911935595	5.047551872710099	4.962844814815577
journey	5.13581631832926	4.926828402026755	5.043258352777283
uncle	5.10930550871375	4.931861274698614	5.002463151015705
species	5.045903856659447	4.934351769102806	5.127157037240936
think	5.0266114283742205	5.0249700583294645	5.061426489753557
bed	4.990786793491721	4.834389940535551	4.804519035572667
wind	4.930479162777175	4.951237456498317	4.878557795264976
bless	5.0834448226843945	4.959878434705998	5.00957250174421
destroy	4.878153853711735	5.090599584170345	5.106153239403982
author	5.210946929290658	4.985419511251752	5.292456404847799
sustain	5.041036550944614	5.045815913445207	5.2465544167920575
black	4.952758875039781	4.870677791504174	4.839856155477193
event	5.078734325186792	5.079456146536303	5.267080745022655
liberty	5.074672956261214	5.105212091802631	5.314875700990569
negro	4.9398468143101315	4.959012646566657	4.967120552115207
little	5.0975227980227285	4.894331722499122	4.991557407234757
fortune	5.08241279615179	5.064826991575751	5.159367205694082
touch	5.042628292768276	4.977042669354654	5.010893081687254
kill	4.778282417953962	5.0895094197590725	4.8936790684617275
feature	5.097519355968892	4.950335559832975	5.086746748938649
happiness	5.121840942125867	5.060601277346172	5.224548493213067
assume	5.072319862476317	5.025507613693995	5.201310751214737
notion	5.064439929775257	4.985499796526406	5.1450903949229065
purchase	5.163261156225582	4.866337774971676	5.1389191242307835
faithful	5.138050121519774	5.0553960428641505	5.233734937967881
soldier	4.92269859583364	5.155634287335813	5.0875125340908145
father	4.9896265691088715	5.057292081116008	5.056220758291637
narrow	4.995288756927709	4.895315098720231	4.991520668112709
great	5.109588060700523	5.001609568858311	5.2308664184674765
tear	4.906522163145704	5.0123842480226	4.882675682968572
honorable	5.138011593443028	5.104109063619017	5.3538483285299865
previous	5.096641092981531	4.961579491836769	5.190296642923478
good	5.090312920977598	4.986991205157043	5.111936545787923
domestic	5.1483618362323496	4.948905815403988	5.182231995448245
glory	5.154866510842639	5.008173923610806	5.182609717625681
lay	4.990515349456655	4.905526009642981	4.949165607455144
occasion	5.070756326260707	5.049695254975925	5.201020528869143
guard	4.916296515717142	5.107463031167015	5.0799793887899405
whole	5.062464108648827	4.951551011310275	5.136201612550024
mouth	4.965500793851596	4.887683509175616	4.844728596473862
receive	5.143911258269147	4.9733970961966465	5.2121423563019045
take	5.007875074642834	4.974274895698233	5.04842977136749
simple	5.162585512808309	4.897621241998783	5.14083306211503
error	4.974428340432162	5.095337241002117	5.254849627797527
wisdom	5.100529568343002	5.074416023065238	5.2724160802737945
rock	4.958439599541539	4.895200978521215	4.89480329057404
decide	5.062440959267778	5.066388425613079	5.290705387295509
exclaim	4.910308504508238	5.065566910206122	4.898978553386483
assure	5.066514144254522	5.061803539697308	5.155082264114413
sign	5.036747819269154	4.9798639605290465	5.109930795296526
preserve	5.12269678203846	4.92517470168278	5.159663463993499
commerce	5.128217390139859	4.961847014723643	5.263123008273031
plant	5.104881340228562	4.793950236620514	4.991087899762981
walk	5.1199882051101895	4.85932053235455	4.907746972177831
difference	5.079377704771952	4.948406218689283	5.195390841491546
hang	4.94860011137291	4.895170781763045	4.822365787375131
following	5.2456377020865474	4.864292395845973	5.2300568254143265
employ	5.125836717962426	4.916877652844649	5.185477655946758
