deal	5.037588386340772	5.019207026604668	5.120487206145185
study	5.271748189795996	4.915354946449877	5.260466398704975
afford	5.176281844152086	4.952803410807127	5.231932023733231
service	5.17544114292282	5.029022185499134	5.297070775224822
height	5.057023936386265	4.89264744412457	5.053567610645624
prospect	5.144790108635346	5.007695258135325	5.177341687126949
pleasant	5.226218174564074	4.85796448897701	4.992875895438648
shade	5.121416251483818	4.8657961974190815	4.969032748740648
listen	5.005316800774284	5.0897077260141925	5.047674751258242
mighty	4.9934728203841665	5.052999761519824	5.092603376252413
country	5.115317495180185	5.026528789496024	5.283734193104189
title	5.2146685989641925	4.979296617212603	5.355311996960147
choose	5.136468283009626	4.962174271153718	5.218480253425568
village	5.135838334144492	4.922608629243606	5.089534380509709
acquire	5.212572778430876	4.981391384169643	5.313233564978268
rank	5.123645160819896	5.075017696784438	5.286316837759086
bow	5.03886604694843	4.988779907312939	4.998841213179953
doctor	4.9927739025344495	4.999175509226322	5.013822987680584
talent	5.238032005184265	5.029823837139158	5.335498219334473
source	5.164948563729647	4.984004587567064	5.265473330062902
lead	5.045634242476011	5.043611620407051	5.163394051670192
question	5.047687121897776	5.054026516183311	5.2729571725353654
publish	5.226566045226843	4.951875774689265	5.3465329563754365
interest	5.14193162842891	5.049007721227385	5.305996788298182
serve	5.051664764031152	4.979337030882477	5.109982453813025
divine	5.12865028717317	5.0293654575630145	5.26039811989777
put	4.951086422901409	4.94544004658778	4.96206667989375
shadow	5.036412775706928	4.943403106361959	5.005169863784775
practical	5.175642232223102	4.984375772115109	5.338525982979158
surface	5.057803188065991	4.826484351514017	4.975138503464544
account	5.0905927354106995	4.995443719193995	5.211564930154184
loss	4.936563435919906	5.107849651238973	5.141353884923662
indian	4.9642086769593545	5.053941816726888	5.134841550648297
vine	5.1331435338576	4.804501927102091	5.025842463535838
certain	5.0422898989975256	5.036750608797023	5.219459779659203
sin	4.860558734091544	5.141100975791471	5.103301683501473
necessity	5.000312407421539	5.08716662410961	5.266759941515481
lose	4.973343465461839	5.074227448953798	5.0711902325302045
private	5.094317262009206	5.065665585708394	5.291806725170982
gentleman	5.137288101839827	4.972171024245627	5.1304146201838305
daughter	5.03195181514274	5.067908455667389	5.086860805559682
drive	4.829318398590397	5.114500980068182	4.976346614521553
strange	4.94956057176837	5.066188803616932	4.983017602750142
journey	5.124469351653721	4.957749318843156	5.065586079980941
uncle	5.096222722552589	4.953679159567952	5.025354722352295
species	5.049208757531193	4.952069346118036	5.149484377752084
think	5.022867513098243	5.043421428993195	5.082523377041463
bed	4.986407772931298	4.858075499917657	4.832088260250256
wind	4.924372349674008	4.982305414831502	4.903848965695769
bless	5.076311812052104	4.985635596423748	5.029401399094778
destroy	4.880687027895425	5.110932113507919	5.129676500063634
author	5.206829693403218	4.999903111447605	5.305671176682603
sustain	5.038021853972605	5.067887866997085	5.264808426417202
black	4.9458907853305965	4.89200244380327	4.868830282768443
event	5.0690975762308685	5.103356044557462	5.280029825079364
liberty	5.068726778985567	5.126203428590686	5.330009948482714
negro	4.932583347388213	4.981062059173506	4.993129496355671
little	5.098109781873658	4.913929667368902	5.018095987722489
fortune	5.076056653618642	5.089722384590689	5.181360271542727
touch	5.036993466938211	4.9971519710944685	5.02894117267568
kill	4.768256387160254	5.1140789038057575	4.921694735781989
feature	5.092491987111364	4.969762347421157	5.105953879902646
happiness	5.116720016723257	5.0837738255977545	5.239712379980893
assume	5.067219250141517	5.04429937323785	5.21974214142823
notion	5.069670508886659	4.996487396345541	5.167651756883625
purchase	5.164053905682795	4.887997946581958	5.167432938771877
faithful	5.123560383250194	5.080337851410938	5.247557976117264
soldier	4.901919463014508	5.18276245044583	5.106021280619766
father	4.978189361660629	5.079741365591237	5.074908432624851
narrow	4.996782823700494	4.918043262620865	5.017097654650255
great	5.109594587473986	5.022487574199703	5.249760832359154
tear	4.896832554114965	5.036713745217405	4.9018965869302775
honorable	5.1274364383611095	5.126223380244827	5.370359139940588
previous	5.088144285816645	4.985619698941913	5.2089345266068445
good	5.091850812863901	5.006276919566698	5.136819367092375
domestic	5.150362960050801	4.966580700106096	5.204280198386111
glory	5.1515407115879555	5.034117078870055	5.200334786109157
lay	4.990801212481895	4.928815451303596	4.975748712821691
occasion	5.062739837150006	5.070090016232196	5.2176197830425615
guard	4.896023421198238	5.135539537115744	5.099082169475245
whole	5.061276490903007	4.973369920032822	5.157901917927404
mouth	4.956350065883509	4.911837235676179	4.8683561269551054
receive	5.136499963217579	4.996756145477894	5.232684344493592
take	5.002799000625547	4.9963277558620565	5.072610150793863
simple	5.166907552840176	4.910939936778429	5.160469543243668
error	4.972447638614512	5.109830178071912	5.267593490501013
wisdom	5.098240943021227	5.093096283363277	5.285366643680997
rock	4.953968142058942	4.9250039160576184	4.920910725979069
decide	5.055249141211624	5.085915309027148	5.307187618592715
exclaim	4.893547995634466	5.089130817194293	4.916681377002821
assure	5.058897825399858	5.084243378420274	5.174312339315006
sign	5.029667361774952	5.000021421359072	5.127657861345584
preserve	5.1246606975786975	4.947189098615104	5.182854355039788
commerce	5.1287044865206495	4.986411346845766	5.285107726103973
plant	5.113294482842363	4.817121145437444	5.023767197171651
walk	5.11509422714996	4.881347947406259	4.933973415237391
difference	5.08225325634712	4.962910642895774	5.2158051099481995
hang	4.943026705738976	4.91768203589846	4.849770530738139
following	5.231376861473297	4.888153854339012	5.244414214013465
employ	5.125828673068909	4.935916040984677	5.208086295180599
