deal	5.052462779723722	5.001403628034263	5.112428285755229
study	5.287039651837733	4.901195013746575	5.2576047586200625
afford	5.187289189482011	4.940732734385362	5.226054983129946
service	5.18662675223707	5.014148502589036	5.290892079052308
height	5.075407816198537	4.880609225092734	5.057705189623011
prospect	5.163577180662747	4.994172031033698	5.176479725359246
pleasant	5.240611795021372	4.839269811186799	4.9840192974806
shade	5.135175647298124	4.851595602242371	4.965960871147965
listen	5.018936513607784	5.071347366470829	5.04160585283612
mighty	5.004375681100393	5.036910294542311	5.089979884887511
country	5.128625950036365	5.01394295477163	5.27886861735613
title	5.226420474609703	4.966252388635977	5.349583824819135
choose	5.145483548314913	4.950500574774558	5.2084924022279795
village	5.142771558960421	4.90768775042291	5.075685918626064
acquire	5.232025642659427	4.968697061663687	5.314610073464385
rank	5.1416814280593695	5.062324069752503	5.286724185582748
bow	5.052701348443816	4.969172684213479	4.994843384604912
doctor	5.011778869913255	4.978400703010719	5.006562531374451
talent	5.25975634710194	5.01721624654061	5.338061206988306
source	5.180804085453344	4.971615420569443	5.264826067984026
lead	5.057046936235218	5.0317011036289765	5.157813773964562
question	5.06435912191967	5.038754393711633	5.2691146559187985
publish	5.237009314604985	4.936054461068601	5.336275029230821
interest	5.161069306305691	5.036728410655309	5.305478359590812
serve	5.059725767815216	4.963193433284786	5.099589951387025
divine	5.140642004365169	5.016701584563829	5.261341486514584
put	4.961852031192462	4.924566135521411	4.949627538868973
shadow	5.05063434433196	4.92984087512729	5.004335807579755
practical	5.193333333874091	4.970764401373366	5.33822932817638
surface	5.073818619951516	4.8083727449537275	4.974214221126913
account	5.103805736036696	4.979740692804089	5.202642835274005
loss	4.950208401925355	5.095910539218153	5.138014075020994
indian	4.968617634816922	5.037754046351829	5.1230366045664715
vine	5.144846134675341	4.7881999597214495	5.0192743232765675
certain	5.057030544330148	5.025397949197366	5.21706007457611
sin	4.871222590762699	5.127693040914676	5.098384383075306
necessity	5.0141371315303305	5.076311149989326	5.264435045511245
lose	4.986674255524181	5.060502850923183	5.066678977871862
private	5.107628780777712	5.056147161153095	5.2855795134735155
gentleman	5.155206253390349	4.954431595584552	5.122523946683884
daughter	5.0479120188756355	5.056245984079151	5.080691208846881
drive	4.836929222548827	5.100963899614717	4.963679163813484
strange	4.964405081886921	5.051158359998331	4.978044192352855
journey	5.132213307979312	4.94032435557777	5.052972587832288
uncle	5.113137462266429	4.935292680671789	5.013061378232264
species	5.0611505963837855	4.939831840123956	5.145856544229717
think	5.038647912274141	5.0269464979992895	5.075735977287733
bed	4.991859803197499	4.838576326146599	4.81624045975877
wind	4.937976947706606	4.962226007523903	4.896440922742037
bless	5.082874914055834	4.9662875092347125	5.018126345666543
destroy	4.887759607902262	5.099831238171447	5.121883654976403
author	5.220454506577095	4.98451226620651	5.299276715970036
sustain	5.053995211052877	5.057016382412359	5.266189065967485
black	4.959398731019172	4.872123353435584	4.859376989486012
event	5.086807793606755	5.09085138910892	5.278919648049735
liberty	5.081752957586271	5.112661018763006	5.3252176956278765
negro	4.942367144148443	4.962640494252306	4.98062879832473
little	5.11050244816254	4.896772803859637	5.009706148407168
fortune	5.093792442034814	5.076896631611361	5.178477508808302
touch	5.052955482438059	4.979066179222103	5.026293663457552
kill	4.768872729435464	5.094077326929499	4.899739030832634
feature	5.120082716039519	4.958291623404565	5.115606652464932
happiness	5.134006675445692	5.071680520945614	5.238781623316574
assume	5.090380509240507	5.032339652394451	5.223869957691688
notion	5.090382703336368	4.979579091590844	5.163067004974867
purchase	5.167406295053599	4.875847442222559	5.15463371383685
faithful	5.13445538704741	5.0652026228875755	5.241557308872799
soldier	4.910369574960541	5.1681841114036535	5.0977670195461995
father	4.988525044100954	5.064896147264318	5.0655400107992445
narrow	5.009093594188781	4.905920129723845	5.015119626350919
great	5.1243948120684655	5.008814270940459	5.248107715153152
tear	4.907950254559169	5.018304516679604	4.893491492336778
honorable	5.143587011994327	5.1135756774233485	5.367097239818616
previous	5.104088580093763	4.97201675301353	5.2039563337509795
good	5.1039942733584125	4.988630104697391	5.127616596789535
domestic	5.165218450558282	4.953642027769183	5.199272203617426
glory	5.165631580291641	5.0203956149118865	5.201630683082835
lay	4.995528102584075	4.9099071605407225	4.964137356305396
occasion	5.078167303790077	5.054992223714533	5.212466821127315
guard	4.902045721698322	5.122393178448934	5.088496120724307
whole	5.075730179806679	4.9582285981215275	5.1550174285265635
mouth	4.973950810098615	4.888154689341776	4.862384926059889
receive	5.146278180599316	4.983143761386281	5.223877764610305
take	5.013341536193815	4.979013912461701	5.060047645138883
simple	5.180349452815581	4.898312375023779	5.159748043305003
error	4.991096691895365	5.097356864207424	5.266251146333879
wisdom	5.114687501697986	5.080425762660946	5.287948228787654
rock	4.960378964527048	4.905497945106322	4.911116118935222
decide	5.073565132424175	5.07354454901706	5.30529374541005
exclaim	4.908805953451454	5.067977425268342	4.907635333187721
assure	5.072431701668347	5.067438928665934	5.166367186778286
sign	5.040433467080318	4.984675512363448	5.122715833576368
preserve	5.136180362899477	4.931866963157395	5.1771465989720795
commerce	5.143487523868887	4.9717279766830575	5.282839172147454
plant	5.121257872681684	4.8013703024496115	5.0152834127024475
walk	5.126021688842782	4.865146921685174	4.9234476927527435
difference	5.101098500118189	4.950696706176168	5.214651410632364
hang	4.95321055839728	4.900236862179432	4.840843630577403
following	5.24208864543576	4.869943314534936	5.233479670680093
employ	5.138255167297672	4.922497308369553	5.204144099653811
