deal	5.013824670614634	5.029429253155539	5.097836534009236
study	5.2433867762333435	4.929603651339006	5.234964896409624
afford	5.145394957343007	4.968787467028614	5.2031316577677185
service	5.15083718040237	5.0386937387286075	5.274415421772677
height	5.0403699141126905	4.8944676310252975	5.032450161702048
prospect	5.130462452861701	5.015069528209747	5.157205254715145
pleasant	5.21737966720914	4.8634504825551685	4.97952940193232
shade	5.1045983709295255	4.873720246165998	4.951745562358331
listen	4.998427485588139	5.0857180683630165	5.038644718156979
mighty	4.981095692902147	5.052265978799671	5.075900887369858
country	5.086170651702996	5.039213718939466	5.2528442274579685
title	5.17950599058428	4.994092940119888	5.321486255354085
choose	5.110775100055133	4.9694299547083975	5.18909814316374
village	5.123939092331744	4.9279989660810495	5.071402624788062
acquire	5.181246994903444	4.995172105254546	5.2820363955334235
rank	5.099895746107444	5.079085687982451	5.261259537306281
bow	5.030386688939328	4.985004089153272	4.990528735992003
doctor	4.976221968914833	5.007956942766012	5.003623738521927
talent	5.210595101420618	5.0416284382556045	5.307871627128071
source	5.133356361655288	4.9998229124044355	5.232996902929962
lead	5.026237588235687	5.048689120036758	5.141226881072238
question	5.016553688976682	5.063697093522081	5.241583016939554
publish	5.196922983577774	4.966814865963094	5.317486753966419
interest	5.112589382783201	5.061568350920249	5.274525034025393
serve	5.025728153513857	4.987775160009304	5.086937895681494
divine	5.097461580600957	5.039584829062702	5.231262050719698
put	4.9293357303551755	4.951488129435542	4.944213007489325
shadow	5.022541915644109	4.947413541947183	4.986943117069505
practical	5.139540546766412	5.001014840129305	5.303441412177869
surface	5.035003041088388	4.832791182609435	4.949447425188392
account	5.060315239464866	5.010157049185518	5.182855917986918
loss	4.909038945091202	5.119085808337501	5.1174345648062225
indian	4.941917263638071	5.058943838965617	5.111052229559614
vine	5.1024685798719505	4.813784682601195	4.996300351636336
certain	5.009959691661651	5.04940146537343	5.187926027565432
sin	4.8323945584803285	5.148903872529035	5.079019415228311
necessity	4.965562822260756	5.10082118864039	5.234247311866362
lose	4.953745557192207	5.079998744871881	5.052466729946991
private	5.064931688892165	5.080866269218473	5.263786840753008
gentleman	5.120557107917399	4.979837317277347	5.114184327766886
daughter	5.01565446142293	5.073079890206223	5.073484943677039
drive	4.817377890371267	5.1144269993012825	4.961944990091136
strange	4.939488979515946	5.068150418478096	4.971332348142132
journey	5.119531500692976	4.961933025941752	5.056519713554619
uncle	5.082653038522547	4.960782608213073	5.011941367828206
species	5.011727328654398	4.967914844722047	5.115848381109995
think	5.003615369256455	5.049409607802751	5.062082078592273
bed	4.972734831443102	4.864625119249086	4.822582453033651
wind	4.915482239385531	4.980147582586472	4.890153027874331
bless	5.057423646612982	4.987204277197402	5.012232931985969
destroy	4.847951657533471	5.12170914197665	5.1011491830542
author	5.175285736996932	5.01399540802398	5.275754028749402
sustain	5.007198138560589	5.078472174865311	5.235355367459181
black	4.934572223237482	4.897090620019917	4.858652537515215
event	5.047558686591205	5.109850905982374	5.253742817087432
liberty	5.037301052269941	5.132806480498212	5.2971030509935
negro	4.916518405976008	4.9899879611183	4.978200122526409
little	5.079414982984115	4.921532206848697	4.999737441095181
fortune	5.055841021665179	5.09752610274939	5.161589920091924
touch	5.019284810834048	4.999296355104839	5.011936476968802
kill	4.751531251582294	5.110323158839396	4.906304831095725
feature	5.077495776869066	4.9773070836940345	5.0887167299588505
happiness	5.087048390255626	5.093267670471648	5.210040338218239
assume	5.042323846903647	5.054786910416516	5.194666007635124
notion	5.039578964289845	5.009040138122202	5.135827297676234
purchase	5.130726354326571	4.908199158131897	5.139981027722156
faithful	5.103810630776976	5.085129014166756	5.2272625821168885
soldier	4.894515999169474	5.1767898878582885	5.0973928465280265
father	4.960798072112171	5.0830000776771165	5.060496905163759
narrow	4.97882499073496	4.925469215106776	4.99620721884809
great	5.083125539871438	5.0316586977338185	5.222378839623049
tear	4.883321607225496	5.037509364395975	4.892149077383929
honorable	5.09797370720091	5.137511496692326	5.342856743238087
previous	5.062735226741354	4.998582494878551	5.183433638637705
good	5.065341698206439	5.015705135393547	5.112149163904171
domestic	5.115131104634885	4.98451154098801	5.172736296749628
glory	5.134727951284092	5.037399910230362	5.1799771043348235
lay	4.969940733246211	4.933809397433491	4.9586861321186415
occasion	5.0389239101555905	5.079617955360539	5.193958389001369
guard	4.881860389744386	5.134912326442881	5.085063916470121
whole	5.037334615390608	4.981353034645992	5.132469871222454
mouth	4.951371752422216	4.910232674400607	4.860864222601632
receive	5.108120210683315	5.008605923015127	5.206857468506857
take	4.980122570223368	5.003558058264393	5.05153457180202
simple	5.136784904379187	4.92515519589012	5.133088740460575
error	4.935740744733934	5.124018584889895	5.2329101354876855
wisdom	5.07009166751812	5.101898012552785	5.257706000091934
rock	4.945072514631065	4.922325756299179	4.906630159645091
decide	5.027174973861859	5.094672372051845	5.276779584577081
exclaim	4.891483089071891	5.081964375415209	4.915277460444398
assure	5.040865928067036	5.087177831209601	5.154295805992384
sign	5.010234361597693	5.004429235970874	5.108725032358925
preserve	5.091000212666474	4.960628901967285	5.15367807035584
commerce	5.0954267081446565	5.000508542236103	5.25252629113847
plant	5.080832968780419	4.8270027233016	4.993672057260456
walk	5.108393435624238	4.884968097522194	4.925742010292719
difference	5.043725516216239	4.977771668021376	5.177887782769665
hang	4.930738262762124	4.920883819767138	4.8401938073715645
following	5.205216723802328	4.899622990928855	5.216702935509395
employ	5.0957252261922426	4.950886392316874	5.181720048292474
