deal	5.057359267657105	5.004887467304585	5.110031341237567
study	5.282393105621522	4.909414341322742	5.251074235039875
afford	5.182766159056723	4.9424076761383855	5.219319716785604
service	5.1895207758084885	5.009917836606971	5.287882683566626
height	5.067738913745677	4.874218489111914	5.034602057534858
prospect	5.158157670294528	4.992808100452611	5.1649992073252395
pleasant	5.238528971520501	4.8510515915884564	4.977253218821203
shade	5.129840149581227	4.855444391495103	4.94892817301876
listen	5.028546201036712	5.0795752180425415	5.041349343799253
mighty	5.005739246741418	5.0384564102100375	5.0795193304306805
country	5.127125413446596	5.007463205639003	5.2699979690007925
title	5.232951269841362	4.961915899335354	5.3463712942384545
choose	5.152329144451965	4.942897953879413	5.203856696006428
village	5.150340859235569	4.9087167469838935	5.075045936221663
acquire	5.2222937068231445	4.967656845981991	5.299311545664957
rank	5.137898392697803	5.05418387837746	5.275818088807259
bow	5.054572036724692	4.973917295265135	4.986502093868436
doctor	5.021007099398204	4.984685598803351	5.007170074631127
talent	5.251297911372578	5.016961857208306	5.326708910959692
source	5.176383445620262	4.970098617137653	5.252660308588551
lead	5.058996326490658	5.031898966826478	5.1539818208754875
question	5.0694128617260645	5.033716726648772	5.2644218522085096
publish	5.249640446485748	4.933728307381276	5.3381920398111715
interest	5.1572877550859575	5.031086552381036	5.2959265256236785
serve	5.065178832282649	4.961793444064811	5.094988217234338
divine	5.1386119285262915	5.018039980141553	5.250997020613573
put	4.970290272661975	4.925199510744833	4.944863258843846
shadow	5.04914735276577	4.931707798555057	4.9886063126503934
practical	5.188456593812436	4.968280615152179	5.326752694874962
surface	5.064584406234651	4.808596461436597	4.949088794334933
account	5.1109561052455135	4.977502967926383	5.200124831862085
loss	4.9551191694123125	5.085776442121969	5.125942476463313
indian	4.985543295255128	5.028283770538864	5.119355122555051
vine	5.1395581272919735	4.788265763464343	4.999434898317191
certain	5.05645000210499	5.0192227988108895	5.205963220448758
sin	4.877877195575736	5.125968727686055	5.090754355708382
necessity	5.013810281001842	5.0673008262637715	5.255237115234495
lose	4.988891042354772	5.058814362512233	5.056449366183156
private	5.1123458848836485	5.049032383668629	5.2861152549872905
gentleman	5.16088660830323	4.957909818750979	5.124116926339397
daughter	5.0551806901320475	5.0554907890519125	5.079687570941555
drive	4.847096983362827	5.094585745867235	4.9595127855358765
strange	4.969859908865673	5.055475646956398	4.970798106040092
journey	5.144094794190689	4.947570579428684	5.055381124740358
uncle	5.127431338887516	4.940744898100554	5.019571119015261
species	5.058914240361367	4.930668740275572	5.126529934114763
think	5.044677931270179	5.0313222823687225	5.073178398804075
bed	4.998375347753953	4.848657547291728	4.812665080550347
wind	4.9400077641911455	4.960829839239032	4.880436290972646
bless	5.092448511454934	4.971274377753486	5.0140124168037215
destroy	4.893432397915993	5.088756237833452	5.110979986917338
author	5.225184583760702	4.9873949809665765	5.297382839600438
sustain	5.048348250168518	5.047543943645018	5.2504523633690345
black	4.966213338668375	4.869792191468004	4.8490678575415584
event	5.09026590596359	5.084450888304865	5.272015289016781
liberty	5.0844718545948275	5.102711445031455	5.3195499853908075
negro	4.953100139838927	4.962314847515455	4.977896863769513
little	5.112677413522378	4.903942212542141	5.004422437583741
fortune	5.092091417858275	5.075127030789668	5.170067175302964
touch	5.0535598098027315	4.9846954163710695	5.016219775623627
kill	4.79588587294619	5.0883599868808185	4.901921964486339
feature	5.108480372507081	4.957208090467328	5.095725331898225
happiness	5.12789628547723	5.070350060099122	5.228414727714308
assume	5.084896168165782	5.025207583321694	5.209706469026467
notion	5.090329216676761	4.983179023343591	5.157603336866475
purchase	5.170639678567402	4.877572831952125	5.150415082295716
faithful	5.141367067487565	5.067443414324072	5.24289510893643
soldier	4.9255845581733215	5.158543740587344	5.09806482567823
father	5.000158847637416	5.0670364029361075	5.066954818057223
narrow	5.002953936162288	4.9073694188482015	5.00033517392295
great	5.122193253260326	5.005659418894887	5.237965983208647
tear	4.914255534455177	5.018662464515061	4.882220300140257
honorable	5.145770318170578	5.10706101046255	5.364832538037081
previous	5.1081242459402425	4.96591833734759	5.196566800296654
good	5.108287620144687	4.991552101050055	5.124305582086322
domestic	5.158601041246237	4.951647921578316	5.188956234096671
glory	5.163481351582927	5.018951458258033	5.187399638946266
lay	4.999536836543816	4.915212455784217	4.957125600951023
occasion	5.081248075493835	5.051757257918711	5.2085390041136375
guard	4.915534673248277	5.115587046942378	5.091485254314966
whole	5.073868764359837	4.953428700878562	5.142614740198712
mouth	4.9816163335600585	4.8897657726543455	4.850844765691497
receive	5.150971518793107	4.97884987847193	5.220521981144711
take	5.022777731288243	4.977764274189219	5.059361890623074
simple	5.174707661101234	4.904192699104165	5.1486652105181205
error	4.993766858288847	5.090001451683005	5.256824069698748
wisdom	5.11277325215858	5.079492368546301	5.277920979092823
rock	4.965260549384928	4.907486461792961	4.898441581133423
decide	5.076587626468142	5.064763034888586	5.299263249692859
exclaim	4.922205017693753	5.07266028167426	4.907606176593705
assure	5.0815675545239	5.07018425156111	5.168935420773121
sign	5.050143121610287	4.9828193971464705	5.118494227975952
preserve	5.133883580147989	4.9301165924594095	5.166041744379079
commerce	5.139060454555621	4.96140157934694	5.26674424953616
plant	5.116803557041112	4.802942157926416	4.997052972291757
walk	5.129247612931671	4.878058317671899	4.922014903089932
difference	5.097371572768155	4.943016032201563	5.199068083890644
hang	4.9568468314055325	4.904571692360265	4.83031504810354
following	5.2535912610282605	4.869383919569668	5.2338950671632345
employ	5.1345720756894195	4.920106335632198	5.192086748739226
