deal	5.040084103159548	4.981177322092239	5.098445095963129
study	5.272845707699808	4.878795639651533	5.238969243299686
afford	5.1782598157310025	4.9153445107982465	5.213709191802446
service	5.1846352738523125	4.9860235195207405	5.281926880899602
height	5.0718802394141385	4.8365621729317585	5.0324535893078535
prospect	5.150364668965454	4.961191072471891	5.1583369443032
pleasant	5.221988237782295	4.815770041902248	4.96260120548935
shade	5.1225498485621515	4.817071029871056	4.94214568489473
listen	5.015780185054415	5.041562396909822	5.024199247024793
mighty	4.997616256191917	5.002497934910936	5.071304216631956
country	5.120071562444741	4.985720088867834	5.27091681277118
title	5.230527594769601	4.936423167596016	5.342636492681209
choose	5.148258610576217	4.920323673911581	5.200488501070162
village	5.143412516575426	4.875973427483302	5.065163613308367
acquire	5.21506299981403	4.94185495452451	5.296941133850652
rank	5.1315944599339645	5.021417340788074	5.267084519796807
bow	5.046816646660872	4.933642372854939	4.972118196645698
doctor	5.006575088350935	4.961618782856875	4.99285112038428
talent	5.239392364708594	4.9861567497581945	5.316130928479773
source	5.171569698334214	4.944483899122164	5.253297485633363
lead	5.053524440431243	5.002250069365759	5.1456833587297135
question	5.06548797273867	5.013981139127339	5.262194110854003
publish	5.2456340668891945	4.910166092279419	5.3316848176947085
interest	5.14934515855419	5.008389462790371	5.293871242635291
serve	5.058349273512345	4.940068660470756	5.090510464930228
divine	5.134244867596587	4.988058980730295	5.247107791712909
put	4.963758552460938	4.903433677662965	4.939040475242525
shadow	5.0452598120319925	4.893278631551397	4.982282380048944
practical	5.182268814611074	4.947508919765078	5.32549242321578
surface	5.06432233390325	4.775272197900117	4.948565942990904
account	5.1027899502656675	4.956459554563268	5.195421662622343
loss	4.950672190754239	5.066496984196325	5.129226500006846
indian	4.981847771901578	5.003349641400435	5.118579627455238
vine	5.134974829459132	4.759670701409615	4.998702687232045
certain	5.052553950328806	4.996654945968778	5.2068729352168335
sin	4.873904558760332	5.103562575318019	5.092796589167489
necessity	5.014779623795405	5.049261224981574	5.260829746154726
lose	4.979961811310656	5.0306153930429724	5.051837510566479
private	5.107148300957851	5.029337868362514	5.2823710337439405
gentleman	5.146430040377917	4.928879845864014	5.105858148400939
daughter	5.046514356718302	5.0271151719735725	5.071963775006267
drive	4.842904272940394	5.066078684459225	4.956252022977215
strange	4.958383008917478	5.020719787617432	4.960755026228937
journey	5.136349332153708	4.9123812565076115	5.041298259532258
uncle	5.106701493081732	4.916484860138192	5.0016974019387845
species	5.056988087555935	4.910235106314558	5.136002384153519
think	5.029368391249863	5.0050958588674845	5.061439504849671
bed	4.9952711752983445	4.818207672521426	4.806409845532255
wind	4.936172573248296	4.926696439919674	4.877397567479814
bless	5.076916579123506	4.944652472737456	5.007147658812907
destroy	4.890108102614166	5.070991728719887	5.1179746443662335
author	5.21527772842142	4.959732205758386	5.288071611105617
sustain	5.047875863039632	5.024551329202144	5.253310039003758
black	4.959599561570802	4.8371581772694885	4.84013298596221
event	5.084586054129714	5.057449244154389	5.268570636622269
liberty	5.077078127774017	5.0831326041826514	5.321092332901725
negro	4.945151150297674	4.938582921458972	4.970777266551416
little	5.10044916019415	4.874409407770787	4.99199405535378
fortune	5.081577997304849	5.046956737487839	5.162704002057715
touch	5.0433999097226625	4.950228426734078	5.005793991690537
kill	4.786925852480359	5.065739969533232	4.898801339967497
feature	5.1042172221033235	4.916338725865085	5.085818350287158
happiness	5.118347906988778	5.0462186556600015	5.227635387736411
assume	5.081448175836433	4.996967477095951	5.206096674988128
notion	5.07288674894251	4.960030197368928	5.1469138022604275
purchase	5.170256810473446	4.857939238966983	5.152358725448171
faithful	5.132418516746036	5.038043893260277	5.230651385688852
soldier	4.919815019496315	5.126310688813171	5.0875959235264245
father	4.9912713590437034	5.040750438605494	5.059706871527005
narrow	5.0075832472287365	4.87327237034328	4.998827991108915
great	5.115118958707531	4.978537175378664	5.233928196098531
tear	4.9070630453054145	4.990050439120692	4.8807657522291334
honorable	5.137220049318309	5.084225543342798	5.3573363092223305
previous	5.106929269419454	4.942815453821775	5.196075474701747
good	5.091336306151296	4.970363090588095	5.114836703701135
domestic	5.150684703992429	4.934527756801025	5.191891657458553
glory	5.152920705806931	4.981302302103604	5.179415851502085
lay	4.997829380417009	4.884448084988391	4.951726648806804
occasion	5.074668498600336	5.027714247046008	5.203839007748971
guard	4.917619311617782	5.085316330407581	5.084293869404111
whole	5.071094051427493	4.926907020239488	5.140265244537177
mouth	4.974386064735831	4.853147485552711	4.839249085452681
receive	5.1470001481439	4.956073270956296	5.216921625491257
take	5.015362404940385	4.954887357691984	5.052215428952649
simple	5.167960686349615	4.874442985480176	5.1419831382848695
error	4.988832874188479	5.071160990786719	5.25806607976556
wisdom	5.104117004173287	5.050469245184407	5.271270639639486
rock	4.966409614220458	4.869520991093461	4.894047945448816
decide	5.074581545925801	5.042051309449886	5.296099884854815
exclaim	4.908143082394334	5.036636078867623	4.889882025713479
assure	5.067744173013135	5.041720002558135	5.154662167653919
sign	5.048418648467843	4.952135185983608	5.110413944115787
preserve	5.127967910947717	4.90651068905294	5.165110336385714
commerce	5.138964431800451	4.943435096712177	5.275403249911799
plant	5.111335236333514	4.7756115547770515	4.997508541783198
walk	5.118436194186522	4.838239831884701	4.904236622785592
difference	5.0914586759701965	4.924639055742569	5.203529158307266
hang	4.952907451389237	4.867794482079683	4.821525410973562
following	5.249727711314996	4.844295036802588	5.227642044937958
employ	5.13427938586923	4.895411720467233	5.190714909536981
