deal	5.038588063335397	4.995443189064896	5.1024072653363675
study	5.259183305066545	4.900328516671739	5.238592595443825
afford	5.1678265582703	4.937228172776825	5.212475838676082
service	5.175157370370286	5.008398459308989	5.282009864093507
height	5.056742601927775	4.870492774631255	5.038286750171654
prospect	5.142942592231576	4.987503913741251	5.160946013568523
pleasant	5.219013375286944	4.840479258291526	4.974225508773071
shade	5.112106853826772	4.847584974885594	4.94794603810892
listen	5.0163538123271785	5.0599312774492065	5.0324340777110175
mighty	4.996112990822054	5.03070868644104	5.079932440644014
country	5.111722241348924	5.009164342093026	5.267347689706694
title	5.216113417314423	4.962722369014366	5.342857610228559
choose	5.13615460262433	4.9426990014661385	5.203180765224932
village	5.1394021432900345	4.9012199809743136	5.07587631286664
acquire	5.200955919854661	4.96544376906718	5.292390104990897
rank	5.1241221144700075	5.053191376095295	5.271153462047771
bow	5.043888896013839	4.959713876792868	4.981582747307966
doctor	5.001856522054823	4.967395326920037	4.996853408066462
talent	5.229290161187423	5.012932229756717	5.315997729078324
source	5.159486400104815	4.967387702675051	5.248504886238417
lead	5.047702125268495	5.021022650046039	5.145811509124496
question	5.0517762882593775	5.029986304715469	5.257075292968645
publish	5.229623284187523	4.931694303734055	5.329993184932959
interest	5.140938722374238	5.030839405258946	5.290329544838973
serve	5.049921183978884	4.956231829103349	5.088744312314131
divine	5.122004027208994	5.01190036664083	5.2448962783222175
put	4.956826523512914	4.9146628844688065	4.940152498414751
shadow	5.034135874170978	4.921411970013267	4.98680036401962
practical	5.1662818276087155	4.967312676243051	5.317626651760851
surface	5.048818370682732	4.804875017202705	4.950671364958879
account	5.093640290626063	4.9727365281923435	5.193071867766736
loss	4.94125676890801	5.082664666090594	5.125596176115473
indian	4.974360825306463	5.02492185799675	5.117468921051361
vine	5.116031160969012	4.786343661254384	4.995850949564736
certain	5.040979904242421	5.015157912614109	5.202022792050042
sin	4.863725890230835	5.115906563708227	5.088954776529997
necessity	4.99957983736158	5.065880383687616	5.249702759544557
lose	4.97520864624012	5.048739477628915	5.0536665189230705
private	5.098134001159824	5.046290533214585	5.279342465700869
gentleman	5.144736578385833	4.945315951552492	5.1150818290711415
daughter	5.039258212094704	5.04185862929651	5.074564545594331
drive	4.842818146591771	5.083057887870209	4.960830921400413
strange	4.956994680006088	5.038658257228064	4.967281519871205
journey	5.1311238838491295	4.933561240130453	5.048757617858339
uncle	5.1047830299456	4.92482730253782	5.009579498148375
species	5.045846340988272	4.9319292965043635	5.13052877086375
think	5.024877020361353	5.01864156764443	5.064032085273402
bed	4.986729857144676	4.832898560762792	4.8138917589084915
wind	4.928982217837218	4.952106094133655	4.882843314603655
bless	5.076163056381545	4.959886924094312	5.013509018699449
destroy	4.879641763153752	5.0891571928319514	5.111820963213769
author	5.203839391095048	4.981708663204833	5.286253377583709
sustain	5.033248558499221	5.048766661771393	5.24730305685667
black	4.954413637016534	4.8609966465958365	4.850820571977772
event	5.072797076976372	5.080156665299199	5.263378732063806
liberty	5.068445956205731	5.106781335786055	5.315912259148002
negro	4.946322805920422	4.95050980711325	4.981130936972202
little	5.094996089639223	4.892771286366178	4.998610962355394
fortune	5.076737700676155	5.0682342973699335	5.165311567809563
touch	5.0387534775786404	4.969886746301508	5.008842249263112
kill	4.783893270912077	5.074846420760197	4.9012405835141735
feature	5.090651030305741	4.947871365631305	5.088982995520977
happiness	5.110409421759509	5.065193495081413	5.222240977321765
assume	5.067792061705233	5.022598735567565	5.203374213148125
notion	5.066642794000185	4.974882956203231	5.146666727443444
purchase	5.160136946141516	4.8733404548867165	5.152817444955198
faithful	5.124138053559274	5.058328490409497	5.230874820173742
soldier	4.917748584241786	5.148982093259628	5.091068699210112
father	4.985648599556017	5.052107912122571	5.061634448471301
narrow	4.995818182863892	4.897557394242058	5.001653103983801
great	5.107059272514991	5.003078653524026	5.233434083840801
tear	4.901484610011356	5.00585740765941	4.882475196090882
honorable	5.128070245578587	5.1063608912740746	5.35545525059666
previous	5.089973559218395	4.962116296747873	5.190647846681319
good	5.088240034860739	4.983967166461058	5.1162693646257615
domestic	5.140315503813268	4.952159941764003	5.1841500939566565
glory	5.14652783211006	5.01709485032989	5.184722477294857
lay	4.98886901803895	4.905857800222248	4.95497096926956
occasion	5.066624541810448	5.045909049245465	5.199529486967823
guard	4.908710047597283	5.104345715042641	5.082399145753491
whole	5.061557599825286	4.951316818667826	5.141517463516717
mouth	4.97075756419562	4.876700306247344	4.851694192498078
receive	5.137681800615558	4.9742722844768785	5.215630700899769
take	5.008371805779234	4.9684749433254165	5.052798804236601
simple	5.155521006777893	4.8964064017479	5.140457738558652
error	4.972068440315698	5.087542245397202	5.2487162387827
wisdom	5.092448243972928	5.0748802893171945	5.267539738240823
rock	4.958656283614185	4.898146833112759	4.903192509678121
decide	5.058230296974279	5.061749020090342	5.290555144515401
exclaim	4.914124398441118	5.049549693927704	4.903557783063595
assure	5.064761042177678	5.056899844252429	5.156036847515949
sign	5.037021834800109	4.9711444675258205	5.112268998786339
preserve	5.114522419783175	4.928842260431913	5.15842003974521
commerce	5.125555248800734	4.9676559775340055	5.266175280245382
plant	5.0962110976976165	4.800588672213408	4.995831432871193
walk	5.11557596165409	4.859579770639034	4.918561984810991
difference	5.078332337602618	4.942755735072821	5.197692131615948
hang	4.944825780544537	4.890957869166307	4.8305215998888995
following	5.233784881833026	4.865332951139625	5.224223677102089
employ	5.1210851699574516	4.91710851248805	5.189246697020241
