deal	5.0600943639942475	5.0062472831136215	5.118421793638568
study	5.295087228128146	4.9067760978166675	5.263107978739983
afford	5.198452523319403	4.945130995866012	5.235215119654731
service	5.203267451874193	5.020731117200983	5.303478299290298
height	5.084168980214137	4.872470424542903	5.050363789280183
prospect	5.17564824088277	4.993261197104264	5.181215173820389
pleasant	5.255681638492054	4.841053870237021	4.98439398101749
shade	5.1475130016394015	4.846747877400508	4.958836030624442
listen	5.04492258064588	5.063635264462815	5.047458828207836
mighty	5.019750365675713	5.039492514365933	5.092529635609156
country	5.137203764134893	5.022638538388367	5.288060644291704
title	5.242778786401936	4.973924693868922	5.361724614857957
choose	5.157136186053493	4.954274515011712	5.218507657977841
village	5.16335126869529	4.911847968004844	5.085463323381274
acquire	5.232994619190131	4.9741779484497775	5.317501009729423
rank	5.1549059080254995	5.061840765438929	5.293184570349971
bow	5.071923572774538	4.960592070671696	4.99134571191329
doctor	5.021825457496527	4.977519271609005	5.010728224810966
talent	5.2656223220614375	5.019322996177916	5.343269688542033
source	5.189138865822036	4.976012703085667	5.270918019952253
lead	5.074466891999149	5.030271175021128	5.166095980892311
question	5.074852579775992	5.038456215040633	5.2809722044650735
publish	5.254638374258059	4.9452237899718865	5.352911877478273
interest	5.169660115064677	5.037738382972757	5.312889504858656
serve	5.07271023037778	4.967552915610868	5.108203076500643
divine	5.154236114781667	5.018867475230876	5.266160983334308
put	4.969165606956568	4.924176059942198	4.951815443168623
shadow	5.065135275571822	4.9222814706908915	4.999313165619604
practical	5.196575532996237	4.9766662458788735	5.345116738259318
surface	5.074156361962261	4.802323416760373	4.963587832524339
account	5.114955314733705	4.983549346242825	5.213787936361327
loss	4.959713823705788	5.096840768799663	5.143410605522236
indian	4.987727442853929	5.040508869861047	5.133525597506045
vine	5.1426345535011295	4.788727908959669	5.012588731003622
certain	5.065846936093792	5.026190078241919	5.22434957926975
sin	4.882444582877375	5.132893396288149	5.103186784024564
necessity	5.023558112622641	5.077680511787085	5.275723516271413
lose	4.999634364635809	5.060294664089446	5.07003052572455
private	5.125616388778817	5.058890285920293	5.301816914330258
gentleman	5.17258714488487	4.951695499900174	5.1310749516286505
daughter	5.067252679196956	5.054511527706596	5.086447242846514
drive	4.855392087884157	5.099039929297984	4.970974710697684
strange	4.9844923903261185	5.047085609655387	4.980074318686767
journey	5.157081162946642	4.941941215254213	5.062232012874907
uncle	5.125137215312732	4.9341923892094535	5.016904644303542
species	5.064980258995327	4.9436189078714445	5.146478268223922
think	5.050361932464693	5.027772854101009	5.0811750991767735
bed	5.007417968805326	4.835540739427329	4.814906201024326
wind	4.949683875657786	4.957083941402191	4.891245299454424
bless	5.099726258267542	4.970795597247839	5.0200756828419655
destroy	4.897034005328914	5.107853736059826	5.129929547805237
author	5.23509011310973	4.991273819759336	5.310852138169499
sustain	5.060258801076729	5.057234363512784	5.271043819683462
black	4.969892538720521	4.865339833917931	4.850601477730647
event	5.1015586601148595	5.089668550553014	5.290288278378244
liberty	5.094873424745816	5.121723521671446	5.340091106343716
negro	4.955256695219337	4.966833740965749	4.98515754357702
little	5.121823295959376	4.896764924773812	5.010903926276241
fortune	5.105732763880399	5.080187249451727	5.1846138602821
touch	5.066883288360638	4.972189868708414	5.024131417674554
kill	4.783393060153636	5.09873136358678	4.908154327777293
feature	5.128008396901885	4.944490035249725	5.10706244644029
happiness	5.14463821343362	5.074814529306845	5.2465585883669315
assume	5.099062838914079	5.0253070766638865	5.226310854590998
notion	5.091265425670429	4.983462854355937	5.167000529304105
purchase	5.181092514700649	4.887008593263962	5.163448695891593
faithful	5.1547403809529495	5.067747875554054	5.251460865707697
soldier	4.938044389200844	5.165578090126349	5.109929773056395
father	5.0079930444635705	5.065327639564731	5.073585476020877
narrow	5.022394142369725	4.9009337665439405	5.013255308858324
great	5.134070432642294	5.010988800046146	5.255328374769874
tear	4.9209751977283736	5.014830884445813	4.889762370976067
honorable	5.157668009024242	5.117129420868759	5.380217842521984
previous	5.115570195099076	4.9716608481821245	5.214288275184441
good	5.112957977508398	4.995443439702709	5.13442511449918
domestic	5.171803559064912	4.9622442608775925	5.206273416028122
glory	5.179314649905928	5.024762762732772	5.202399488143434
lay	5.009910948545593	4.9102021434815235	4.965211759511474
occasion	5.094132417948459	5.054785890268584	5.224937831053642
guard	4.929067335973271	5.118158594545046	5.1002352450469886
whole	5.084982739629354	4.958364051566812	5.16002804015052
mouth	4.985658911720976	4.877268529761101	4.852789571198263
receive	5.1620249812954	4.984632290958173	5.235271937314361
take	5.0259851245899645	4.979291620620612	5.069018352535314
simple	5.189131412473962	4.899255487093637	5.159825045479618
error	4.996611673032228	5.0996714998073704	5.27416642299624
wisdom	5.124680934411854	5.082800958510647	5.29184992613014
rock	4.97730561877204	4.9013649943842035	4.908051168587051
decide	5.084305796675945	5.0701662542485675	5.317119428301188
exclaim	4.930769278085794	5.057958245232255	4.909688849750721
assure	5.092055185674716	5.063916665609789	5.177855210355866
sign	5.059970824211668	4.979371373606366	5.129250050962661
preserve	5.141708562085944	4.9372819607711325	5.1818908009677624
commerce	5.149824691483523	4.979073240443034	5.289140927569284
plant	5.121104644697124	4.805446348194598	5.010488580021577
walk	5.146992731083128	4.859717562828376	4.923908799988508
difference	5.101407654984569	4.952928610557201	5.218657907456121
hang	4.967046002764832	4.893379233765163	4.832407179164529
following	5.257638127358755	4.87211350445834	5.245455347565172
employ	5.1464400366145595	4.927316863178094	5.209607014908951
