deal	5.025373561366385	5.004015513606584	5.1067892358821965
study	5.264610188892613	4.893613472306535	5.248377219057067
afford	5.166944203317062	4.932188521723516	5.22024461984543
service	5.164277865101693	5.005902653782465	5.283786504783159
height	5.052628073056643	4.862945619927798	5.048134530524504
prospect	5.139179230681376	4.977247120144312	5.1619559881536565
pleasant	5.222177962990424	4.823294187110581	4.973990046823554
shade	5.11190011022049	4.829303979547982	4.950575771968877
listen	5.003430561444938	5.060561679499921	5.031915978574769
mighty	4.978990159632786	5.028461446508429	5.082102475663224
country	5.10221791339951	5.0091807271504525	5.274076015286118
title	5.20851342995972	4.966253865465113	5.348727065235479
choose	5.122671736601403	4.948463585498062	5.208388095430949
village	5.131148617659155	4.894440730043111	5.079246085936948
acquire	5.201498750640126	4.961829327891134	5.3026284259326175
rank	5.11402253878769	5.050103784345683	5.2756684280511585
bow	5.031392187720311	4.953330327614154	4.983443383476338
doctor	4.98889825830162	4.979959403120869	5.000090775742376
talent	5.230150483685286	5.007333355533094	5.322516699208828
source	5.158652082120728	4.962345396366941	5.256585046187566
lead	5.03725598943525	5.023133705949369	5.152585189278857
question	5.040576448777966	5.042860674885276	5.265196581481134
publish	5.2265309468923045	4.937758673735095	5.339682518674728
interest	5.1335361041294245	5.029993176619073	5.2950680899103775
serve	5.037924322641109	4.959285066027751	5.095274906146654
divine	5.113082964087553	5.008161333722124	5.248086186911041
put	4.941116688326658	4.928740097176231	4.951114927678781
shadow	5.027714467110405	4.91233679689237	4.989611968823528
practical	5.1656621212357265	4.970130359661268	5.330008727054609
surface	5.04940563183605	4.795037612649725	4.962936431521875
account	5.0862720949234825	4.978649608757238	5.2013709444036795
loss	4.924388476229221	5.087806986287156	5.12736742228899
indian	4.958861941088698	5.030369522780932	5.126297735570332
vine	5.1166301615218766	4.777022825891993	5.0090878989100505
certain	5.030312120958464	5.023429649564233	5.21095414903359
sin	4.840015844017147	5.126367520470243	5.087425180173406
necessity	4.987353492407267	5.073032747451061	5.257932949354559
lose	4.960944720670865	5.052151505188248	5.0572179306760106
private	5.084264668782325	5.053188153635802	5.282111331575271
gentleman	5.134999130296838	4.950371073126709	5.115636011386802
daughter	5.023037875010328	5.0447462985541245	5.069556995833006
drive	4.820894512106035	5.090608996040668	4.965460488133467
strange	4.944395657050567	5.042358267641782	4.968576059748712
journey	5.125449264943996	4.924723422522917	5.050111211774595
uncle	5.092655131148798	4.932926407057315	5.008654239897247
species	5.03564318601698	4.935948327837161	5.14262982766867
think	5.013536294774488	5.025526853102578	5.066257074908578
bed	4.976335615962279	4.828598509474684	4.8163080653945345
wind	4.920046010690436	4.946984766825036	4.890553500161873
bless	5.059824803489904	4.959382138251275	5.011003705197506
destroy	4.8579877762394	5.097450572821111	5.116588980466992
author	5.203890501539912	4.981936708015791	5.2951008322193855
sustain	5.020480478975873	5.048514732311537	5.251924096118002
black	4.942810992983352	4.860651086990452	4.8558351429787745
event	5.065083878687749	5.08127248463768	5.269632416341285
liberty	5.053515401678201	5.110750766459228	5.322074800420555
negro	4.925996846384472	4.962381935170805	4.9846999926677285
little	5.090485712715416	4.889914478735545	5.003327932829754
fortune	5.063136953867856	5.067715401001484	5.164299395840298
touch	5.030815226548449	4.969184568070332	5.013997291471436
kill	4.757653928988679	5.094346131103958	4.908711350000248
feature	5.088915204071595	4.937407232412291	5.090608480223272
happiness	5.103017233914689	5.061765900530981	5.225028782507431
assume	5.059362604266061	5.021202516680461	5.206961134993375
notion	5.059346633638003	4.986345097210764	5.15690506344362
purchase	5.147745317664599	4.8744646203959485	5.155668943464275
faithful	5.113561432009345	5.056059018372764	5.230574269901402
soldier	4.8948319104817095	5.1550449947361106	5.093908146575827
father	4.964319170317462	5.057730029869505	5.056918440126623
narrow	4.988028338306963	4.894074016856438	5.008863165020036
great	5.099675105596123	5.001797218532526	5.240220945724887
tear	4.886363329375605	5.005212372248019	4.883629579885271
honorable	5.115211056852161	5.1089984837555935	5.354618012889375
previous	5.084389034473468	4.9643762380327665	5.198584067181482
good	5.077795713725278	4.988643228878033	5.120087642609718
domestic	5.136159050686279	4.947814090594802	5.190864594322178
glory	5.1374835902861316	5.00391340913668	5.185379434870669
lay	4.975020908547533	4.902974435245536	4.960754806572347
occasion	5.05697276040316	5.047694336272464	5.2048514840709945
guard	4.888103530597634	5.111764277818936	5.0871201110222355
whole	5.051474635951932	4.9529192620659055	5.149825868699016
mouth	4.960422475769461	4.877170571180457	4.858692900332089
receive	5.12846607100161	4.976607425488387	5.2204771062604625
take	4.994868438358767	4.978063435436266	5.060719644844058
simple	5.153971151663447	4.891848988606266	5.148395480564793
error	4.9610608301373995	5.099307486353955	5.255996697899192
wisdom	5.082534708174317	5.07330324237466	5.270657968682254
rock	4.947843508691435	4.891265837699248	4.910307972147829
decide	5.04815253136059	5.073114850640347	5.298402407062352
exclaim	4.894253035757929	5.0584445693212485	4.903678023332762
assure	5.054014347688823	5.061316149723705	5.158834930064112
sign	5.02353596509641	4.98067667469033	5.1191349278028335
preserve	5.109773698114377	4.924009192376877	5.167534981420384
commerce	5.119084373555983	4.966353230603642	5.277482697473695
plant	5.094172895494965	4.792496411431663	5.008331287359264
walk	5.109430161472956	4.85138827199424	4.91881905652656
difference	5.0726059079807655	4.952492925400802	5.211262130418814
hang	4.931279177779892	4.889525499174006	4.834024063194003
following	5.234465852134156	4.865890778879804	5.235878154063577
employ	5.115570579085817	4.918075824647195	5.200796738915354
