deal	5.039474268274786	5.006545438037826	5.109833108894156
study	5.273686469914137	4.907011494838588	5.254655124960739
afford	5.172312392469608	4.940423529789311	5.219162236654011
service	5.173017176517641	5.020447027983277	5.2885421402319075
height	5.0696394962	4.867543768985089	5.039539721530991
prospect	5.147098963024174	4.988539674001349	5.164282301071587
pleasant	5.229207855275574	4.836220203850552	4.971973638106813
shade	5.122141005152102	4.835674856279261	4.943045242233511
listen	5.014881504406909	5.068069122067774	5.040487884614819
mighty	4.996847745839818	5.032860993429659	5.082177699239039
country	5.109572686409271	5.014666397967614	5.270925084192771
title	5.216084134414203	4.974008316363872	5.35103314906746
choose	5.1322357297822325	4.956843588009895	5.20863315185315
village	5.137620341148306	4.904690299352988	5.071628617227428
acquire	5.210915429458246	4.972573698271714	5.304988994883747
rank	5.123640948512455	5.0615145631861225	5.277364975782764
bow	5.048785918379627	4.9629525919789526	4.985884325299894
doctor	5.002172416836779	4.986301852388994	5.006956481567954
talent	5.2379326678899805	5.02092183000624	5.329040256366242
source	5.162601819995767	4.970024741605274	5.257585628369268
lead	5.045135142365526	5.027001843941418	5.153406109983706
question	5.048851065319144	5.045173802950535	5.26956764829274
publish	5.2357723316535925	4.945886768344207	5.344652624153474
interest	5.141368851558493	5.037556801999656	5.298773176059475
serve	5.048519242489272	4.964614145714496	5.095016360941155
divine	5.123952158092749	5.015641826180196	5.255724653567563
put	4.956660903621394	4.927392951012382	4.946310115426564
shadow	5.0419072910016425	4.915063452407938	4.987485176908074
practical	5.1728545663012	4.976753545036511	5.33201546558614
surface	5.063176869633652	4.795351645000378	4.948868003063943
account	5.093509839466368	4.984728856331114	5.202471025483199
loss	4.938304046646553	5.0914341678554305	5.129294529491053
indian	4.96464104953864	5.035472422968859	5.118860728619058
vine	5.133001671948852	4.779041913789476	4.995092034000759
certain	5.040768714408986	5.025509087457412	5.211277919497876
sin	4.856107225054449	5.123593075758771	5.093326423624329
necessity	4.996136364701118	5.075347945920817	5.258656887956307
lose	4.977060084074899	5.055006316199559	5.060710906944443
private	5.092041137797153	5.058147540860333	5.286210885332449
gentleman	5.142819649195406	4.961308823308409	5.120989714187832
daughter	5.036161331067585	5.051809187113047	5.076737950562121
drive	4.834652785884087	5.090271940790922	4.960062843077127
strange	4.958378742047605	5.043529941846361	4.971553542652614
journey	5.136146920860754	4.937480451406835	5.0524642598290805
uncle	5.104579406255634	4.942251850482791	5.014202838266794
species	5.0479308755457675	4.934933710394338	5.131768661319782
think	5.02722937662237	5.029626388977164	5.074065274622263
bed	4.989219273808065	4.832008484928618	4.8078904078359415
wind	4.93371717241068	4.94834703544901	4.879044049166757
bless	5.07463689585906	4.966534190005725	5.014130132665771
destroy	4.872551973148946	5.093156965707521	5.111252110155045
author	5.209793300113234	4.989997170261031	5.3008900409316295
sustain	5.033477163794652	5.052444375092952	5.253200627026063
black	4.956570480124925	4.864184707760009	4.845940571986696
event	5.07603072727167	5.0888025515560935	5.276867062275555
liberty	5.061919940757141	5.115386214932774	5.322751207190829
negro	4.936096466161704	4.965073112685826	4.976732505304616
little	5.100487297084426	4.89750933279747	5.002490828661498
fortune	5.077123234176023	5.075199866700626	5.170167744715744
touch	5.043289043712664	4.973319779188006	5.0165485854837435
kill	4.775419209241547	5.093413503560576	4.903484721625672
feature	5.101337247987096	4.945406492141187	5.094283922270364
happiness	5.111954679019348	5.069171857167368	5.230434775606037
assume	5.069253277480885	5.029296993736486	5.211552274194235
notion	5.070569217253856	4.988581001506586	5.160134851308008
purchase	5.159352643167451	4.87929344465661	5.150670438764387
faithful	5.121266065954338	5.066819479142662	5.239862036557584
soldier	4.911479752561535	5.161226105068054	5.096146951297444
father	4.977279524925392	5.063661125490321	5.064020330358618
narrow	5.000005013648326	4.893560415656525	5.000224995952558
great	5.1102586248813955	5.0096256997250785	5.242537831741775
tear	4.900682257389189	5.007182944044088	4.8808801867137905
honorable	5.122055245969432	5.117922443334557	5.362325507608186
previous	5.092110670306726	4.973120401665147	5.200875748475193
good	5.087280098737031	4.994765256003785	5.123508267878926
domestic	5.140453113076596	4.953488234210932	5.1862710681944515
glory	5.15380145517456	5.015401746279878	5.190491286993233
lay	4.990056943316691	4.903913152664333	4.954339641434113
occasion	5.063867904968248	5.05561142209706	5.208645959547526
guard	4.901552503969974	5.113472493389102	5.0870379824991065
whole	5.063444480984393	4.956680628151514	5.146525986594563
mouth	4.973431673174168	4.881546666131191	4.850082863149207
receive	5.135935808200362	4.986025655644064	5.223337950768817
take	5.0056085132652015	4.980604898995939	5.06042850083235
simple	5.163997390413527	4.8969753161735365	5.149199962961816
error	4.971055743323743	5.0971797546080495	5.260776414567027
wisdom	5.094277092310775	5.080886643692574	5.280107612935605
rock	4.962007528684909	4.891873917412396	4.896856699907597
decide	5.057157897425794	5.076381463964961	5.3036011642067145
exclaim	4.909588552452111	5.063809111998306	4.908282340946002
assure	5.064100944591089	5.069481597032048	5.168323619722261
sign	5.037710928304795	4.9850276340681825	5.123551663436866
preserve	5.1203704256100995	4.931180803005603	5.167102952764664
commerce	5.128106790664422	4.969682968811641	5.269612289987869
plant	5.107319230945715	4.793915420923772	4.993337426668777
walk	5.123369272436963	4.860204412319013	4.9188707077564695
difference	5.079757801173235	4.954064824823059	5.206009710012462
hang	4.951661809131966	4.889194097636865	4.8278055533389725
following	5.2382475911427635	4.87681216192418	5.237229965264402
employ	5.12624994247518	4.924800167957342	5.196472788476918
