deal	5.029970687911326	5.004413928326718	5.102089813622868
study	5.257511732492667	4.8988683098554295	5.240309014115784
afford	5.161160635849606	4.937288650648707	5.211813973854178
service	5.166359957774806	5.0107087540792605	5.2799315881306965
height	5.051956274902835	4.860907303830416	5.0314063750930815
prospect	5.137775086746413	4.984717196936343	5.156111369002041
pleasant	5.218596206386912	4.827303953095062	4.963043269598854
shade	5.110483076980166	4.829499960017758	4.934906463089155
listen	5.000852179163035	5.055788116147038	5.018399724314554
mighty	4.9875911716413395	5.023887501817346	5.068363065200563
country	5.102265296088781	5.011766570489611	5.262607379472622
title	5.202890196505681	4.9621010556075476	5.3353292004029695
choose	5.12526376519405	4.941324898242263	5.193493919727019
village	5.131137247081324	4.892983716190877	5.0617932429808805
acquire	5.198773900442089	4.9664878699375254	5.294265709692995
rank	5.112547099336303	5.050577944836677	5.263588758184894
bow	5.032388478789273	4.947962525610278	4.969618383260935
doctor	4.986121443435852	4.97738604797935	4.991776937317168
talent	5.226369726103076	5.0130685540021265	5.317751720121467
source	5.1510610940649535	4.966990525748897	5.244192907052968
lead	5.033528892352696	5.022073331629448	5.1384116780862685
question	5.03170895809711	5.039924630024035	5.250937115213615
publish	5.22122392701471	4.934722928854458	5.329319653289186
interest	5.12851636311126	5.03655353751045	5.287951939953413
serve	5.039302183044577	4.958155058287673	5.085540638656906
divine	5.108848002135879	5.009201746237921	5.234306475335487
put	4.944179477210032	4.9208151867393575	4.939747230666262
shadow	5.027647035991128	4.909363513646431	4.973082582031859
practical	5.157724956819633	4.974646172168591	5.318922451394502
surface	5.046510943616194	4.793810455109192	4.945667448394693
account	5.0806933845474935	4.981319380800147	5.193165120054417
loss	4.931444559949421	5.0952311313298235	5.125825734243175
indian	4.958870415448207	5.024492679664214	5.1049510384714445
vine	5.119685014473707	4.776094304926532	4.995466460431812
certain	5.02548297662028	5.022017844889232	5.195662555806715
sin	4.848001927000252	5.125645223261568	5.077790634252386
necessity	4.9820410728470295	5.074248763216266	5.2452149137281765
lose	4.967125910302783	5.054081437684156	5.0499822375061685
private	5.083464135697262	5.055498417606071	5.276727427541121
gentleman	5.130791951767251	4.949864252883234	5.109007481949605
daughter	5.025486965216747	5.043714014901888	5.061521284865263
drive	4.82751174651799	5.086693474665716	4.951413691652095
strange	4.9437226183001615	5.03883866500364	4.953031943612976
journey	5.128663541632739	4.928226923756738	5.044632417211867
uncle	5.09607282791761	4.929670776181788	5.004433667522946
species	5.036981555394445	4.934341344727347	5.127783810077343
think	5.013753891587203	5.024545992898463	5.058252803312821
bed	4.978295867739786	4.8240434408218205	4.802360381158956
wind	4.92260137187034	4.943103165852562	4.872595086934184
bless	5.067095740019782	4.9572643044642595	5.0006980102811625
destroy	4.867914464465046	5.093927421081047	5.10343983604858
author	5.1945686216447715	4.9835101470107395	5.284028510515342
sustain	5.022304029184981	5.051757294740778	5.243692641710145
black	4.944533702584224	4.852713270744331	4.837612614965243
event	5.059181398740187	5.084890434417078	5.258150052364382
liberty	5.050814276037412	5.108817015018601	5.303915401804459
negro	4.929184857314208	4.959359161299758	4.9697291646570125
little	5.088410548181391	4.890328178276808	4.993101537511717
fortune	5.071102433146768	5.074070755783981	5.165814734109882
touch	5.02409697279527	4.9655036790880125	4.997619640974298
kill	4.769116988196468	5.085028127968375	4.8921472141943285
feature	5.079514277665078	4.938680582522001	5.076581106243299
happiness	5.097582826389907	5.06831462355878	5.214843493670212
assume	5.05358839330344	5.022754564932334	5.195767942587784
notion	5.052775948591658	4.982970360961407	5.142232550906065
purchase	5.15706049435217	4.876432525401581	5.1543972822984125
faithful	5.1131960006398	5.0579907214630655	5.223152280340631
soldier	4.901768326517852	5.150532200938749	5.081775377200479
father	4.969726120785921	5.054826849590937	5.047963679786201
narrow	4.986331734032643	4.890827160204925	4.9916763604960455
great	5.09861551697673	5.0047683671697545	5.231679017481219
tear	4.891937407237237	5.001867521224869	4.871116474437456
honorable	5.1161374776279445	5.112169893872609	5.351997418828341
previous	5.0782952708367	4.9669782440343635	5.187439277369747
good	5.0794537708045695	4.990981621935457	5.114015235523992
domestic	5.130211185385339	4.954072368074045	5.179991461157126
glory	5.145793697076264	5.005508293124737	5.177406071013573
lay	4.979866235540947	4.898134081012031	4.94766375558248
occasion	5.050355687724872	5.051261538687767	5.195305426373674
guard	4.890478608240508	5.104947529285977	5.072077726148939
whole	5.048588955789554	4.952523183407577	5.135931464017187
mouth	4.9610121242670235	4.8680565490011265	4.841407347817511
receive	5.125459747742298	4.977749271172594	5.212282215040675
take	4.994328551113721	4.974277380680182	5.049444574941788
simple	5.146312574140307	4.891240323641773	5.132698591388439
error	4.958211257456881	5.100358866916387	5.246452215492158
wisdom	5.084627409654694	5.075137323750114	5.2632183663004914
rock	4.952994969624052	4.882658330490467	4.889682014958777
decide	5.041130672670441	5.069679142021968	5.2847063203295255
exclaim	4.894440361419388	5.052234475509479	4.890800342821895
assure	5.0516089392253765	5.060759695675103	5.151759980134007
sign	5.020615811131087	4.972328491810429	5.10212258130677
preserve	5.10720285489421	4.9247469052375585	5.155664922128205
commerce	5.118062239513792	4.969447250991922	5.266835963090157
plant	5.096932013036531	4.7889113420051395	4.990472971481454
walk	5.109983969102678	4.84891420729524	4.907637041436044
difference	5.064127187599236	4.95237973168685	5.193425328820327
hang	4.939386306060789	4.881447400760708	4.82082546565375
following	5.220960241754934	4.862864418728726	5.2189677194085835
employ	5.114916556498917	4.920147250404273	5.192389008576241
