deal	5.047936404456204	5.008479147198165	5.120084269118571
study	5.287429214091792	4.900301193996767	5.260521177244024
afford	5.186911039912492	4.941723195273123	5.2324012399150295
service	5.19223184719632	5.01745178851199	5.300694378704752
height	5.07776424476709	4.865270864002568	5.051110227134675
prospect	5.162919424465198	4.98905630253622	5.181389497027978
pleasant	5.2371458047710755	4.837943574206236	4.990538187713784
shade	5.13688664355402	4.84000117638155	4.963179765434613
listen	5.025073630527251	5.066271644599093	5.046474497418387
mighty	5.01075843473311	5.0311221455005475	5.094916560237461
country	5.1277870998474775	5.017191167874333	5.2839251548540265
title	5.23336677035842	4.9733748731704805	5.357578486619532
choose	5.151633786721979	4.949653708520832	5.219067084042052
village	5.145804751231584	4.906461612664637	5.088165113249763
acquire	5.226533212939876	4.968684252884742	5.312332087222377
rank	5.14215869395802	5.058132249356143	5.287117345212105
bow	5.05700113178858	4.963337398462879	4.995740685386187
doctor	5.008300323799049	4.983665543281138	5.013149238321892
talent	5.254607590949629	5.014737157063612	5.336889969921674
source	5.183079487171851	4.9697856103312565	5.26963340065542
lead	5.0595003312676585	5.027354417924104	5.161508443088164
question	5.066671198107174	5.040692332979455	5.272919409412989
publish	5.248061920449847	4.940436010617844	5.34833521308943
interest	5.157198726947863	5.037397935241446	5.30817178232343
serve	5.063297173433182	4.964952943982502	5.1069607168509314
divine	5.151653041830822	5.011060747105805	5.265381571140246
put	4.961401632769958	4.9296879568794045	4.9582882789898
shadow	5.057112652764701	4.916640887707086	5.0028056045864
practical	5.192654351134068	4.971261442985385	5.338797314971267
surface	5.072189895025135	4.797029293414706	4.967041142264068
account	5.10351830277444	4.984398518474663	5.210485503493525
loss	4.951370789583697	5.094168472822201	5.140389362310293
indian	4.976080616042188	5.038186416406824	5.128776190960083
vine	5.144170572254356	4.778103906244292	5.013248134515821
certain	5.056741628470732	5.023879416603944	5.218542398101769
sin	4.881670256848197	5.124620175744461	5.104144695548752
necessity	5.016637959677308	5.074004431803485	5.26685942220798
lose	4.9881623274768305	5.057461420363418	5.070977051136747
private	5.109880311853753	5.058858607068275	5.297269421586744
gentleman	5.149598686997457	4.961825009406511	5.13111645016019
daughter	5.048333273139431	5.055898504522851	5.08439635496695
drive	4.838989692139129	5.097060373797243	4.971576338556424
strange	4.964341585108698	5.047430769420516	4.979321957774776
journey	5.1407530783938356	4.938102304481976	5.065930197888274
uncle	5.110044684875044	4.940639349103965	5.025114712217636
species	5.059233224059776	4.940737206772869	5.148163810712023
think	5.037646383678438	5.0276105295052265	5.080709641544807
bed	4.995956822472692	4.835468614840889	4.825727819406786
wind	4.940244504163074	4.950808014537607	4.895526360987934
bless	5.093928441874221	4.96617704561204	5.030348570433385
destroy	4.891426311994712	5.0982345238933595	5.1252042530008355
author	5.225093799979688	4.987172317033728	5.305438206965604
sustain	5.055235760475741	5.051022768302454	5.2637353521583305
black	4.960483028037004	4.869762126078485	4.860234437133089
event	5.089978544572379	5.082905180290782	5.279603123602781
liberty	5.087044560865545	5.111943756542755	5.330734638957615
negro	4.939604303917966	4.971004757679046	4.991016837328223
little	5.106156123156291	4.898713407287221	5.013367699194275
fortune	5.088757440231101	5.0788854725363946	5.182355928032526
touch	5.053945353512583	4.973836248922195	5.024836046212508
kill	4.777164136292943	5.092252898547291	4.907398865424244
feature	5.113077160674145	4.9469383752259946	5.103359677662313
happiness	5.13411954916651	5.067927190623707	5.241449540231315
assume	5.085564645647727	5.028588935356787	5.2196442818364135
notion	5.080754738626768	4.986032928284823	5.165071638912174
purchase	5.168970909336774	4.890043273626764	5.1714135701713655
faithful	5.142922579490107	5.064596717565876	5.248756112273926
soldier	4.919710574324451	5.160324527565614	5.10268264380108
father	4.9934745498250654	5.065895909606764	5.072386099523527
narrow	5.008498857068307	4.899108862277085	5.014757081183833
great	5.1248040746620465	5.007878296879373	5.251240460344828
tear	4.913425296902502	5.011972781221963	4.895511228762059
honorable	5.146696240761521	5.115787381493456	5.372180178032405
previous	5.106764669176393	4.968981323302075	5.20900982902125
good	5.101153495962775	4.995133354618035	5.135055460025033
domestic	5.158152993623408	4.9591901976454995	5.2027826505908665
glory	5.174899479665183	5.0122994821409605	5.205733560226496
lay	5.000118908668011	4.909762167393124	4.9695090740666705
occasion	5.078258067871611	5.0542162438644995	5.2181182616390975
guard	4.912346979742178	5.116271984554508	5.095646304286669
whole	5.075793205830839	4.956687742422803	5.158430794413461
mouth	4.973379629550729	4.884392270354105	4.863179537204034
receive	5.150343646697023	4.9868405482368425	5.234015438914435
take	5.015067917055593	4.982203850425342	5.070232728629355
simple	5.179415276769094	4.89770302102369	5.159632615131402
error	4.993889597883352	5.094503426395283	5.2652859019492055
wisdom	5.1190480561979745	5.0762174998684335	5.287905112888743
rock	4.968822513957311	4.894639579554013	4.913461008115798
decide	5.076391689180193	5.069458375744139	5.306890277791716
exclaim	4.9111018432508144	5.065332299897113	4.913588111560453
assure	5.075129153300014	5.067953380316419	5.173257492339682
sign	5.051151199543815	4.981085806572337	5.1297646093168225
preserve	5.1380267310985	4.930549790678445	5.178496212948024
commerce	5.141905290942051	4.976246582461531	5.286479354912845
plant	5.121077866986184	4.794575312340024	5.01164055537638
walk	5.126887457565911	4.861033499038694	4.932118481503813
difference	5.095222587238126	4.952423734198049	5.213701631151894
hang	4.9558540586273745	4.8941407462495405	4.8420365779397185
following	5.252823964514173	4.870188666096955	5.244716765568838
employ	5.13663528450127	4.925279623910538	5.208835984168673
