deal	5.030424002697103	5.002969405072641	5.0954338083725705
study	5.254442174623274	4.897266312835336	5.230980482566459
afford	5.160633657010959	4.9369819547108165	5.204009371650833
service	5.162419650659548	5.010634108271922	5.26654465981381
height	5.065258342019529	4.86370197151613	5.040749661691103
prospect	5.142927760914395	4.988624951146592	5.159578933104788
pleasant	5.221689424000248	4.838473990231934	4.971749320894854
shade	5.119469604071151	4.841063602062664	4.949757443229107
listen	5.014370302390276	5.06299814671451	5.029292260514203
mighty	4.995545947345938	5.0284104150146325	5.074460084481649
country	5.102223848526841	5.011658050405937	5.2585985044011245
title	5.195871302683288	4.9551453190848465	5.316414593741772
choose	5.125117147404057	4.942764174347078	5.189183838070208
village	5.131945520588249	4.898290830055423	5.066066314402467
acquire	5.197791135192223	4.96663778486146	5.2857257940890525
rank	5.119783264419259	5.052177452366737	5.260822893429041
bow	5.047261820619934	4.961025625367704	4.979422601535018
doctor	4.991187197422755	4.980075899749557	4.989962947363969
talent	5.2268322996891	5.01327552555643	5.308829049586265
source	5.151724400971849	4.964804085261028	5.2403528258865135
lead	5.045771389248195	5.023301259564408	5.143145770984933
question	5.0386018349736466	5.035898506117401	5.247705115635601
publish	5.208244398114372	4.9260937291205655	5.311822986597088
interest	5.130541719134459	5.0330706144690565	5.281328229197367
serve	5.042178499826522	4.9605445551877825	5.08244430819789
divine	5.115386072001467	5.0084834546302055	5.23433436234948
put	4.949721361300008	4.924980465234422	4.937462666940542
shadow	5.040194451539894	4.9161828457543075	4.988581561957721
practical	5.159331977402657	4.969175221525884	5.3116113016423245
surface	5.055863773366689	4.80119879534437	4.959242147642966
account	5.078076223957362	4.975648040311389	5.183404308481561
loss	4.934211871875552	5.091945732822906	5.123296979975187
indian	4.963052037997889	5.030587895766796	5.111048961354014
vine	5.122395600899743	4.784125908686455	5.004776985401055
certain	5.03190587348879	5.020559063046657	5.194780831234424
sin	4.85710430399255	5.123807517787181	5.082714830285791
necessity	4.989463876080373	5.074277167342554	5.244218782312689
lose	4.975217149373968	5.055661718953045	5.053298984247249
private	5.083384086945242	5.048932539718186	5.264138588651212
gentleman	5.132693845244623	4.951237530838521	5.101524745356521
daughter	5.031600772503077	5.048432918972273	5.062203662531347
drive	4.841082768290466	5.092440266587702	4.961187622815411
strange	4.954556893999944	5.043172101399246	4.9636490151733526
journey	5.1265618068597085	4.930342009379311	5.044361604864857
uncle	5.093825964045814	4.932349767584291	4.998648070242996
species	5.035603065461669	4.934346921834093	5.123673815880829
think	5.019878439415754	5.026192484731137	5.059157769447075
bed	4.984279478485102	4.834566041308926	4.81087997801116
wind	4.937830528078027	4.955068240962354	4.892611068172321
bless	5.069942770421327	4.963128228101433	5.00392945995643
destroy	4.873459483572799	5.0970592573289135	5.108014734846296
author	5.191415519862513	4.977449248764121	5.273222711728659
sustain	5.030019643289539	5.052264144676659	5.2451644912993585
black	4.952628917531219	4.862588640037985	4.846956682845852
event	5.064403725255073	5.0827912161697375	5.262041602774831
liberty	5.0592710845660305	5.111369692263078	5.306373423427942
negro	4.934395092651054	4.961135952192301	4.969856370863387
little	5.0932863146367255	4.895763721887439	4.993885368627398
fortune	5.072387318024128	5.072222942369043	5.15690745173958
touch	5.039096979857653	4.973080878453621	5.00865496182544
kill	4.7759122816582105	5.088882940030591	4.90084887393538
feature	5.094969768842291	4.945540925309353	5.088557623735812
happiness	5.1054758304944965	5.070709022272806	5.21758878492183
assume	5.064032677273584	5.025620876297321	5.1990087319432
notion	5.058595490755164	4.982415759236176	5.139776851544913
purchase	5.140674825843961	4.872346058010605	5.130242023433648
faithful	5.117980277591568	5.0585759379429245	5.219716061834059
soldier	4.915666773930329	5.156277555776798	5.088049805819697
father	4.976211953637639	5.060159101723619	5.051128416718787
narrow	4.999569143262891	4.89498381778935	4.9999249294995085
great	5.10012678040949	5.003588458194643	5.226818943793148
tear	4.902285028499715	5.013438866965372	4.885206385933165
honorable	5.116640422305549	5.109756260752501	5.341367616697525
previous	5.081220476034769	4.966689340039681	5.188708990142169
good	5.081659570957759	4.991336655267426	5.108320425909074
domestic	5.131291380897256	4.958342925747566	5.177068758191828
glory	5.146901396089562	5.008724887919889	5.177819239628711
lay	4.987956274043657	4.905449186330427	4.953592441292592
occasion	5.056749706055573	5.053032374964614	5.196446167344583
guard	4.905351373435055	5.11048921259063	5.078711721662208
whole	5.055181915887612	4.95237943910533	5.136716370484684
mouth	4.9713429685516815	4.878371999487164	4.851712390475148
receive	5.1240723150417775	4.978199796726397	5.203839283148652
take	4.999395646571963	4.9765304852573475	5.048149906887359
simple	5.15228395448505	4.89427120757442	5.133047975245066
error	4.965469071636265	5.092503603373924	5.245870984227454
wisdom	5.09044355638034	5.074317764970029	5.2609636295494
rock	4.963502055429298	4.892839452959559	4.905952859364683
decide	5.050506554622827	5.067594330207326	5.284939410825301
exclaim	4.9100344792178925	5.06018442792706	4.901055955118108
assure	5.05781690405558	5.0638737915008685	5.151062860329625
sign	5.027267088413469	4.973152124009097	5.102780612455842
preserve	5.108678116773015	4.929337330912684	5.155677611051605
commerce	5.112806027043536	4.968829250699923	5.257699406586417
plant	5.100377616648889	4.798353242489348	5.000401905341166
walk	5.118101380799892	4.856853494579008	4.913635659969425
difference	5.068961561313525	4.949015088353843	5.192409759146709
hang	4.9490869377563715	4.889921295863148	4.8290150888062975
following	5.218834237598039	4.861697260706145	5.215235752406688
employ	5.111912632988987	4.917213194121995	5.17902066831684
