deal	5.026466251377355	5.014640064844986	5.100060854083659
study	5.261057801986466	4.910907904611208	5.236322999012391
afford	5.161902369109204	4.947158693698936	5.207572676635886
service	5.165668513735513	5.020122547748541	5.272046475037047
height	5.057450744358759	4.872893456604151	5.024964569970898
prospect	5.13966954717161	4.994076508859654	5.155150101501532
pleasant	5.219802383234027	4.846963659320046	4.970070559238206
shade	5.113474427299745	4.853085948239502	4.940007962846748
listen	5.007811870917828	5.0795558819598	5.03212130311967
mighty	4.986118037012657	5.0400947028901	5.066048424233627
country	5.097682511908173	5.020820166859066	5.253150636498767
title	5.203601659062087	4.97839388660017	5.326669712241375
choose	5.126007636470233	4.953947459960165	5.18735216898432
village	5.1277828024453616	4.911081684963976	5.059507674759617
acquire	5.199898346362649	4.973314273804701	5.284586116404937
rank	5.116058984302018	5.061349187174762	5.255347994715772
bow	5.039185163999258	4.972324593562545	4.974447828011105
doctor	4.9935143214666695	4.990949953117015	5.0011606552014545
talent	5.227528805557271	5.021433600009378	5.310182006010713
source	5.154156381804154	4.980043989870703	5.242770152165066
lead	5.037791351368915	5.035154711349023	5.139050539830201
question	5.0400561969023245	5.049278712974766	5.250131607796783
publish	5.215338959766965	4.948973954431635	5.32075299983776
interest	5.130366837895214	5.0430617252337955	5.283227860969913
serve	5.03868149797783	4.970826816894146	5.082932710943755
divine	5.118673873550152	5.02649616677704	5.236854189037424
put	4.945199904691995	4.9345133599379265	4.940368699316725
shadow	5.03248091778094	4.931233966531823	4.978764790910558
practical	5.162237833742441	4.9804854107121415	5.313181378148843
surface	5.050900574682676	4.808818792445547	4.945114107108067
account	5.079066036045564	4.992003798920931	5.190472017885766
loss	4.928927824851187	5.099951051748815	5.124030077959709
indian	4.9551226206394645	5.044583867142338	5.102640908280103
vine	5.12139424356478	4.7885304186444175	4.991782887264422
certain	5.0292796980524015	5.03307353483418	5.194014794807606
sin	4.853584379687061	5.140781210187799	5.0857479519994495
necessity	4.988664557344057	5.081031450878172	5.2421741585178125
lose	4.96761986251512	5.065574159044125	5.052238259087398
private	5.082549761246342	5.062299207650154	5.271232007538612
gentleman	5.134186383648354	4.963030322250125	5.110280687921811
daughter	5.029353622452015	5.0617143005429766	5.06662131407321
drive	4.826570057849354	5.101617428235566	4.954421413675574
strange	4.944842870799949	5.061198015737137	4.965032827308847
journey	5.122998802889795	4.945470915389606	5.045730715376539
uncle	5.094405766705676	4.946887841162046	5.009626275239938
species	5.033185934789759	4.9473730025561	5.122891199070152
think	5.015678487405863	5.039666643955527	5.06464749490152
bed	4.983127624017227	4.845028927308504	4.8111982751483
wind	4.926462565478684	4.962958684088152	4.880961363765531
bless	5.07026272242969	4.978938040767309	5.009105705748783
destroy	4.864593372599264	5.104907849834414	5.100816716659895
author	5.194182764116908	4.999922339349997	5.281837551931199
sustain	5.025007939117226	5.056565218552032	5.235977342861442
black	4.943331831845463	4.877109294125367	4.838446280535245
event	5.059140864009274	5.093268077828849	5.2547668385837065
liberty	5.053599001450084	5.119724848470704	5.300234826382598
negro	4.929118322724582	4.974796815176773	4.972558034254507
little	5.090267907993442	4.9050917600742645	4.996134685302408
fortune	5.068093428380243	5.080756245878302	5.161371896619646
touch	5.033075641469655	4.987267112706896	5.0083149024832245
kill	4.763461298707427	5.1042242396292155	4.897312546670253
feature	5.0890587279165835	4.956547197670185	5.078409756906176
happiness	5.105360988752619	5.078984223135208	5.218829419822395
assume	5.060017049371973	5.033665589671144	5.192590535190281
notion	5.055985151712815	4.996512734031365	5.143184168450606
purchase	5.148919204614667	4.887148669055828	5.143862721825662
faithful	5.116559938929915	5.073739997452691	5.225203927128662
soldier	4.901319584080752	5.166048094545546	5.08089998489322
father	4.973248675277211	5.073639974003516	5.05465373445147
narrow	4.991858680919736	4.905241149764022	4.991173674776125
great	5.097128406404391	5.013021164726877	5.2233204897280645
tear	4.894764417230387	5.024257380647079	4.882379466215445
honorable	5.1162745291120375	5.120608823568244	5.345747161682735
previous	5.080592544238446	4.9753413401985895	5.1840323591179605
good	5.0802992017665165	5.00151953530836	5.115659036948123
domestic	5.131290939416958	4.963734238424429	5.1781056443741145
glory	5.142362315961688	5.022262964144643	5.170818696041107
lay	4.983295181883257	4.915507816779504	4.948139157514732
occasion	5.054021521874864	5.061243795247697	5.196501362956713
guard	4.896074552086182	5.121072461634633	5.0759291791926096
whole	5.051613713894479	4.961670562317808	5.130073563371385
mouth	4.964492467169513	4.892381821319648	4.847850266416822
receive	5.126423383406248	4.99052440877269	5.209688253689341
take	4.996220855628208	4.98677122717938	5.050183769841144
simple	5.153060820498299	4.908523656109759	5.134675461217363
error	4.962025482453163	5.107954008064759	5.245836341359271
wisdom	5.089663396576218	5.087299448896999	5.262078359476291
rock	4.953874692201658	4.905568468161428	4.893153191416117
decide	5.048164446255404	5.0773749175483065	5.281591984445347
exclaim	4.90155961606896	5.075066537393109	4.904921069254612
assure	5.053404589637355	5.076784791309219	5.1551930053165815
sign	5.025964420170368	4.991571503232329	5.105122977088573
preserve	5.106345337973466	4.937762738258913	5.150027972957113
commerce	5.114604101739008	4.976678042980447	5.255484119846886
plant	5.09786358682255	4.80517300061528	4.988374919592793
walk	5.114178676111952	4.870033470481952	4.913947042299069
difference	5.068101449966299	4.960606242984663	5.1900847944039015
hang	4.940487907735391	4.904467994120528	4.825996694535546
following	5.2247079280854365	4.8806010007949485	5.21971470486286
employ	5.1136900489438935	4.928788923177424	5.182509812704232
