deal	5.049933871133167	5.011614976382972	5.11418252262104
study	5.28580244919021	4.90778673933717	5.251799645856381
afford	5.187076706792152	4.9473791970402825	5.224813958986512
service	5.185829112675999	5.01403950234891	5.290274402235024
height	5.072159331622087	4.897515177181403	5.054619441149052
prospect	5.1629953207137795	4.997866703677291	5.170658988564069
pleasant	5.238084447822185	4.8505147086603095	4.975960805986278
shade	5.130345221449702	4.866140717113512	4.954257355757471
listen	5.021954410337037	5.077914684913816	5.039174255715883
mighty	5.0004671944003976	5.051175651945127	5.0833690295850085
country	5.12623245440163	5.019083061657992	5.275170664476
title	5.220700418863017	4.966860634152917	5.345880803166721
choose	5.142080918012246	4.951201545863257	5.208643085286492
village	5.144881227576916	4.915618483582467	5.074574969973147
acquire	5.225565951803457	4.972316707109356	5.306102101134425
rank	5.134174517369671	5.06401268635115	5.2799103545907276
bow	5.04957312615226	4.980431158238942	4.991010803685134
doctor	5.011166551668825	4.989793839931218	5.011239732999135
talent	5.252124729710952	5.020435438639383	5.330051682657417
source	5.176948569809987	4.979063446171696	5.2570002064838635
lead	5.062025611715263	5.036236957069889	5.157130311583574
question	5.063663902140482	5.042797233622813	5.2714898205729
publish	5.234751747219171	4.941945759562056	5.336885943269674
interest	5.159312479319694	5.038661150583556	5.302815469330414
serve	5.0592616301344755	4.972986964295643	5.102826372809168
divine	5.1362955676095075	5.023395094549099	5.250657186360554
put	4.960615688559809	4.9395250440536556	4.958370678329767
shadow	5.049387385568727	4.941202037318869	4.994990889353525
practical	5.190045222923414	4.978012630990675	5.33430060628614
surface	5.067195461501982	4.829401601483609	4.967178902075894
account	5.105350153639542	4.986666037551093	5.207545790238514
loss	4.954786653389125	5.09878792878967	5.141610534307636
indian	4.972348603049977	5.0429167966158435	5.12373400297417
vine	5.140655826413571	4.80326745193975	5.013738880952386
certain	5.054641927131601	5.029418949933258	5.2148061597269955
sin	4.875467989786766	5.135134059993231	5.097355492788597
necessity	5.0157020171761655	5.0806491073191395	5.267573421952447
lose	4.989041385227169	5.066425531911813	5.066731419428581
private	5.1104917197540844	5.056696482106151	5.2921128748306545
gentleman	5.1533084118924695	4.958004316712768	5.12500563703237
daughter	5.052142516597236	5.055307725729136	5.080472667238712
drive	4.843896913824043	5.108788274639018	4.970801787978226
strange	4.9656331529593665	5.058789167216341	4.972991712266177
journey	5.141592163350704	4.945964041632602	5.0549523784045025
uncle	5.116540668072736	4.938169893774384	5.018306853212102
species	5.055387448445589	4.952214354638777	5.14429939020512
think	5.039929574035332	5.032583418973562	5.076142134397546
bed	4.994063369717496	4.857434916250828	4.820576437280036
wind	4.937848056570437	4.978388016717679	4.8933084950959165
bless	5.08338684671553	4.974802210834682	5.0135388376012315
destroy	4.8881750191431985	5.107730890923557	5.1217908778495245
author	5.218511341339006	4.990055247483351	5.295577010980517
sustain	5.050656108294364	5.0623637418291505	5.262408309323173
black	4.954365351549892	4.890213970591152	4.857437724089579
event	5.088727200257435	5.09255408004541	5.276563416474938
liberty	5.080324367573991	5.115316189359053	5.323321711902401
negro	4.946245906809485	4.973132142430497	4.984435628161386
little	5.110784427833945	4.9066369726160355	5.008622986336466
fortune	5.093739346200489	5.0763942568255525	5.175917377931667
touch	5.050029152460121	4.9895761231685665	5.020610322217147
kill	4.779036367176636	5.101821480253881	4.91052654599034
feature	5.11116181356544	4.9658717271811845	5.102413818179594
happiness	5.133617728813496	5.075115913599982	5.23418478091772
assume	5.083452142557065	5.0358143212578765	5.219062699832395
notion	5.085519673991473	4.988815197931717	5.162558335621224
purchase	5.169262476391752	4.880860926547951	5.159146482389619
faithful	5.13791399420352	5.063126391168865	5.236321245049639
soldier	4.917600388383532	5.170728215858168	5.102974797874539
father	4.993417815903817	5.066465786033733	5.065820213581147
narrow	5.010121947875358	4.921002092375686	5.013487835550687
great	5.119604841770099	5.016660719416982	5.244831143420823
tear	4.909237212444381	5.0306065800997235	4.891196233903048
honorable	5.142183983698649	5.1092181659736715	5.364989432415095
previous	5.105137675764075	4.976960816487652	5.206952239515904
good	5.1031757852954245	4.994181855339975	5.127100768883505
domestic	5.161349146497738	4.962126245471846	5.196545740914674
glory	5.15717934769568	5.028218047806628	5.187805135600926
lay	4.994770090202521	4.925923640642552	4.964945072606861
occasion	5.078823877759786	5.060610891594556	5.215247812916166
guard	4.912860793837976	5.124361281564345	5.095889528084361
whole	5.070436481817707	4.970582258908753	5.153256237139736
mouth	4.9686824428696275	4.90718284508821	4.860882473037365
receive	5.1457667523079635	4.984007153598404	5.225120818925384
take	5.015661259029632	4.985857060320293	5.067300188363771
simple	5.175205552351842	4.910180825660186	5.152410756091038
error	4.992894366920185	5.101457460662434	5.265748183682608
wisdom	5.110439805078849	5.084309977812177	5.278190697952632
rock	4.961237170720208	4.925697157063123	4.9086148753485785
decide	5.073758916196164	5.072968726492282	5.307274525488343
exclaim	4.911537802401562	5.077822727476928	4.911224004491651
assure	5.076959696161774	5.06879508269055	5.169578530699133
sign	5.039587039537017	4.990302137041499	5.121877762928797
preserve	5.129718874890988	4.943627984469341	5.174050757493223
commerce	5.1373030771644865	4.980391910171088	5.278955473336562
plant	5.116103405845042	4.818209094350565	5.008277759673831
walk	5.129404757313439	4.876590211820415	4.923689028794194
difference	5.096286872731429	4.959548311306208	5.214174944784343
hang	4.951664138097194	4.914702890809857	4.83857638380289
following	5.241581818712415	4.87654472897601	5.234337449804566
employ	5.135139814699812	4.932106709028796	5.204023553173455
