deal	5.049394911720559	5.016852635196854	5.111881896258018
study	5.286969276045966	4.917254818039686	5.252994405385426
afford	5.185878178561289	4.9536494219955785	5.222961184647725
service	5.176802099399068	5.03137829568759	5.288482083898986
height	5.072453720341918	4.882433385101501	5.052083493526695
prospect	5.16587673082632	4.999970482703249	5.175530892447975
pleasant	5.247725133222039	4.847726286636674	4.98715819018003
shade	5.137931055338476	4.852827477759415	4.962812179548672
listen	5.026367077895281	5.075915708487526	5.046564293376963
mighty	5.005091383050978	5.042584024936426	5.092279618753601
country	5.121436281667544	5.025410471693347	5.273717207129355
title	5.219665484936687	4.980328712636242	5.347121362062927
choose	5.138483185079474	4.9630257093842465	5.211965557432492
village	5.142690422078872	4.913534934585043	5.077002408949899
acquire	5.223970098700778	4.982684350001263	5.306461267033479
rank	5.126929061734357	5.072572820528189	5.278188052845283
bow	5.050097497566327	4.976454017499446	4.994813372988977
doctor	5.008837537952082	4.992440952362315	5.008045866125786
talent	5.25294895509542	5.030891141188222	5.3284461388063455
source	5.183206438386952	4.981401753254617	5.262114394637815
lead	5.054706152931338	5.039558827445334	5.156064033898539
question	5.060168947963737	5.050514646722929	5.268602125714611
publish	5.235970788411712	4.9496396320400535	5.334775412122677
interest	5.158581010051554	5.045980193929077	5.299515510955618
serve	5.050987710747465	4.979269592722717	5.100659194940597
divine	5.142532101974484	5.0279847051208835	5.26123698962336
put	4.953888453183106	4.940652892478941	4.955428533596337
shadow	5.0564226206965674	4.929052751943389	5.004301877583066
practical	5.189359197918584	4.985064563728146	5.3312465847955215
surface	5.07299621519052	4.8104430754625165	4.967725632591756
account	5.100378364400169	4.993480170209466	5.200070427522431
loss	4.948049120268428	5.104062568072397	5.136197775815785
indian	4.95995129663203	5.0458991526223365	5.122050676114821
vine	5.142057228562073	4.79565982966744	5.013638739525118
certain	5.05091829109902	5.035492744823878	5.214550158037615
sin	4.873085671043654	5.137282111955673	5.102188193258754
necessity	5.006576182780732	5.0872361747101875	5.262001531084822
lose	4.988420128071507	5.069284495844044	5.071102804493742
private	5.103400844269154	5.067213315368978	5.285172676620308
gentleman	5.147456462969265	4.967878716678669	5.119268733694392
daughter	5.045916161704953	5.062864959529135	5.081974576533085
drive	4.833230750581157	5.105595881026345	4.969544688977354
strange	4.969625720091642	5.053925979661984	4.98120465547563
journey	5.140720128605223	4.948565022791194	5.058468100728377
uncle	5.115390079029351	4.947253197880575	5.019471745311862
species	5.057180315355932	4.9475885548103244	5.142246894802412
think	5.040626166010361	5.038738880906431	5.079118943276972
bed	4.997180291255293	4.845731001745966	4.824713391800032
wind	4.941170434097324	4.96311812087015	4.900118513450894
bless	5.089032690103712	4.978127112851031	5.028412997427614
destroy	4.878573147898476	5.10906018682265	5.121557734778019
author	5.220442425218795	4.998795000494745	5.29520286163432
sustain	5.044686401253335	5.065428690147973	5.258893138147939
black	4.948211927629611	4.878520567192663	4.856468973468515
event	5.0844924736874315	5.095840766694401	5.275071353178341
liberty	5.073008797935044	5.123757315421268	5.322877030128648
negro	4.934795931865684	4.9736764051437765	4.979003868332448
little	5.110824516066422	4.908523430110206	5.009461823629758
fortune	5.089428902361151	5.088313408183988	5.175762343126909
touch	5.055181486119483	4.985295969766474	5.025783831190672
kill	4.765151074786716	5.105032874562404	4.90948917670167
feature	5.114439922628241	4.957307002345538	5.103848773726857
happiness	5.1349483408937715	5.081002070813253	5.2378118387133235
assume	5.078448277586648	5.039768930353953	5.216529358097801
notion	5.084165599590825	4.994202336863513	5.158799989457573
purchase	5.166083264582509	4.893086533595455	5.158754450531727
faithful	5.133987829358018	5.07663562963622	5.240083139199732
soldier	4.901287502988864	5.175381772740165	5.099341041090338
father	4.987955155316812	5.073436140388435	5.069714517669161
narrow	5.008851090142634	4.908155566061994	5.012212933340333
great	5.118550419066677	5.02097017321868	5.244048701732553
tear	4.911179869956553	5.021950202688343	4.899473856320519
honorable	5.133322684211756	5.127314161184359	5.361281054489183
previous	5.098567054473919	4.981105244746976	5.202265934437555
good	5.099521514472277	5.006909679182017	5.128614501103308
domestic	5.158695793958718	4.967116096741215	5.19405623679223
glory	5.165867273392116	5.028879077960642	5.202694192469519
lay	4.993527066085207	4.919879573445784	4.967441965326465
occasion	5.072685178477253	5.065487323147619	5.209281798073069
guard	4.896959427204663	5.12830847157631	5.0915786091280735
whole	5.0686736825013	4.967903093483577	5.152678660966014
mouth	4.971030123873923	4.892440336034387	4.863051407320014
receive	5.1413833949089005	4.99629758499036	5.224666734193466
take	5.007576000645605	4.992017737336886	5.064525488248572
simple	5.180496230297454	4.908803396291568	5.154924055052766
error	4.987725768760005	5.107182456655206	5.26200556275438
wisdom	5.111786396047024	5.092638742667872	5.284547120376945
rock	4.965421829962794	4.905251368080204	4.91369541721473
decide	5.067966698495015	5.081883229237078	5.303749781093401
exclaim	4.910255192520773	5.073359101147924	4.913492957541343
assure	5.0717693147527685	5.079450616559184	5.168302188518132
sign	5.039695056109474	4.992707002753343	5.126623454746681
preserve	5.125583898573072	4.946783614272377	5.172873005350393
commerce	5.136193275864708	4.983192809159676	5.278639160226897
plant	5.116750355313361	4.810089967578002	5.009623785582322
walk	5.132486108781536	4.872895112791206	4.93012818949056
difference	5.092524369709452	4.961807273968305	5.208084423517305
hang	4.95337010202552	4.904931473797843	4.844152014015806
following	5.24212110630668	4.8818693363637715	5.233745326552207
employ	5.130429420516135	4.937462423709595	5.1995072610886615
