deal	5.049495997584527	4.994753241476179	5.103393393087443
study	5.281223950484882	4.898398910776523	5.250641750712437
afford	5.18536631035622	4.931851922349557	5.217361390674685
service	5.188998221878407	5.007147870763105	5.2883516678889935
height	5.0721842092053535	4.857228573060826	5.026032260058158
prospect	5.156912108660247	4.976780829274882	5.158015219440406
pleasant	5.231039603028104	4.832882114587771	4.967696792707578
shade	5.125038928942105	4.836290831559094	4.938877840324377
listen	5.01829729547013	5.060070774052468	5.03105428073699
mighty	5.001218036661965	5.019293240349894	5.067902368219959
country	5.129942815948848	5.000351861377846	5.269709538136609
title	5.231760897139032	4.955790955400719	5.347740796230919
choose	5.145468425819174	4.941717844491111	5.202617047438297
village	5.1456197709025675	4.898359233560454	5.066106271644471
acquire	5.225626361380128	4.9595646464893335	5.303216674588083
rank	5.139461078782511	5.047343258198993	5.275880087487768
bow	5.0512120127194935	4.953628327040367	4.976311043315295
doctor	5.009233487989632	4.975760768091222	5.000639299652271
talent	5.254958428057973	5.007316477377274	5.329621207584855
source	5.176308626372928	4.956883896632375	5.2510633034066965
lead	5.054797846696835	5.0189533599569724	5.145093620728049
question	5.069334301791942	5.0286474938121035	5.265752223915956
publish	5.247367890136128	4.927248630484128	5.335881845150423
interest	5.160572344223806	5.023041486236803	5.298663064378246
serve	5.058165522928132	4.956153446627785	5.0897413558070745
divine	5.134823579788675	5.006255508343384	5.250519268277704
put	4.963327233343601	4.916206971785509	4.936670737214323
shadow	5.043276831926921	4.911583507893129	4.976995317680864
practical	5.193367428535044	4.9623234729253385	5.331160346399111
surface	5.068612061193378	4.7896134054966355	4.939931439752228
account	5.107418789203016	4.970393756086073	5.19712713539274
loss	4.952480437866133	5.0806996885110385	5.127138335469064
indian	4.980924614853699	5.022842148621374	5.11273187542522
vine	5.137120500226561	4.777136758046297	4.991790264566236
certain	5.055658386148736	5.015146307642941	5.208668690677576
sin	4.8645993534818945	5.119421495758504	5.088189569823781
necessity	5.017595272934018	5.0645355714965055	5.259284141727768
lose	4.980351826759633	5.046344754082163	5.050912727066662
private	5.112037604519588	5.045378740712706	5.28670808736777
gentleman	5.156415509419586	4.949376071552044	5.120566792847702
daughter	5.041255463058887	5.047087214442678	5.074610770548018
drive	4.839202582356425	5.082332337054636	4.948743565904358
strange	4.957766273223509	5.0396238723593845	4.962271674867721
journey	5.134250576336794	4.9280423751550915	5.039253704799432
uncle	5.107051744858264	4.928754656188596	5.004668261676242
species	5.0624486488267335	4.924320181114793	5.130683838495602
think	5.032314177014973	5.020330493189612	5.065432958326479
bed	4.989208959706659	4.831461901661262	4.800725742363506
wind	4.934854871706386	4.941985284964799	4.866960332147367
bless	5.074286140116362	4.959900078133046	5.005516587562358
destroy	4.885380114222727	5.085804258958331	5.108226508579217
author	5.222310855732055	4.976253456969979	5.296295586017488
sustain	5.053162129838065	5.0398902317035	5.2515073926250695
black	4.958961950186981	4.856984814926034	4.836344751470243
event	5.087873925698564	5.0762354905031195	5.269466104363004
liberty	5.085412403472894	5.098743354852066	5.321269247827692
negro	4.948014988649654	4.9565094325235375	4.972918964833162
little	5.106662388241861	4.889809400380361	4.996714493891624
fortune	5.085534880481186	5.063341558153389	5.1663977686201425
touch	5.04820899702067	4.966917938742381	5.009037651494056
kill	4.774673882226886	5.085687140238952	4.890219692013987
feature	5.111260333403164	4.938522269282784	5.090311921693745
happiness	5.1247462347989465	5.061569882841426	5.230434102856496
assume	5.088210680071547	5.016582444175681	5.210470469342706
notion	5.0851403034487435	4.974767394088508	5.154097251437529
purchase	5.1696878115384814	4.868690315258608	5.14939248659379
faithful	5.133024611792203	5.0564700750227765	5.2362896679741215
soldier	4.918838204930809	5.150743014989643	5.087848912982476
father	4.9858328907361	5.0571339716185415	5.05980232838921
narrow	5.007470536513488	4.888032706457114	4.990927218237661
great	5.123144672637568	4.995522397895709	5.236490416504842
tear	4.902164927798712	5.002783591436069	4.873073913594657
honorable	5.144409858345394	5.102286691829471	5.36516115248964
previous	5.107529701004183	4.960905743502378	5.195851408045218
good	5.098683565796218	4.984604375636851	5.119756951824221
domestic	5.16178847913975	4.946556173781317	5.193349262755742
glory	5.156220177922437	5.000953368950586	5.178004045584464
lay	4.995465943549848	4.8963975178380625	4.945004124521676
occasion	5.082861105281713	5.044825491331204	5.208359318914431
guard	4.9097370032378675	5.105373946391409	5.078334446110426
whole	5.0761337164427625	4.9441451894982364	5.140439998781717
mouth	4.975839011703468	4.8688580067575895	4.835497098979693
receive	5.14983896395347	4.974026131406262	5.221265989198565
take	5.014215095230222	4.970727026178081	5.052305816343203
simple	5.176090854159285	4.891043122537672	5.1477874549017315
error	4.989308452928528	5.085079997504971	5.257267294030952
wisdom	5.107432208965096	5.0689113763948095	5.275573251195333
rock	4.962382293293474	4.884504311922109	4.881388623702641
decide	5.077866554309836	5.060818028281101	5.2999372124030755
exclaim	4.908346538927315	5.055107505647903	4.895519749734873
assure	5.07304939103669	5.058061530457599	5.160563747824766
sign	5.044973636515814	4.9734423592604005	5.113512644695486
preserve	5.131244207549206	4.921165367213464	5.162412380829271
commerce	5.146794554647063	4.952988278528286	5.267432699032704
plant	5.113980865896093	4.79197289951657	4.990759568082108
walk	5.120016642671067	4.858347709580813	4.909314939846032
difference	5.100118374576081	4.942254953156816	5.205466990901385
hang	4.947704744974646	4.886380479149001	4.816724542083063
following	5.2495801756392915	4.862526370531229	5.229753552807908
employ	5.139021802558366	4.912464451944567	5.192752020853708
